spike times	Vanne1 ON	Vanne1 OFF
11.9210	900.0344	902.0346
16.5238	NA	NA
45.6297	NA	NA
64.1035	NA	NA
129.0953	NA	NA
134.5300	NA	NA
150.4915	NA	NA
150.5193	NA	NA
150.5508	NA	NA
165.3765	NA	NA
177.9281	NA	NA
214.9173	NA	NA
239.8919	NA	NA
249.7852	NA	NA
249.8001	NA	NA
249.8140	NA	NA
261.4359	NA	NA
261.6516	NA	NA
302.4870	NA	NA
302.5021	NA	NA
302.5730	NA	NA
393.3989	NA	NA
401.5450	NA	NA
413.7513	NA	NA
461.4539	NA	NA
470.0586	NA	NA
506.3418	NA	NA
516.6606	NA	NA
560.1126	NA	NA
575.0025	NA	NA
575.0341	NA	NA
576.9877	NA	NA
591.1510	NA	NA
591.1760	NA	NA
599.7149	NA	NA
630.6410	NA	NA
657.9567	NA	NA
660.1429	NA	NA
665.2349	NA	NA
717.3635	NA	NA
724.4586	NA	NA
741.3999	NA	NA
744.7216	NA	NA
744.7396	NA	NA
803.2505	NA	NA
803.2660	NA	NA
803.2795	NA	NA
803.2922	NA	NA
803.3062	NA	NA
803.3261	NA	NA
803.3441	NA	NA
803.5260	NA	NA
803.6918	NA	NA
813.0472	NA	NA
819.2634	NA	NA
824.5946	NA	NA
824.6052	NA	NA
838.1675	NA	NA
838.1915	NA	NA
865.1927	NA	NA
865.2406	NA	NA
880.8613	NA	NA
880.8695	NA	NA
880.8778	NA	NA
880.8870	NA	NA
880.8957	NA	NA
880.9087	NA	NA
880.9286	NA	NA
880.9776	NA	NA
881.0793	NA	NA
881.3468	NA	NA
881.5148	NA	NA
881.6681	NA	NA
881.9713	NA	NA
881.9921	NA	NA
882.1720	NA	NA
882.1974	NA	NA
882.7507	NA	NA
882.7645	NA	NA
882.7803	NA	NA
887.0031	NA	NA
900.0593	NA	NA
900.0630	NA	NA
900.0665	NA	NA
900.0691	NA	NA
900.0734	NA	NA
900.0767	NA	NA
900.0801	NA	NA
900.0835	NA	NA
900.0868	NA	NA
900.0902	NA	NA
900.0938	NA	NA
900.0975	NA	NA
900.1012	NA	NA
900.1053	NA	NA
900.1095	NA	NA
900.1140	NA	NA
900.1185	NA	NA
900.1232	NA	NA
900.1282	NA	NA
900.1331	NA	NA
900.1389	NA	NA
900.1459	NA	NA
900.1538	NA	NA
900.1609	NA	NA
900.1673	NA	NA
900.1763	NA	NA
900.1826	NA	NA
900.1922	NA	NA
900.1985	NA	NA
900.2051	NA	NA
900.2134	NA	NA
900.2231	NA	NA
900.2325	NA	NA
900.2412	NA	NA
900.2552	NA	NA
900.2649	NA	NA
900.2730	NA	NA
900.2819	NA	NA
900.2962	NA	NA
900.3117	NA	NA
900.3255	NA	NA
900.3341	NA	NA
900.3506	NA	NA
900.3762	NA	NA
900.3920	NA	NA
900.4032	NA	NA
900.4177	NA	NA
900.4293	NA	NA
900.4455	NA	NA
900.4736	NA	NA
900.4924	NA	NA
900.5062	NA	NA
900.5351	NA	NA
900.5539	NA	NA
900.5652	NA	NA
900.5831	NA	NA
900.6144	NA	NA
900.6268	NA	NA
900.6354	NA	NA
900.6584	NA	NA
900.6878	NA	NA
900.6998	NA	NA
900.7138	NA	NA
900.7364	NA	NA
900.7558	NA	NA
900.7869	NA	NA
900.8003	NA	NA
900.8288	NA	NA
900.8449	NA	NA
900.8731	NA	NA
900.8839	NA	NA
900.8943	NA	NA
900.9112	NA	NA
900.9349	NA	NA
900.9499	NA	NA
900.9905	NA	NA
901.0161	NA	NA
901.0337	NA	NA
901.0661	NA	NA
901.0776	NA	NA
901.1092	NA	NA
901.1410	NA	NA
901.1507	NA	NA
901.1675	NA	NA
901.1914	NA	NA
901.2123	NA	NA
901.2268	NA	NA
901.2495	NA	NA
901.2813	NA	NA
901.3303	NA	NA
901.3432	NA	NA
901.3613	NA	NA
901.3866	NA	NA
901.4488	NA	NA
901.4697	NA	NA
901.5348	NA	NA
901.5599	NA	NA
901.5790	NA	NA
901.6152	NA	NA
901.6316	NA	NA
901.7059	NA	NA
901.7455	NA	NA
901.7993	NA	NA
901.8388	NA	NA
901.8975	NA	NA
901.9516	NA	NA
901.9954	NA	NA
902.0238	NA	NA
902.6914	NA	NA
903.0766	NA	NA
903.1241	NA	NA
903.8726	NA	NA
904.3412	NA	NA
904.3933	NA	NA
904.4274	NA	NA
904.8061	NA	NA
904.9721	NA	NA
905.4297	NA	NA
905.4443	NA	NA
905.5664	NA	NA
905.9108	NA	NA
905.9540	NA	NA
906.1845	NA	NA
906.3226	NA	NA
906.4562	NA	NA
906.5224	NA	NA
906.7977	NA	NA
907.4409	NA	NA
907.6547	NA	NA
907.6664	NA	NA
908.1052	NA	NA
908.1661	NA	NA
908.4783	NA	NA
908.9322	NA	NA
909.1395	NA	NA
909.3663	NA	NA
909.4026	NA	NA
909.4156	NA	NA
909.7108	NA	NA
909.7347	NA	NA
909.7504	NA	NA
909.8278	NA	NA
909.9938	NA	NA
910.3198	NA	NA
910.3676	NA	NA
910.3898	NA	NA
910.6340	NA	NA
910.9201	NA	NA
910.9535	NA	NA
910.9922	NA	NA
911.4057	NA	NA
911.5487	NA	NA
911.5628	NA	NA
911.5969	NA	NA
911.9999	NA	NA
912.0112	NA	NA
912.4165	NA	NA
912.8238	NA	NA
913.2336	NA	NA
913.6130	NA	NA
913.7120	NA	NA
913.9521	NA	NA
914.6519	NA	NA
914.9095	NA	NA
915.1426	NA	NA
915.5571	NA	NA
916.0062	NA	NA
916.3272	NA	NA
916.7086	NA	NA
916.8911	NA	NA
917.2479	NA	NA
917.4382	NA	NA
918.1955	NA	NA
918.3374	NA	NA
918.4177	NA	NA
918.6438	NA	NA
918.7659	NA	NA
918.8309	NA	NA
919.0948	NA	NA
919.1076	NA	NA
919.6533	NA	NA
919.6734	NA	NA
919.7473	NA	NA
919.7691	NA	NA
920.1892	NA	NA
920.2061	NA	NA
920.2243	NA	NA
920.3781	NA	NA
920.7288	NA	NA
921.8235	NA	NA
921.9004	NA	NA
922.1423	NA	NA
922.7714	NA	NA
922.8012	NA	NA
923.2081	NA	NA
923.2864	NA	NA
924.1934	NA	NA
925.2933	NA	NA
925.3168	NA	NA
925.3901	NA	NA
925.5552	NA	NA
925.5783	NA	NA
925.6117	NA	NA
925.9154	NA	NA
926.6639	NA	NA
927.1053	NA	NA
927.1524	NA	NA
927.5735	NA	NA
927.6043	NA	NA
927.6234	NA	NA
927.8615	NA	NA
928.1916	NA	NA
928.4158	NA	NA
928.8626	NA	NA
929.0854	NA	NA
929.2507	NA	NA
929.6787	NA	NA
929.6966	NA	NA
930.0216	NA	NA
930.0447	NA	NA
930.1956	NA	NA
930.2712	NA	NA
930.8038	NA	NA
930.9228	NA	NA
930.9395	NA	NA
931.5062	NA	NA
931.5164	NA	NA
931.9424	NA	NA
932.1013	NA	NA
932.4268	NA	NA
932.4344	NA	NA
932.8517	NA	NA
933.1996	NA	NA
934.0383	NA	NA
934.1726	NA	NA
934.1892	NA	NA
934.2778	NA	NA
934.5682	NA	NA
934.6034	NA	NA
934.6188	NA	NA
934.6334	NA	NA
934.6484	NA	NA
935.0847	NA	NA
935.2986	NA	NA
935.5057	NA	NA
936.3977	NA	NA
936.6372	NA	NA
936.6585	NA	NA
936.6765	NA	NA
937.2174	NA	NA
937.5677	NA	NA
937.7538	NA	NA
938.3509	NA	NA
938.6611	NA	NA
939.0221	NA	NA
939.4690	NA	NA
939.8847	NA	NA
939.8932	NA	NA
940.1765	NA	NA
940.5034	NA	NA
940.9270	NA	NA
940.9912	NA	NA
942.0967	NA	NA
942.1643	NA	NA
942.5389	NA	NA
942.7622	NA	NA
943.1012	NA	NA
943.5384	NA	NA
943.5708	NA	NA
943.7534	NA	NA
943.9266	NA	NA
944.5693	NA	NA
944.9562	NA	NA
945.1751	NA	NA
945.3932	NA	NA
945.4111	NA	NA
945.7338	NA	NA
945.9419	NA	NA
945.9654	NA	NA
946.2709	NA	NA
946.2873	NA	NA
946.7578	NA	NA
948.2664	NA	NA
948.5292	NA	NA
949.7593	NA	NA
949.7991	NA	NA
950.4949	NA	NA
950.5175	NA	NA
950.6324	NA	NA
950.7498	NA	NA
952.6260	NA	NA
953.4523	NA	NA
953.8814	NA	NA
954.1051	NA	NA
954.2703	NA	NA
954.2791	NA	NA
954.2949	NA	NA
954.3058	NA	NA
954.6471	NA	NA
954.6666	NA	NA
954.8020	NA	NA
955.3974	NA	NA
955.4296	NA	NA
955.5261	NA	NA
956.1264	NA	NA
956.1858	NA	NA
956.9798	NA	NA
957.0041	NA	NA
957.3100	NA	NA
957.3415	NA	NA
957.9666	NA	NA
958.1036	NA	NA
959.0793	NA	NA
959.7746	NA	NA
959.9274	NA	NA
960.5210	NA	NA
960.6518	NA	NA
960.7563	NA	NA
960.8735	NA	NA
961.3258	NA	NA
961.9007	NA	NA
961.9226	NA	NA
962.9718	NA	NA
963.0020	NA	NA
963.2498	NA	NA
963.2827	NA	NA
963.3061	NA	NA
963.6556	NA	NA
963.9950	NA	NA
964.0140	NA	NA
964.7884	NA	NA
965.5812	NA	NA
965.6601	NA	NA
966.0220	NA	NA
966.5375	NA	NA
967.2255	NA	NA
967.2316	NA	NA
967.7485	NA	NA
969.1188	NA	NA
969.1415	NA	NA
969.1656	NA	NA
969.2432	NA	NA
969.2751	NA	NA
969.7715	NA	NA
969.9070	NA	NA
969.9173	NA	NA
970.0088	NA	NA
970.3970	NA	NA
970.7901	NA	NA
971.1372	NA	NA
971.4534	NA	NA
971.4976	NA	NA
971.8517	NA	NA
971.8708	NA	NA
972.4951	NA	NA
972.6087	NA	NA
972.6530	NA	NA
972.9413	NA	NA
973.0439	NA	NA
973.4211	NA	NA
973.4437	NA	NA
973.4871	NA	NA
973.5509	NA	NA
973.9829	NA	NA
974.0079	NA	NA
974.1912	NA	NA
974.6889	NA	NA
974.8869	NA	NA
975.4484	NA	NA
975.5388	NA	NA
976.9913	NA	NA
977.3548	NA	NA
978.4728	NA	NA
978.5787	NA	NA
978.5885	NA	NA
979.1038	NA	NA
979.1174	NA	NA
979.1366	NA	NA
979.4967	NA	NA
980.5130	NA	NA
980.7174	NA	NA
981.1076	NA	NA
981.2253	NA	NA
981.9528	NA	NA
982.8558	NA	NA
983.0212	NA	NA
983.4633	NA	NA
983.8181	NA	NA
984.4711	NA	NA
984.4986	NA	NA
985.1358	NA	NA
985.8399	NA	NA
985.8492	NA	NA
987.0468	NA	NA
987.3492	NA	NA
987.9275	NA	NA
987.9418	NA	NA
987.9541	NA	NA
987.9695	NA	NA
988.5470	NA	NA
988.5636	NA	NA
988.8418	NA	NA
988.9799	NA	NA
989.0458	NA	NA
989.0834	NA	NA
989.6739	NA	NA
989.6850	NA	NA
989.7597	NA	NA
990.4947	NA	NA
990.8416	NA	NA
991.0940	NA	NA
991.4671	NA	NA
991.4827	NA	NA
991.5507	NA	NA
991.5646	NA	NA
991.8727	NA	NA
991.8975	NA	NA
992.5370	NA	NA
992.5600	NA	NA
992.5706	NA	NA
992.6996	NA	NA
992.8809	NA	NA
993.0293	NA	NA
993.0434	NA	NA
993.3482	NA	NA
993.4660	NA	NA
993.6269	NA	NA
994.6881	NA	NA
994.7428	NA	NA
994.8415	NA	NA
995.0412	NA	NA
996.0427	NA	NA
997.3007	NA	NA
997.3211	NA	NA
997.5823	NA	NA
997.5977	NA	NA
998.3868	NA	NA
998.4009	NA	NA
998.5171	NA	NA
999.1159	NA	NA
999.7989	NA	NA
999.8907	NA	NA
1000.2633	NA	NA
1001.0060	NA	NA
1002.0622	NA	NA
1002.0923	NA	NA
1002.3115	NA	NA
1002.5025	NA	NA
1003.1436	NA	NA
1003.4878	NA	NA
1003.8410	NA	NA
1004.0861	NA	NA
1004.5441	NA	NA
1004.5607	NA	NA
1004.8822	NA	NA
1004.9155	NA	NA
1005.4602	NA	NA
1006.3199	NA	NA
1006.6461	NA	NA
1006.6628	NA	NA
1007.6532	NA	NA
1008.0959	NA	NA
1008.1296	NA	NA
1008.5880	NA	NA
1009.0735	NA	NA
1009.3811	NA	NA
1010.5418	NA	NA
1011.0578	NA	NA
1011.1148	NA	NA
1012.5393	NA	NA
1012.7113	NA	NA
1014.3556	NA	NA
1014.8751	NA	NA
1015.3350	NA	NA
1015.6624	NA	NA
1016.4644	NA	NA
1016.6540	NA	NA
1016.7899	NA	NA
1016.9065	NA	NA
1016.9336	NA	NA
1017.2875	NA	NA
1017.3000	NA	NA
1017.9562	NA	NA
1018.5132	NA	NA
1019.2952	NA	NA
1019.4812	NA	NA
1019.5183	NA	NA
1020.7347	NA	NA
1021.3022	NA	NA
1021.7913	NA	NA
1022.3411	NA	NA
1022.9483	NA	NA
1023.5269	NA	NA
1024.4905	NA	NA
1024.5041	NA	NA
1024.5230	NA	NA
1025.0512	NA	NA
1025.0703	NA	NA
1025.3037	NA	NA
1025.3356	NA	NA
1026.1585	NA	NA
1027.3906	NA	NA
1027.9176	NA	NA
1028.3957	NA	NA
1028.5171	NA	NA
1029.2971	NA	NA
1030.0905	NA	NA
1030.3506	NA	NA
1030.5177	NA	NA
1030.6365	NA	NA
1031.6489	NA	NA
1031.9244	NA	NA
1032.0263	NA	NA
1032.0436	NA	NA
1032.8106	NA	NA
1032.9206	NA	NA
1032.9639	NA	NA
1033.1487	NA	NA
1033.7831	NA	NA
1033.8013	NA	NA
1034.0881	NA	NA
1034.1301	NA	NA
1034.4392	NA	NA
1034.7078	NA	NA
1035.7282	NA	NA
1035.8163	NA	NA
1035.8279	NA	NA
1035.8521	NA	NA
1036.3179	NA	NA
1036.3505	NA	NA
1036.8160	NA	NA
1036.8529	NA	NA
1037.2164	NA	NA
1037.6403	NA	NA
1037.6540	NA	NA
1037.6685	NA	NA
1037.8634	NA	NA
1038.2431	NA	NA
1038.7354	NA	NA
1038.8518	NA	NA
1038.9728	NA	NA
1039.3255	NA	NA
1039.8816	NA	NA
1039.8970	NA	NA
1039.9294	NA	NA
1039.9476	NA	NA
1040.8854	NA	NA
1041.6418	NA	NA
1041.6620	NA	NA
1042.0421	NA	NA
1043.8075	NA	NA
1043.8885	NA	NA
1044.1854	NA	NA
1044.3004	NA	NA
1044.6721	NA	NA
1044.6900	NA	NA
1044.8488	NA	NA
1044.8612	NA	NA
1044.9525	NA	NA
1045.1916	NA	NA
1045.2060	NA	NA
1046.0007	NA	NA
1046.2733	NA	NA
1046.2943	NA	NA
1046.3556	NA	NA
1047.2572	NA	NA
1048.3727	NA	NA
1048.5360	NA	NA
1049.3876	NA	NA
1049.4134	NA	NA
1050.0319	NA	NA
1050.2988	NA	NA
1050.7420	NA	NA
1050.7592	NA	NA
1051.2224	NA	NA
1051.2447	NA	NA
1051.6076	NA	NA
1052.2981	NA	NA
1052.5857	NA	NA
1052.8901	NA	NA
1053.3979	NA	NA
1053.5925	NA	NA
1053.6175	NA	NA
1054.5715	NA	NA
1054.8217	NA	NA
1055.3918	NA	NA
1055.7015	NA	NA
1055.7235	NA	NA
1055.7406	NA	NA
1056.1153	NA	NA
1056.1291	NA	NA
1056.1474	NA	NA
1057.4070	NA	NA
1057.4354	NA	NA
1057.8209	NA	NA
1057.8591	NA	NA
1058.0425	NA	NA
1058.0763	NA	NA
1059.4362	NA	NA
1059.4447	NA	NA
1059.4632	NA	NA
1059.4758	NA	NA
1059.6218	NA	NA
1059.9430	NA	NA
1059.9532	NA	NA
1060.8010	NA	NA
1060.8484	NA	NA
1060.9080	NA	NA
1060.9306	NA	NA
1061.1899	NA	NA
1061.4486	NA	NA
1061.4760	NA	NA
1062.9594	NA	NA
1063.0155	NA	NA
1063.0712	NA	NA
1063.3720	NA	NA
1065.6808	NA	NA
1065.7469	NA	NA
1066.0198	NA	NA
1066.0380	NA	NA
1066.5307	NA	NA
1066.6066	NA	NA
1067.1956	NA	NA
1067.5228	NA	NA
1067.7667	NA	NA
1068.6543	NA	NA
1069.3119	NA	NA
1069.5043	NA	NA
1070.0320	NA	NA
1070.0587	NA	NA
1070.0744	NA	NA
1070.5513	NA	NA
1071.2156	NA	NA
1071.6726	NA	NA
1072.3075	NA	NA
1073.1304	NA	NA
1073.8125	NA	NA
1073.8334	NA	NA
1073.9188	NA	NA
1073.9636	NA	NA
1074.5305	NA	NA
1074.5426	NA	NA
1074.7728	NA	NA
1075.2385	NA	NA
1075.6271	NA	NA
1075.8707	NA	NA
1075.9639	NA	NA
1076.3249	NA	NA
1076.5211	NA	NA
1077.0319	NA	NA
1077.0882	NA	NA
1077.8638	NA	NA
1078.5848	NA	NA
1079.2982	NA	NA
1079.5648	NA	NA
1079.5823	NA	NA
1079.7450	NA	NA
1079.9704	NA	NA
1079.9858	NA	NA
1080.0052	NA	NA
1080.0179	NA	NA
1080.9511	NA	NA
1081.4209	NA	NA
1081.5541	NA	NA
1081.6747	NA	NA
1081.6882	NA	NA
1081.8867	NA	NA
1082.8634	NA	NA
1082.8738	NA	NA
1082.8913	NA	NA
1083.2967	NA	NA
1083.3142	NA	NA
1083.5997	NA	NA
1084.4874	NA	NA
1084.9578	NA	NA
1085.1199	NA	NA
1085.1456	NA	NA
1085.2287	NA	NA
1085.3775	NA	NA
1085.9784	NA	NA
1086.1249	NA	NA
1086.5639	NA	NA
1086.9230	NA	NA
1087.0771	NA	NA
1087.1029	NA	NA
1087.2463	NA	NA
1087.3884	NA	NA
1088.4942	NA	NA
1089.2189	NA	NA
1089.2327	NA	NA
1089.2472	NA	NA
1089.7327	NA	NA
1090.0253	NA	NA
1090.0657	NA	NA
1091.8131	NA	NA
1092.5099	NA	NA
1092.5429	NA	NA
1093.1336	NA	NA
1093.1504	NA	NA
1093.1776	NA	NA
1093.1902	NA	NA
1093.4076	NA	NA
1093.4408	NA	NA
1094.5211	NA	NA
1095.4072	NA	NA
1096.1011	NA	NA
1097.0178	NA	NA
1097.2474	NA	NA
1097.3409	NA	NA
1097.3521	NA	NA
1097.3667	NA	NA
1098.5380	NA	NA
1098.9411	NA	NA
1099.6761	NA	NA
1100.1021	NA	NA
1100.1178	NA	NA
1100.2800	NA	NA
1100.4280	NA	NA
1100.6218	NA	NA
1100.6622	NA	NA
1100.8460	NA	NA
1101.1042	NA	NA
1101.2134	NA	NA
1101.2282	NA	NA
1103.0512	NA	NA
1103.0747	NA	NA
1103.2351	NA	NA
1103.5859	NA	NA
1103.6022	NA	NA
1104.0089	NA	NA
1104.4656	NA	NA
1104.8992	NA	NA
1104.9197	NA	NA
1105.2678	NA	NA
1105.9706	NA	NA
1105.9868	NA	NA
1106.1944	NA	NA
1106.5539	NA	NA
1106.5974	NA	NA
1107.1906	NA	NA
1107.1996	NA	NA
1107.2107	NA	NA
1108.0234	NA	NA
1108.0400	NA	NA
1108.6686	NA	NA
1108.7853	NA	NA
1109.0889	NA	NA
1109.4083	NA	NA
1109.4289	NA	NA
1110.0897	NA	NA
1110.1075	NA	NA
1111.2336	NA	NA
1111.2458	NA	NA
1111.5878	NA	NA
1111.5984	NA	NA
1111.6286	NA	NA
1111.8635	NA	NA
1111.8972	NA	NA
1112.5351	NA	NA
1114.1344	NA	NA
1114.2311	NA	NA
1114.9531	NA	NA
1115.7102	NA	NA
1115.7248	NA	NA
1115.7418	NA	NA
1115.7604	NA	NA
1115.9485	NA	NA
1116.4493	NA	NA
1116.4824	NA	NA
1117.5645	NA	NA
1117.5793	NA	NA
1117.5913	NA	NA
1118.5701	NA	NA
1119.3830	NA	NA
1119.6261	NA	NA
1119.7328	NA	NA
1121.2692	NA	NA
1121.2910	NA	NA
1121.3229	NA	NA
1122.1753	NA	NA
1122.1890	NA	NA
1122.2025	NA	NA
1124.3133	NA	NA
1124.3240	NA	NA
1124.6591	NA	NA
1124.6948	NA	NA
1124.7330	NA	NA
1125.8819	NA	NA
1126.4634	NA	NA
1126.5062	NA	NA
1126.5704	NA	NA
1126.5885	NA	NA
1127.5577	NA	NA
1127.8280	NA	NA
1127.8649	NA	NA
1128.8599	NA	NA
1128.8831	NA	NA
1129.5853	NA	NA
1130.4705	NA	NA
1130.5319	NA	NA
1130.5429	NA	NA
1130.9374	NA	NA
1132.1004	NA	NA
1133.5307	NA	NA
1133.8177	NA	NA
1134.0925	NA	NA
1134.1697	NA	NA
1134.2090	NA	NA
1134.7380	NA	NA
1134.8468	NA	NA
1135.4857	NA	NA
1135.5888	NA	NA
1135.7114	NA	NA
1136.2225	NA	NA
1136.7878	NA	NA
1136.8037	NA	NA
1136.8546	NA	NA
1138.1125	NA	NA
1138.3143	NA	NA
1138.3292	NA	NA
1139.3300	NA	NA
1140.2695	NA	NA
1140.5945	NA	NA
1140.6083	NA	NA
1140.6594	NA	NA
1141.0572	NA	NA
1141.6045	NA	NA
1142.1027	NA	NA
1142.5378	NA	NA
1142.5477	NA	NA
1142.5769	NA	NA
1142.5991	NA	NA
1143.2537	NA	NA
1143.6842	NA	NA
1144.0538	NA	NA
1144.0815	NA	NA
1144.3502	NA	NA
1145.1735	NA	NA
1145.4000	NA	NA
1146.3001	NA	NA
1146.6679	NA	NA
1148.3654	NA	NA
1148.4029	NA	NA
1148.8430	NA	NA
1148.8735	NA	NA
1149.3825	NA	NA
1149.4064	NA	NA
1149.4388	NA	NA
1149.4464	NA	NA
1149.4887	NA	NA
1149.8064	NA	NA
1149.8328	NA	NA
1151.6420	NA	NA
1151.6732	NA	NA
1153.2360	NA	NA
1153.9241	NA	NA
1154.4345	NA	NA
1154.7061	NA	NA
1155.1531	NA	NA
1156.1726	NA	NA
1156.1924	NA	NA
1156.4116	NA	NA
1156.8364	NA	NA
1157.3256	NA	NA
1158.1028	NA	NA
1158.6499	NA	NA
1159.5040	NA	NA
1159.5212	NA	NA
1159.8343	NA	NA
1159.9157	NA	NA
1160.4371	NA	NA
1160.4751	NA	NA
1161.2283	NA	NA
1161.4938	NA	NA
1161.5095	NA	NA
1161.5854	NA	NA
1161.7024	NA	NA
1163.5484	NA	NA
1163.5727	NA	NA
1163.5871	NA	NA
1163.8411	NA	NA
1164.3920	NA	NA
1164.5318	NA	NA
1164.5837	NA	NA
1164.7841	NA	NA
1165.6716	NA	NA
1166.0905	NA	NA
1166.3101	NA	NA
1166.3841	NA	NA
1166.7585	NA	NA
1167.3854	NA	NA
1167.3989	NA	NA
1167.4119	NA	NA
1167.4256	NA	NA
1167.4591	NA	NA
1167.7686	NA	NA
1168.0001	NA	NA
1168.3022	NA	NA
1168.5592	NA	NA
1168.8668	NA	NA
1168.9152	NA	NA
1168.9619	NA	NA
1169.3332	NA	NA
1169.4711	NA	NA
1169.5476	NA	NA
1169.8224	NA	NA
1170.6467	NA	NA
1170.9633	NA	NA
1170.9771	NA	NA
1170.9979	NA	NA
1171.3060	NA	NA
1172.3203	NA	NA
1172.5376	NA	NA
1172.8112	NA	NA
1173.1362	NA	NA
1174.0494	NA	NA
1174.0676	NA	NA
1174.3721	NA	NA
1175.1276	NA	NA
1175.6893	NA	NA
1176.6445	NA	NA
1176.6882	NA	NA
1176.9558	NA	NA
1176.9742	NA	NA
1177.3561	NA	NA
1179.6270	NA	NA
1179.6850	NA	NA
1179.7047	NA	NA
1180.4201	NA	NA
1180.4412	NA	NA
1182.0793	NA	NA
1182.3496	NA	NA
1182.3635	NA	NA
1182.5711	NA	NA
1183.2681	NA	NA
1184.5111	NA	NA
1184.5209	NA	NA
1184.5317	NA	NA
1185.0200	NA	NA
1185.3322	NA	NA
1186.4400	NA	NA
1186.9182	NA	NA
1187.4489	NA	NA
1187.4640	NA	NA
1187.9446	NA	NA
1188.2659	NA	NA
1188.2789	NA	NA
1188.3317	NA	NA
1188.3754	NA	NA
1188.6455	NA	NA
1189.1312	NA	NA
1189.1390	NA	NA
1189.1586	NA	NA
1189.1800	NA	NA
1189.1985	NA	NA
1190.6900	NA	NA
1190.8536	NA	NA
1191.0104	NA	NA
1191.0457	NA	NA
1191.2688	NA	NA
1191.8535	NA	NA
1191.8689	NA	NA
1192.5930	NA	NA
1192.6158	NA	NA
1193.0583	NA	NA
1193.4422	NA	NA
1195.5181	NA	NA
1195.6969	NA	NA
1196.2958	NA	NA
1196.3076	NA	NA
1196.4658	NA	NA
1197.0905	NA	NA
1197.9435	NA	NA
1198.6181	NA	NA
1198.6362	NA	NA
1198.6690	NA	NA
1200.1741	NA	NA
1200.5315	NA	NA
1200.7937	NA	NA
1200.8074	NA	NA
1201.1894	NA	NA
1201.1990	NA	NA
1201.4549	NA	NA
1201.4671	NA	NA
1202.0344	NA	NA
1202.0525	NA	NA
1203.8006	NA	NA
1204.2100	NA	NA
1204.2272	NA	NA
1204.6495	NA	NA
1204.6617	NA	NA
1204.6880	NA	NA
1204.9010	NA	NA
1205.2321	NA	NA
1205.4619	NA	NA
1206.5301	NA	NA
1207.1978	NA	NA
1207.4843	NA	NA
1207.8455	NA	NA
1208.6840	NA	NA
1211.2430	NA	NA
1211.2537	NA	NA
1211.2747	NA	NA
1211.5431	NA	NA
1211.8120	NA	NA
1212.6074	NA	NA
1212.7140	NA	NA
1212.7410	NA	NA
1212.7509	NA	NA
1213.9959	NA	NA
1214.6275	NA	NA
1214.6473	NA	NA
1214.6598	NA	NA
1214.6763	NA	NA
1214.8106	NA	NA
1215.4933	NA	NA
1215.5444	NA	NA
1216.3484	NA	NA
1216.3775	NA	NA
1216.3875	NA	NA
1216.6784	NA	NA
1217.1428	NA	NA
1217.2898	NA	NA
1217.8153	NA	NA
1218.2705	NA	NA
1218.6326	NA	NA
1219.0422	NA	NA
1219.1065	NA	NA
1220.2782	NA	NA
1221.7500	NA	NA
1222.8588	NA	NA
1223.4950	NA	NA
1224.5357	NA	NA
1225.3677	NA	NA
1225.3818	NA	NA
1225.4062	NA	NA
1225.4582	NA	NA
1226.3292	NA	NA
1226.3397	NA	NA
1226.8108	NA	NA
1227.2737	NA	NA
1227.7844	NA	NA
1230.2725	NA	NA
1230.8659	NA	NA
1231.0653	NA	NA
1231.0912	NA	NA
1232.5478	NA	NA
1233.2648	NA	NA
1233.5118	NA	NA
1234.2174	NA	NA
1234.2375	NA	NA
1234.2484	NA	NA
1234.4152	NA	NA
1234.4250	NA	NA
1234.4760	NA	NA
1234.5647	NA	NA
1234.6698	NA	NA
1235.2221	NA	NA
1235.2620	NA	NA
1235.6364	NA	NA
1235.8117	NA	NA
1235.8326	NA	NA
1236.5285	NA	NA
1236.9129	NA	NA
1237.1442	NA	NA
1237.7912	NA	NA
1237.8015	NA	NA
1238.0088	NA	NA
1239.2300	NA	NA
1239.9069	NA	NA
1239.9717	NA	NA
1240.0542	NA	NA
1240.7616	NA	NA
1240.7707	NA	NA
1241.5568	NA	NA
1242.5366	NA	NA
1242.5583	NA	NA
1243.3625	NA	NA
1244.1055	NA	NA
1244.2585	NA	NA
1244.2753	NA	NA
1244.6496	NA	NA
1244.7807	NA	NA
1246.4741	NA	NA
1246.6892	NA	NA
1246.8136	NA	NA
1248.1360	NA	NA
1248.4739	NA	NA
1248.5041	NA	NA
1248.5181	NA	NA
1250.0534	NA	NA
1250.0663	NA	NA
1250.7606	NA	NA
1251.0913	NA	NA
1251.6577	NA	NA
1251.6803	NA	NA
1252.0052	NA	NA
1252.0167	NA	NA
1252.0276	NA	NA
1252.2074	NA	NA
1254.8404	NA	NA
1255.1715	NA	NA
1255.4600	NA	NA
1255.4723	NA	NA
1255.5044	NA	NA
1256.0513	NA	NA
1256.4897	NA	NA
1256.5980	NA	NA
1257.0601	NA	NA
1258.3165	NA	NA
1258.9972	NA	NA
1259.1659	NA	NA
1259.2253	NA	NA
1259.6246	NA	NA
1259.6645	NA	NA
1260.1474	NA	NA
1260.1543	NA	NA
1260.1646	NA	NA
1260.1958	NA	NA
1261.8248	NA	NA
1261.9200	NA	NA
1263.0461	NA	NA
1263.8832	NA	NA
1264.2312	NA	NA
1265.1648	NA	NA
1266.5726	NA	NA
1266.6001	NA	NA
1266.6108	NA	NA
1266.6287	NA	NA
1266.8439	NA	NA
1266.8565	NA	NA
1267.5202	NA	NA
1267.7704	NA	NA
1267.7902	NA	NA
1267.8201	NA	NA
1268.3640	NA	NA
1268.4199	NA	NA
1269.0516	NA	NA
1269.0938	NA	NA
1269.1069	NA	NA
1269.3661	NA	NA
1269.3906	NA	NA
1269.6760	NA	NA
1270.4172	NA	NA
1270.4951	NA	NA
1272.0019	NA	NA
1272.0200	NA	NA
1272.1691	NA	NA
1272.6560	NA	NA
1272.9866	NA	NA
1273.4021	NA	NA
1273.4254	NA	NA
1273.4394	NA	NA
1274.2384	NA	NA
1275.8057	NA	NA
1275.8472	NA	NA
1275.8671	NA	NA
1275.8849	NA	NA
1276.1052	NA	NA
1276.1208	NA	NA
1276.1354	NA	NA
1277.3006	NA	NA
1279.0213	NA	NA
1279.0319	NA	NA
1279.2118	NA	NA
1279.2234	NA	NA
1279.3941	NA	NA
1280.2400	NA	NA
1280.2494	NA	NA
1280.2927	NA	NA
1280.7718	NA	NA
1280.7834	NA	NA
1282.2740	NA	NA
1282.4524	NA	NA
1282.4742	NA	NA
1282.7833	NA	NA
1283.4621	NA	NA
1283.5971	NA	NA
1284.0994	NA	NA
1284.1114	NA	NA
1284.9983	NA	NA
1285.8667	NA	NA
1285.8907	NA	NA
1286.6228	NA	NA
1286.8401	NA	NA
1286.8526	NA	NA
1288.1309	NA	NA
1288.1786	NA	NA
1288.7167	NA	NA
1289.8640	NA	NA
1289.8767	NA	NA
1290.9014	NA	NA
1291.2981	NA	NA
1291.5130	NA	NA
1291.8097	NA	NA
1292.0418	NA	NA
1292.0633	NA	NA
1293.1266	NA	NA
1293.5479	NA	NA
1293.5682	NA	NA
1293.7528	NA	NA
1294.5708	NA	NA
1294.6007	NA	NA
1294.9024	NA	NA
1295.8541	NA	NA
1296.3093	NA	NA
1297.2159	NA	NA
1297.2358	NA	NA
1297.2600	NA	NA
1297.3145	NA	NA
1297.3990	NA	NA
1297.4101	NA	NA
1298.2751	NA	NA
1298.4559	NA	NA
1298.4680	NA	NA
1298.9300	NA	NA
1299.6495	NA	NA
1299.9985	NA	NA
1300.2055	NA	NA
1300.5138	NA	NA
1300.5308	NA	NA
1300.9434	NA	NA
1301.8411	NA	NA
1301.8582	NA	NA
1301.9217	NA	NA
1302.8297	NA	NA
1303.4304	NA	NA
1303.4695	NA	NA
1303.5049	NA	NA
1304.2374	NA	NA
1304.8400	NA	NA
1305.2368	NA	NA
1305.3559	NA	NA
1305.3674	NA	NA
1306.5301	NA	NA
1306.5610	NA	NA
1306.5787	NA	NA
1306.6942	NA	NA
1306.7078	NA	NA
1307.2584	NA	NA
1307.2741	NA	NA
1307.9466	NA	NA
1308.1098	NA	NA
1308.1219	NA	NA
1308.4779	NA	NA
1308.5352	NA	NA
1309.1294	NA	NA
1309.2588	NA	NA
1309.6139	NA	NA
1309.6259	NA	NA
1310.4671	NA	NA
1310.7120	NA	NA
1311.9935	NA	NA
1312.7688	NA	NA
1312.9530	NA	NA
1313.0609	NA	NA
1314.1503	NA	NA
1314.1631	NA	NA
1314.2011	NA	NA
1314.2138	NA	NA
1314.2263	NA	NA
1314.8117	NA	NA
1314.8525	NA	NA
1315.6919	NA	NA
1316.2432	NA	NA
1316.4135	NA	NA
1316.5196	NA	NA
1316.6225	NA	NA
1317.4554	NA	NA
1318.3759	NA	NA
1320.8361	NA	NA
1320.8479	NA	NA
1320.9221	NA	NA
1320.9342	NA	NA
1320.9524	NA	NA
1321.4712	NA	NA
1321.9450	NA	NA
1322.0848	NA	NA
1322.1040	NA	NA
1322.2252	NA	NA
1322.7650	NA	NA
1324.7916	NA	NA
1325.1143	NA	NA
1325.9571	NA	NA
1327.2983	NA	NA
1327.3191	NA	NA
1327.3416	NA	NA
1327.9293	NA	NA
1327.9435	NA	NA
1328.0203	NA	NA
1328.7112	NA	NA
1329.1111	NA	NA
1329.2924	NA	NA
1330.2067	NA	NA
1330.2283	NA	NA
1330.4560	NA	NA
1331.5079	NA	NA
1333.4389	NA	NA
1333.5892	NA	NA
1333.6240	NA	NA
1334.2174	NA	NA
1335.0873	NA	NA
1335.1814	NA	NA
1335.2754	NA	NA
1335.6644	NA	NA
1336.0562	NA	NA
1336.0929	NA	NA
1336.6639	NA	NA
1337.6860	NA	NA
1338.2502	NA	NA
1338.4482	NA	NA
1338.4773	NA	NA
1338.5397	NA	NA
1339.0918	NA	NA
1339.2205	NA	NA
1339.2296	NA	NA
1339.2504	NA	NA
1339.2626	NA	NA
1339.9966	NA	NA
1340.8188	NA	NA
1341.0061	NA	NA
1341.2551	NA	NA
1341.8913	NA	NA
1342.6210	NA	NA
1342.8575	NA	NA
1344.2127	NA	NA
1344.2371	NA	NA
1344.2602	NA	NA
1344.2934	NA	NA
1344.3747	NA	NA
1345.6047	NA	NA
1346.1516	NA	NA
1346.1821	NA	NA
1347.0192	NA	NA
1347.0447	NA	NA
1347.0554	NA	NA
1347.0768	NA	NA
1347.8427	NA	NA
1347.8548	NA	NA
1348.1653	NA	NA
1348.1785	NA	NA
1348.5736	NA	NA
1348.9881	NA	NA
1349.0090	NA	NA
1350.5144	NA	NA
1350.6083	NA	NA
1351.0707	NA	NA
1352.4535	NA	NA
1352.7346	NA	NA
1352.7438	NA	NA
1353.1744	NA	NA
1353.9901	NA	NA
1354.3760	NA	NA
1355.1577	NA	NA
1355.1656	NA	NA
1355.1756	NA	NA
1355.1875	NA	NA
1355.2559	NA	NA
1357.8069	NA	NA
1358.6535	NA	NA
1358.6747	NA	NA
1359.1672	NA	NA
1359.4267	NA	NA
1360.0255	NA	NA
1360.0404	NA	NA
1361.2208	NA	NA
1361.2426	NA	NA
1361.6240	NA	NA
1362.2646	NA	NA
1362.6419	NA	NA
1362.6558	NA	NA
1362.6684	NA	NA
1363.4180	NA	NA
1364.2921	NA	NA
1364.3004	NA	NA
1364.6046	NA	NA
1365.2847	NA	NA
1365.6455	NA	NA
1365.6626	NA	NA
1366.3988	NA	NA
1367.3529	NA	NA
1367.3771	NA	NA
1367.8059	NA	NA
1368.5326	NA	NA
1369.3523	NA	NA
1371.9676	NA	NA
1372.0149	NA	NA
1372.3174	NA	NA
1372.5592	NA	NA
1373.4397	NA	NA
1373.6731	NA	NA
1373.6837	NA	NA
1373.7072	NA	NA
1373.7248	NA	NA
1374.0520	NA	NA
1374.0719	NA	NA
1374.4784	NA	NA
1374.7933	NA	NA
1374.8510	NA	NA
1375.4323	NA	NA
1375.4470	NA	NA
1375.7534	NA	NA
1375.7688	NA	NA
1375.7844	NA	NA
1376.7949	NA	NA
1376.8053	NA	NA
1377.0643	NA	NA
1377.0929	NA	NA
1377.3719	NA	NA
1377.3825	NA	NA
1377.4439	NA	NA
1377.4635	NA	NA
1377.6107	NA	NA
1377.6347	NA	NA
1378.2334	NA	NA
1378.7200	NA	NA
1378.7324	NA	NA
1379.4663	NA	NA
1380.0287	NA	NA
1380.5087	NA	NA
1380.6228	NA	NA
1380.7544	NA	NA
1380.9484	NA	NA
1382.7766	NA	NA
1382.7875	NA	NA
1382.7960	NA	NA
1383.1219	NA	NA
1383.7940	NA	NA
1383.8127	NA	NA
1383.8278	NA	NA
1384.6014	NA	NA
1384.6292	NA	NA
1385.5023	NA	NA
1385.9133	NA	NA
1386.2631	NA	NA
1386.5049	NA	NA
1387.9381	NA	NA
1388.1190	NA	NA
1388.4395	NA	NA
1388.8556	NA	NA
1388.9879	NA	NA
1389.3258	NA	NA
1389.3437	NA	NA
1389.5445	NA	NA
1391.8081	NA	NA
1391.9583	NA	NA
1391.9978	NA	NA
1392.3069	NA	NA
1392.7233	NA	NA
1392.9957	NA	NA
1393.4526	NA	NA
1393.4631	NA	NA
1393.4768	NA	NA
1393.5152	NA	NA
1393.5248	NA	NA
1394.2572	NA	NA
1394.7422	NA	NA
1394.7620	NA	NA
1394.7932	NA	NA
1394.8136	NA	NA
1395.3506	NA	NA
1395.7292	NA	NA
1395.8808	NA	NA
1396.4073	NA	NA
1396.6627	NA	NA
1396.6956	NA	NA
1396.7091	NA	NA
1396.8076	NA	NA
1396.8868	NA	NA
1396.9233	NA	NA
1397.1287	NA	NA
1398.4152	NA	NA
1398.4815	NA	NA
1399.2281	NA	NA
1399.4633	NA	NA
1399.4896	NA	NA
1399.5054	NA	NA
1400.1367	NA	NA
1400.1547	NA	NA
1400.2491	NA	NA
1400.6545	NA	NA
1401.0109	NA	NA
1401.2124	NA	NA
1401.3945	NA	NA
1401.4229	NA	NA
1402.8837	NA	NA
1403.1882	NA	NA
1403.8551	NA	NA
1403.8775	NA	NA
1404.4379	NA	NA
1405.1833	NA	NA
1405.7512	NA	NA
1405.7635	NA	NA
1405.8277	NA	NA
1406.1477	NA	NA
1406.5530	NA	NA
1406.5690	NA	NA
1406.7623	NA	NA
1406.7761	NA	NA
1407.2121	NA	NA
1407.2307	NA	NA
1407.2425	NA	NA
1407.2622	NA	NA
1407.3031	NA	NA
1407.6092	NA	NA
1407.6208	NA	NA
1408.1241	NA	NA
1408.1583	NA	NA
1408.1718	NA	NA
1409.5751	NA	NA
1409.5835	NA	NA
1410.3342	NA	NA
1410.3444	NA	NA
1410.7588	NA	NA
1411.9437	NA	NA
1411.9743	NA	NA
1412.4607	NA	NA
1412.7948	NA	NA
1412.8263	NA	NA
1412.8632	NA	NA
1413.2452	NA	NA
1413.2597	NA	NA
1414.7386	NA	NA
1414.8403	NA	NA
1415.6756	NA	NA
1415.6904	NA	NA
1417.3029	NA	NA
1417.3207	NA	NA
1417.3547	NA	NA
1417.8549	NA	NA
1418.1809	NA	NA
1418.2873	NA	NA
1418.3061	NA	NA
1418.3325	NA	NA
1420.3015	NA	NA
1420.3860	NA	NA
1420.6821	NA	NA
1420.6956	NA	NA
1421.2164	NA	NA
1422.0356	NA	NA
1423.0514	NA	NA
1423.0621	NA	NA
1423.6721	NA	NA
1423.6944	NA	NA
1424.3324	NA	NA
1424.5828	NA	NA
1424.6074	NA	NA
1424.9222	NA	NA
1425.5839	NA	NA
1425.7616	NA	NA
1426.7411	NA	NA
1426.7612	NA	NA
1427.8103	NA	NA
1427.9695	NA	NA
1427.9975	NA	NA
1428.0612	NA	NA
1428.8126	NA	NA
1428.9033	NA	NA
1429.4911	NA	NA
1429.5306	NA	NA
1429.5423	NA	NA
1429.5667	NA	NA
1429.5834	NA	NA
1430.1663	NA	NA
1430.1795	NA	NA
1430.2013	NA	NA
1430.5276	NA	NA
1431.1327	NA	NA
1431.6421	NA	NA
1432.4612	NA	NA
1432.4744	NA	NA
1432.4864	NA	NA
1433.1860	NA	NA
1435.2363	NA	NA
1435.2527	NA	NA
1435.9716	NA	NA
1436.8705	NA	NA
1436.8855	NA	NA
1438.1093	NA	NA
1438.1485	NA	NA
1438.6437	NA	NA
1438.6672	NA	NA
1438.9668	NA	NA
1438.9898	NA	NA
1440.5472	NA	NA
1440.5589	NA	NA
1441.9270	NA	NA
1441.9579	NA	NA
1442.3672	NA	NA
1442.3830	NA	NA
1442.8752	NA	NA
1442.8865	NA	NA
1442.8991	NA	NA
1443.6095	NA	NA
1443.6323	NA	NA
1443.8201	NA	NA
1443.9100	NA	NA
1443.9251	NA	NA
1444.3623	NA	NA
1445.6101	NA	NA
1445.7655	NA	NA
1445.7801	NA	NA
1445.8150	NA	NA
1446.0918	NA	NA
1446.1076	NA	NA
1446.4278	NA	NA
1446.7064	NA	NA
1447.1533	NA	NA
1447.1732	NA	NA
1447.1973	NA	NA
1447.2105	NA	NA
1447.2901	NA	NA
1447.3900	NA	NA
1448.2211	NA	NA
1448.6239	NA	NA
1448.7973	NA	NA
1448.8374	NA	NA
1448.8495	NA	NA
1449.3466	NA	NA
1449.3584	NA	NA
1449.3766	NA	NA
1449.7774	NA	NA
1449.8307	NA	NA
1450.9417	NA	NA
1452.2575	NA	NA
1452.2757	NA	NA
1452.5806	NA	NA
1452.9913	NA	NA
1453.5170	NA	NA
1453.9999	NA	NA
1454.1946	NA	NA
1454.2322	NA	NA
1454.5096	NA	NA
1454.6680	NA	NA
1456.3118	NA	NA
1456.3208	NA	NA
1456.3347	NA	NA
1456.3672	NA	NA
1456.7337	NA	NA
1456.7447	NA	NA
1456.7566	NA	NA
1457.1179	NA	NA
1457.5725	NA	NA
1457.6859	NA	NA
1458.2486	NA	NA
1459.0723	NA	NA
1459.0856	NA	NA
1459.1067	NA	NA
1459.1241	NA	NA
1459.1368	NA	NA
1459.5908	NA	NA
1459.5984	NA	NA
1459.6319	NA	NA
1459.7554	NA	NA
1460.1834	NA	NA
1460.7157	NA	NA
1460.7329	NA	NA
1460.8880	NA	NA
1460.9073	NA	NA
1461.3456	NA	NA
1461.4837	NA	NA
1461.5149	NA	NA
1462.3725	NA	NA
1462.3934	NA	NA
1462.6979	NA	NA
1463.1640	NA	NA
1463.6350	NA	NA
1463.6490	NA	NA
1464.2454	NA	NA
1464.4950	NA	NA
1464.6008	NA	NA
1464.6085	NA	NA
1464.8080	NA	NA
1466.1317	NA	NA
1466.3124	NA	NA
1466.3262	NA	NA
1466.8981	NA	NA
1466.9187	NA	NA
1467.3592	NA	NA
1467.6559	NA	NA
1468.4658	NA	NA
1468.7169	NA	NA
1468.9595	NA	NA
1470.1785	NA	NA
1470.1896	NA	NA
1470.5948	NA	NA
1471.0612	NA	NA
1471.1139	NA	NA
1471.7283	NA	NA
1471.9851	NA	NA
1473.6724	NA	NA
1475.0590	NA	NA
1475.2944	NA	NA
1476.0844	NA	NA
1477.3242	NA	NA
1478.9440	NA	NA
1480.1001	NA	NA
1482.3592	NA	NA
1482.3740	NA	NA
1482.9636	NA	NA
1483.7607	NA	NA
1484.8043	NA	NA
1486.0016	NA	NA
1486.1932	NA	NA
1486.2341	NA	NA
1487.0466	NA	NA
1488.7354	NA	NA
1489.2461	NA	NA
1489.2596	NA	NA
1489.2677	NA	NA
1491.3576	NA	NA
1491.3777	NA	NA
1491.6092	NA	NA
1492.5504	NA	NA
1493.5513	NA	NA
1493.6273	NA	NA
1494.2452	NA	NA
1495.0061	NA	NA
1495.4924	NA	NA
1496.1437	NA	NA
1497.5963	NA	NA
1497.9152	NA	NA
1497.9642	NA	NA
1498.3605	NA	NA
1498.3818	NA	NA
1498.4015	NA	NA
1498.8360	NA	NA
1499.2925	NA	NA
1499.8781	NA	NA
1499.9120	NA	NA
1500.7026	NA	NA
1500.7465	NA	NA
1500.9942	NA	NA
1501.0070	NA	NA
1501.0288	NA	NA
1501.4383	NA	NA
1502.1688	NA	NA
1502.1931	NA	NA
1502.2049	NA	NA
1502.2170	NA	NA
1502.2380	NA	NA
1502.8150	NA	NA
1502.8555	NA	NA
1504.7227	NA	NA
1505.1052	NA	NA
1506.2760	NA	NA
1506.6835	NA	NA
1506.8713	NA	NA
1506.8796	NA	NA
1506.9176	NA	NA
1506.9295	NA	NA
1507.8876	NA	NA
1508.3455	NA	NA
1508.5469	NA	NA
1509.0117	NA	NA
1509.0215	NA	NA
1509.4746	NA	NA
1509.6178	NA	NA
1510.0566	NA	NA
1510.4746	NA	NA
1510.4855	NA	NA
1510.5587	NA	NA
1510.7185	NA	NA
1510.9916	NA	NA
1511.4771	NA	NA
1511.4956	NA	NA
1511.8705	NA	NA
1511.8866	NA	NA
1512.0784	NA	NA
1512.0929	NA	NA
1512.1234	NA	NA
1513.2422	NA	NA
1513.7425	NA	NA
1513.7587	NA	NA
1513.7995	NA	NA
1513.8139	NA	NA
1514.3448	NA	NA
1514.3548	NA	NA
1514.3730	NA	NA
1514.9033	NA	NA
1515.6522	NA	NA
1515.6920	NA	NA
1515.7085	NA	NA
1516.1903	NA	NA
1516.5580	NA	NA
1516.5758	NA	NA
1516.5949	NA	NA
1516.6051	NA	NA
1516.6153	NA	NA
1516.6344	NA	NA
1516.6434	NA	NA
1517.0058	NA	NA
1517.0170	NA	NA
1517.0333	NA	NA
1517.5153	NA	NA
1517.5286	NA	NA
1517.5524	NA	NA
1517.8099	NA	NA
1517.8206	NA	NA
1517.8576	NA	NA
1518.6750	NA	NA
1519.5146	NA	NA
1519.5390	NA	NA
1519.7990	NA	NA
1520.7310	NA	NA
1520.8622	NA	NA
1521.4616	NA	NA
1521.4762	NA	NA
1521.4900	NA	NA
1522.5968	NA	NA
1522.6083	NA	NA
1523.9802	NA	NA
1524.0602	NA	NA
1524.4624	NA	NA
1524.4744	NA	NA
1524.6504	NA	NA
1527.0476	NA	NA
1527.4755	NA	NA
1527.6894	NA	NA
1527.7011	NA	NA
1528.7067	NA	NA
1529.2589	NA	NA
1529.5970	NA	NA
1531.0649	NA	NA
1531.0834	NA	NA
1531.4382	NA	NA
1531.4569	NA	NA
1531.6356	NA	NA
1532.5347	NA	NA
1532.9845	NA	NA
1533.4877	NA	NA
1533.5591	NA	NA
1534.7438	NA	NA
1535.7851	NA	NA
1535.7978	NA	NA
1535.8099	NA	NA
1535.8265	NA	NA
1535.8740	NA	NA
1536.2672	NA	NA
1536.2866	NA	NA
1536.5317	NA	NA
1539.0606	NA	NA
1539.0794	NA	NA
1539.1114	NA	NA
1539.5523	NA	NA
1539.5651	NA	NA
1540.0735	NA	NA
1540.6979	NA	NA
1541.2377	NA	NA
1541.2511	NA	NA
1541.2654	NA	NA
1541.2776	NA	NA
1541.3014	NA	NA
1541.3331	NA	NA
1541.3796	NA	NA
1541.8253	NA	NA
1542.2262	NA	NA
1542.3963	NA	NA
1542.4066	NA	NA
1544.9679	NA	NA
1544.9759	NA	NA
1545.5105	NA	NA
1545.6472	NA	NA
1546.1299	NA	NA
1547.5461	NA	NA
1547.6873	NA	NA
1549.7546	NA	NA
1549.8103	NA	NA
1549.8290	NA	NA
1550.3948	NA	NA
1550.7770	NA	NA
1550.7897	NA	NA
1551.0426	NA	NA
1551.5337	NA	NA
1553.0702	NA	NA
1554.1244	NA	NA
1554.3368	NA	NA
1554.5296	NA	NA
1555.3947	NA	NA
1556.2592	NA	NA
1556.3072	NA	NA
1556.3198	NA	NA
1557.2130	NA	NA
1557.3919	NA	NA
1557.4297	NA	NA
1558.4406	NA	NA
1559.0106	NA	NA
1559.0954	NA	NA
1560.1863	NA	NA
1560.2169	NA	NA
1562.6430	NA	NA
1563.8871	NA	NA
1563.9087	NA	NA
1563.9974	NA	NA
1565.1102	NA	NA
1565.1333	NA	NA
1565.1500	NA	NA
1565.1788	NA	NA
1565.1944	NA	NA
1566.0833	NA	NA
1566.1163	NA	NA
1566.4685	NA	NA
1566.5081	NA	NA
1566.9241	NA	NA
1567.6427	NA	NA
1568.4299	NA	NA
1568.6260	NA	NA
1568.6433	NA	NA
1569.9746	NA	NA
1570.4709	NA	NA
1571.8507	NA	NA
1571.8743	NA	NA
1571.8863	NA	NA
1571.9126	NA	NA
1571.9356	NA	NA
1572.3526	NA	NA
1574.0221	NA	NA
1574.0325	NA	NA
1574.0680	NA	NA
1574.0853	NA	NA
1574.7196	NA	NA
1576.1715	NA	NA
1576.2020	NA	NA
1576.5143	NA	NA
1576.5425	NA	NA
1577.2482	NA	NA
1577.2670	NA	NA
1577.3038	NA	NA
1577.7414	NA	NA
1578.7945	NA	NA
1579.1912	NA	NA
1579.4810	NA	NA
1579.7321	NA	NA
1579.8019	NA	NA
1579.8124	NA	NA
1579.9157	NA	NA
1580.5821	NA	NA
1580.5905	NA	NA
1581.4884	NA	NA
1582.1667	NA	NA
1582.1931	NA	NA
1582.2435	NA	NA
1582.2529	NA	NA
1582.6966	NA	NA
1584.3429	NA	NA
1584.3615	NA	NA
1584.3745	NA	NA
1585.5488	NA	NA
1587.3085	NA	NA
1587.3217	NA	NA
1588.3659	NA	NA
1588.8675	NA	NA
1589.9281	NA	NA
1589.9438	NA	NA
1590.8879	NA	NA
1590.9064	NA	NA
1591.1655	NA	NA
1591.3481	NA	NA
1591.3592	NA	NA
1591.3717	NA	NA
1591.3824	NA	NA
1592.4569	NA	NA
1592.4755	NA	NA
1593.0449	NA	NA
1593.0931	NA	NA
1593.1641	NA	NA
1594.3544	NA	NA
1594.3930	NA	NA
1594.4081	NA	NA
1594.6945	NA	NA
1595.1836	NA	NA
1596.5227	NA	NA
1596.6716	NA	NA
1596.6797	NA	NA
1596.9544	NA	NA
1596.9968	NA	NA
1597.0096	NA	NA
1600.4948	NA	NA
1601.0973	NA	NA
1601.1203	NA	NA
1601.5032	NA	NA
1601.9158	NA	NA
1601.9581	NA	NA
1602.0063	NA	NA
1602.4389	NA	NA
1602.4549	NA	NA
1602.6043	NA	NA
1602.9042	NA	NA
1603.4747	NA	NA
1604.6520	NA	NA
1604.7742	NA	NA
1604.8312	NA	NA
1605.7983	NA	NA
1606.7931	NA	NA
1606.8124	NA	NA
1606.8421	NA	NA
1607.6915	NA	NA
1608.6097	NA	NA
1609.1077	NA	NA
1611.2311	NA	NA
1611.9135	NA	NA
1613.0442	NA	NA
1614.2507	NA	NA
1614.4268	NA	NA
1614.8490	NA	NA
1614.9537	NA	NA
1617.2398	NA	NA
1618.4351	NA	NA
1619.0469	NA	NA
1619.0719	NA	NA
1619.3413	NA	NA
1619.9356	NA	NA
1620.1387	NA	NA
1620.2002	NA	NA
1621.8382	NA	NA
1622.8100	NA	NA
1622.8219	NA	NA
1623.9410	NA	NA
1623.9507	NA	NA
1623.9667	NA	NA
1623.9780	NA	NA
1624.0083	NA	NA
1624.0260	NA	NA
1624.4717	NA	NA
1624.4920	NA	NA
1624.5274	NA	NA
1624.7587	NA	NA
1624.7725	NA	NA
1624.8421	NA	NA
1625.2298	NA	NA
1625.2497	NA	NA
1625.3413	NA	NA
1625.6942	NA	NA
1625.7073	NA	NA
1628.7429	NA	NA
1629.6032	NA	NA
1629.6911	NA	NA
1629.9444	NA	NA
1630.2890	NA	NA
1630.4224	NA	NA
1630.7954	NA	NA
1630.8089	NA	NA
1631.1341	NA	NA
1631.1610	NA	NA
1631.9282	NA	NA
1631.9357	NA	NA
1631.9451	NA	NA
1632.6650	NA	NA
1632.6794	NA	NA
1634.7080	NA	NA
1635.8259	NA	NA
1636.3789	NA	NA
1637.5520	NA	NA
1637.5802	NA	NA
1638.3057	NA	NA
1639.1061	NA	NA
1639.1305	NA	NA
1639.5193	NA	NA
1639.6901	NA	NA
1640.1112	NA	NA
1640.1485	NA	NA
1641.5443	NA	NA
1641.7545	NA	NA
1641.7689	NA	NA
1641.8984	NA	NA
1642.7647	NA	NA
1642.7721	NA	NA
1642.7843	NA	NA
1642.7963	NA	NA
1642.9773	NA	NA
1642.9940	NA	NA
1643.0090	NA	NA
1644.6446	NA	NA
1645.7278	NA	NA
1645.7438	NA	NA
1645.7770	NA	NA
1646.8087	NA	NA
1646.8177	NA	NA
1646.8425	NA	NA
1646.8597	NA	NA
1648.0091	NA	NA
1648.0303	NA	NA
1648.1788	NA	NA
1649.7007	NA	NA
1650.2384	NA	NA
1650.2491	NA	NA
1650.2595	NA	NA
1650.2768	NA	NA
1650.3009	NA	NA
1650.3178	NA	NA
1650.6574	NA	NA
1650.9796	NA	NA
1651.4292	NA	NA
1651.4445	NA	NA
1651.4606	NA	NA
1651.4854	NA	NA
1651.7511	NA	NA
1652.7976	NA	NA
1652.8059	NA	NA
1653.1853	NA	NA
1653.2192	NA	NA
1653.3052	NA	NA
1653.4216	NA	NA
1653.4394	NA	NA
1654.0046	NA	NA
1654.2312	NA	NA
1654.2474	NA	NA
1654.4530	NA	NA
1654.4649	NA	NA
1656.1029	NA	NA
1656.1297	NA	NA
1656.6589	NA	NA
1657.4701	NA	NA
1657.4791	NA	NA
1657.5068	NA	NA
1657.7222	NA	NA
1658.5130	NA	NA
1658.5320	NA	NA
1658.7325	NA	NA
1658.9396	NA	NA
1659.8754	NA	NA
1659.8892	NA	NA
1659.9111	NA	NA
1660.0156	NA	NA
1660.4361	NA	NA
1660.4475	NA	NA
1660.4642	NA	NA
1660.7241	NA	NA
1661.5536	NA	NA
1662.2207	NA	NA
1662.2322	NA	NA
1662.2557	NA	NA
1664.2039	NA	NA
1664.4482	NA	NA
1664.6937	NA	NA
1664.7198	NA	NA
1665.1819	NA	NA
1666.1568	NA	NA
1666.1768	NA	NA
1666.1838	NA	NA
1666.1945	NA	NA
1666.8907	NA	NA
1667.0596	NA	NA
1667.0771	NA	NA
1667.7116	NA	NA
1667.7420	NA	NA
1667.7585	NA	NA
1668.1600	NA	NA
1668.1757	NA	NA
1668.5101	NA	NA
1668.7190	NA	NA
1668.8895	NA	NA
1669.4168	NA	NA
1669.4285	NA	NA
1669.4450	NA	NA
1670.7148	NA	NA
1671.4011	NA	NA
1671.4230	NA	NA
1671.8652	NA	NA
1672.0612	NA	NA
1672.0815	NA	NA
1672.0908	NA	NA
1672.1072	NA	NA
1672.4469	NA	NA
1674.4713	NA	NA
1674.4824	NA	NA
1674.6006	NA	NA
1674.9668	NA	NA
1674.9883	NA	NA
1675.0086	NA	NA
1675.7551	NA	NA
1676.0846	NA	NA
1676.1014	NA	NA
1676.1174	NA	NA
1676.9411	NA	NA
1677.5880	NA	NA
1678.0526	NA	NA
1679.0119	NA	NA
1679.0283	NA	NA
1679.0405	NA	NA
1679.0583	NA	NA
1679.6369	NA	NA
1679.7685	NA	NA
1680.5588	NA	NA
1681.6787	NA	NA
1682.3661	NA	NA
1682.4098	NA	NA
1682.4289	NA	NA
1683.5640	NA	NA
1683.5841	NA	NA
1683.6105	NA	NA
1684.7865	NA	NA
1684.8747	NA	NA
1684.8849	NA	NA
1687.2255	NA	NA
1687.2560	NA	NA
1687.8034	NA	NA
1688.3702	NA	NA
1688.4760	NA	NA
1688.4959	NA	NA
1688.5108	NA	NA
1689.6356	NA	NA
1689.8850	NA	NA
1689.9043	NA	NA
1690.0216	NA	NA
1690.1905	NA	NA
1690.7458	NA	NA
1690.7745	NA	NA
1691.5119	NA	NA
1691.5223	NA	NA
1691.5464	NA	NA
1692.7405	NA	NA
1692.9084	NA	NA
1693.7142	NA	NA
1694.6295	NA	NA
1695.6542	NA	NA
1696.3125	NA	NA
1697.2647	NA	NA
1697.6689	NA	NA
1697.8262	NA	NA
1697.8446	NA	NA
1697.8998	NA	NA
1697.9126	NA	NA
1700.2287	NA	NA
1700.8340	NA	NA
1702.0877	NA	NA
1702.1011	NA	NA
1702.1112	NA	NA
1703.2042	NA	NA
1704.1108	NA	NA
1704.1896	NA	NA
1704.3448	NA	NA
1705.5595	NA	NA
1706.8655	NA	NA
1707.5781	NA	NA
1708.3128	NA	NA
1708.3500	NA	NA
1709.2123	NA	NA
1709.3856	NA	NA
1710.6834	NA	NA
1711.2231	NA	NA
1711.2400	NA	NA
1711.2649	NA	NA
1712.8067	NA	NA
1712.8568	NA	NA
1712.9692	NA	NA
1713.2328	NA	NA
1714.1950	NA	NA
1714.2377	NA	NA
1714.2898	NA	NA
1714.3075	NA	NA
1714.3388	NA	NA
1714.5518	NA	NA
1714.5672	NA	NA
1714.5904	NA	NA
1716.4179	NA	NA
1716.4389	NA	NA
1718.0006	NA	NA
1719.3730	NA	NA
1719.4228	NA	NA
1719.9895	NA	NA
1721.5555	NA	NA
1722.7191	NA	NA
1722.7433	NA	NA
1722.7528	NA	NA
1723.7177	NA	NA
1723.7689	NA	NA
1723.7850	NA	NA
1723.7983	NA	NA
1723.8246	NA	NA
1727.3418	NA	NA
1727.3664	NA	NA
1728.2434	NA	NA
1729.1393	NA	NA
1729.8690	NA	NA
1730.2490	NA	NA
1730.2576	NA	NA
1730.2634	NA	NA
1730.2678	NA	NA
1730.2724	NA	NA
1730.2771	NA	NA
1730.2832	NA	NA
1730.2892	NA	NA
1730.7516	NA	NA
1730.7746	NA	NA
1731.6821	NA	NA
1731.6908	NA	NA
1731.7099	NA	NA
1731.7436	NA	NA
1732.4343	NA	NA
1732.5287	NA	NA
1732.6029	NA	NA
1732.8080	NA	NA
1733.8994	NA	NA
1734.3487	NA	NA
1734.4023	NA	NA
1734.4206	NA	NA
1734.6834	NA	NA
1734.7055	NA	NA
1735.8830	NA	NA
1736.9253	NA	NA
1736.9508	NA	NA
1736.9756	NA	NA
1737.1033	NA	NA
1737.4336	NA	NA
1737.4468	NA	NA
1737.6912	NA	NA
1738.6095	NA	NA
1739.2714	NA	NA
1739.2925	NA	NA
1739.5822	NA	NA
1739.5908	NA	NA
1739.6020	NA	NA
1739.6145	NA	NA
1739.6246	NA	NA
1740.6366	NA	NA
1740.6685	NA	NA
1741.4089	NA	NA
1743.4202	NA	NA
1743.4662	NA	NA
1743.4906	NA	NA
1743.5576	NA	NA
1744.7261	NA	NA
1744.7474	NA	NA
1744.7623	NA	NA
1744.9781	NA	NA
1745.0695	NA	NA
1745.0872	NA	NA
1746.9369	NA	NA
1747.3319	NA	NA
1747.3554	NA	NA
1748.0119	NA	NA
1748.4688	NA	NA
1748.8784	NA	NA
1750.9414	NA	NA
1750.9905	NA	NA
1751.0704	NA	NA
1752.8717	NA	NA
1753.9959	NA	NA
1754.9081	NA	NA
1754.9180	NA	NA
1754.9264	NA	NA
1754.9377	NA	NA
1754.9631	NA	NA
1754.9743	NA	NA
1755.9888	NA	NA
1756.0923	NA	NA
1756.1045	NA	NA
1756.1271	NA	NA
1756.3510	NA	NA
1758.8342	NA	NA
1759.0375	NA	NA
1759.2572	NA	NA
1759.5285	NA	NA
1761.0721	NA	NA
1761.1963	NA	NA
1761.2136	NA	NA
1761.2313	NA	NA
1761.2668	NA	NA
1761.2737	NA	NA
1761.3863	NA	NA
1761.4267	NA	NA
1762.5479	NA	NA
1762.6738	NA	NA
1763.5455	NA	NA
1763.6948	NA	NA
1764.9870	NA	NA
1766.4208	NA	NA
1766.4368	NA	NA
1766.4687	NA	NA
1766.4988	NA	NA
1766.5072	NA	NA
1766.9075	NA	NA
1767.3839	NA	NA
1767.5050	NA	NA
1768.1526	NA	NA
1768.8103	NA	NA
1768.8314	NA	NA
1769.7992	NA	NA
1769.8153	NA	NA
1770.2071	NA	NA
1770.2482	NA	NA
1770.4108	NA	NA
1770.8416	NA	NA
1770.9075	NA	NA
1770.9222	NA	NA
1770.9758	NA	NA
1772.0161	NA	NA
1772.0248	NA	NA
1772.2000	NA	NA
1772.3871	NA	NA
1772.7918	NA	NA
1772.8049	NA	NA
1772.8149	NA	NA
1772.8426	NA	NA
1772.8636	NA	NA
1773.0730	NA	NA
1773.2613	NA	NA
1773.2917	NA	NA
1773.6204	NA	NA
1774.3510	NA	NA
1774.3831	NA	NA
1774.3953	NA	NA
1774.6030	NA	NA
1774.8319	NA	NA
1774.9283	NA	NA
1775.4150	NA	NA
1775.4286	NA	NA
1775.9632	NA	NA
1775.9897	NA	NA
1776.0002	NA	NA
1776.1503	NA	NA
1777.4968	NA	NA
1777.5061	NA	NA
1777.5313	NA	NA
1777.5450	NA	NA
1777.5572	NA	NA
1777.9392	NA	NA
1778.9149	NA	NA
1779.5172	NA	NA
1779.7912	NA	NA
1780.2290	NA	NA
1780.7258	NA	NA
1781.3760	NA	NA
1781.3876	NA	NA
1784.6599	NA	NA
1784.6711	NA	NA
1784.6825	NA	NA
1784.6992	NA	NA
1785.3849	NA	NA
1785.3960	NA	NA
1785.4535	NA	NA
1786.2471	NA	NA
1786.5539	NA	NA
1786.8614	NA	NA
1786.8720	NA	NA
1786.9166	NA	NA
1786.9368	NA	NA
1788.2641	NA	NA
1788.3406	NA	NA
1789.8155	NA	NA
1792.2964	NA	NA
1792.4580	NA	NA
1792.4706	NA	NA
1792.4920	NA	NA
1792.5937	NA	NA
1792.9757	NA	NA
1793.5488	NA	NA
1793.7954	NA	NA
1793.8054	NA	NA
1793.8549	NA	NA
1793.8760	NA	NA
1794.1899	NA	NA
1794.2108	NA	NA
1794.2662	NA	NA
1794.2863	NA	NA
1794.2997	NA	NA
1794.6942	NA	NA
1794.7072	NA	NA
1796.6016	NA	NA
1796.6117	NA	NA
1796.8963	NA	NA
1796.9097	NA	NA
1797.4450	NA	NA
1797.8200	NA	NA
1798.8955	NA	NA
1798.9126	NA	NA
1798.9312	NA	NA
1799.6138	NA	NA
1801.1820	NA	NA
1801.6206	NA	NA
1801.6335	NA	NA
1802.8622	NA	NA
1803.1815	NA	NA
1803.2038	NA	NA
1803.2147	NA	NA
1803.5241	NA	NA
1804.5154	NA	NA
1804.5248	NA	NA
1804.5641	NA	NA
1804.5748	NA	NA
1805.8743	NA	NA
1807.7574	NA	NA
1807.7676	NA	NA
1807.7922	NA	NA
1807.9260	NA	NA
1807.9531	NA	NA
1808.9100	NA	NA
1809.4530	NA	NA
1810.6187	NA	NA
1810.6290	NA	NA
1810.6623	NA	NA
1810.9821	NA	NA
1810.9983	NA	NA
1811.1212	NA	NA
1811.5183	NA	NA
1811.5359	NA	NA
1811.5473	NA	NA
1811.9798	NA	NA
1814.5714	NA	NA
1814.7408	NA	NA
1814.7535	NA	NA
1814.8051	NA	NA
1815.2391	NA	NA
1815.2582	NA	NA
1816.9850	NA	NA
1816.9956	NA	NA
1817.0345	NA	NA
1817.3359	NA	NA
1817.3452	NA	NA
1817.3625	NA	NA
1817.6421	NA	NA
1817.6775	NA	NA
1817.6928	NA	NA
1818.7025	NA	NA
1819.0383	NA	NA
1819.0506	NA	NA
1819.7508	NA	NA
1820.7059	NA	NA
1820.7231	NA	NA
1820.8411	NA	NA
1820.8549	NA	NA
1820.8668	NA	NA
1821.5104	NA	NA
1821.5317	NA	NA
1822.3201	NA	NA
1822.3488	NA	NA
1822.9638	NA	NA
1823.4878	NA	NA
1823.5045	NA	NA
1823.9533	NA	NA
1823.9664	NA	NA
1823.9833	NA	NA
1824.2899	NA	NA
1824.4989	NA	NA
1824.5079	NA	NA
1824.5224	NA	NA
1825.6289	NA	NA
1825.6722	NA	NA
1826.4639	NA	NA
1826.5138	NA	NA
1826.5257	NA	NA
1827.1031	NA	NA
1827.1178	NA	NA
1827.5925	NA	NA
1827.6055	NA	NA
1829.3341	NA	NA
1829.3798	NA	NA
1829.3914	NA	NA
1829.4068	NA	NA
1829.4190	NA	NA
