spike times	Vanne1 ON	Vanne1 OFF
4.4770	900.0350	902.0352
4.4915	NA	NA
4.5015	NA	NA
5.2867	NA	NA
13.4315	NA	NA
13.4401	NA	NA
13.4483	NA	NA
13.4610	NA	NA
25.0218	NA	NA
25.4712	NA	NA
49.9366	NA	NA
49.9459	NA	NA
49.9546	NA	NA
49.9658	NA	NA
49.9784	NA	NA
50.9519	NA	NA
54.5539	NA	NA
54.5800	NA	NA
54.5923	NA	NA
56.5027	NA	NA
56.5163	NA	NA
62.2001	NA	NA
65.1712	NA	NA
65.1803	NA	NA
92.8758	NA	NA
92.8867	NA	NA
98.0092	NA	NA
98.0205	NA	NA
98.0348	NA	NA
112.8724	NA	NA
112.8861	NA	NA
112.8988	NA	NA
119.3974	NA	NA
119.4075	NA	NA
128.2278	NA	NA
128.2426	NA	NA
136.7753	NA	NA
144.3811	NA	NA
144.3877	NA	NA
150.0766	NA	NA
154.4317	NA	NA
154.5193	NA	NA
154.5275	NA	NA
154.5352	NA	NA
154.5459	NA	NA
154.5610	NA	NA
189.5032	NA	NA
194.1365	NA	NA
194.1489	NA	NA
194.1617	NA	NA
194.2016	NA	NA
195.9385	NA	NA
196.0029	NA	NA
196.0241	NA	NA
196.0517	NA	NA
200.4909	NA	NA
200.5053	NA	NA
200.5207	NA	NA
201.0943	NA	NA
210.5536	NA	NA
213.2475	NA	NA
226.5978	NA	NA
226.6085	NA	NA
226.6421	NA	NA
226.7934	NA	NA
227.7002	NA	NA
230.4092	NA	NA
230.4179	NA	NA
230.4642	NA	NA
230.4747	NA	NA
230.5038	NA	NA
231.8411	NA	NA
239.3727	NA	NA
239.4143	NA	NA
244.4535	NA	NA
244.5375	NA	NA
249.6582	NA	NA
249.6916	NA	NA
263.0966	NA	NA
264.8523	NA	NA
264.8954	NA	NA
264.9607	NA	NA
274.8504	NA	NA
274.8625	NA	NA
274.8970	NA	NA
274.9142	NA	NA
275.9297	NA	NA
278.6609	NA	NA
278.6698	NA	NA
278.6848	NA	NA
287.8243	NA	NA
287.8362	NA	NA
287.8580	NA	NA
287.8850	NA	NA
287.9010	NA	NA
287.9347	NA	NA
289.8377	NA	NA
289.8502	NA	NA
300.7256	NA	NA
300.7478	NA	NA
300.7629	NA	NA
300.7851	NA	NA
306.9815	NA	NA
307.6773	NA	NA
311.8539	NA	NA
311.8726	NA	NA
314.3432	NA	NA
315.3272	NA	NA
315.3577	NA	NA
315.3719	NA	NA
315.3890	NA	NA
315.4053	NA	NA
323.5575	NA	NA
323.5727	NA	NA
324.0360	NA	NA
324.0517	NA	NA
324.0665	NA	NA
325.4189	NA	NA
325.4324	NA	NA
325.4410	NA	NA
325.4591	NA	NA
325.4970	NA	NA
339.1429	NA	NA
339.1625	NA	NA
360.1415	NA	NA
360.1547	NA	NA
360.1662	NA	NA
371.0764	NA	NA
386.4987	NA	NA
391.7684	NA	NA
391.7941	NA	NA
391.8085	NA	NA
393.5437	NA	NA
397.0470	NA	NA
397.0665	NA	NA
413.0504	NA	NA
417.0294	NA	NA
417.0400	NA	NA
421.1521	NA	NA
421.1827	NA	NA
424.6725	NA	NA
424.6832	NA	NA
444.8760	NA	NA
446.9738	NA	NA
446.9812	NA	NA
446.9894	NA	NA
446.9968	NA	NA
447.0042	NA	NA
447.0118	NA	NA
455.3574	NA	NA
472.3122	NA	NA
472.3238	NA	NA
472.5864	NA	NA
472.8660	NA	NA
477.9913	NA	NA
479.8351	NA	NA
481.1883	NA	NA
481.2218	NA	NA
487.2256	NA	NA
487.2366	NA	NA
493.2657	NA	NA
501.5271	NA	NA
501.5420	NA	NA
501.5692	NA	NA
501.6024	NA	NA
502.0470	NA	NA
505.2681	NA	NA
516.5544	NA	NA
516.5641	NA	NA
516.5827	NA	NA
516.5931	NA	NA
516.6099	NA	NA
521.9120	NA	NA
534.7216	NA	NA
542.9388	NA	NA
542.9458	NA	NA
542.9837	NA	NA
542.9937	NA	NA
545.8408	NA	NA
545.8610	NA	NA
554.5532	NA	NA
554.5739	NA	NA
554.9888	NA	NA
557.9502	NA	NA
557.9600	NA	NA
557.9849	NA	NA
557.9940	NA	NA
558.0089	NA	NA
558.0210	NA	NA
570.3507	NA	NA
570.3758	NA	NA
573.7410	NA	NA
589.2712	NA	NA
589.6949	NA	NA
589.7604	NA	NA
589.7701	NA	NA
604.7926	NA	NA
607.3021	NA	NA
607.3453	NA	NA
610.0358	NA	NA
610.0732	NA	NA
610.1456	NA	NA
625.1072	NA	NA
625.2708	NA	NA
625.2901	NA	NA
633.8311	NA	NA
643.7400	NA	NA
643.7658	NA	NA
653.7981	NA	NA
655.4959	NA	NA
655.5359	NA	NA
655.5481	NA	NA
655.5564	NA	NA
655.5694	NA	NA
655.5825	NA	NA
660.6806	NA	NA
667.6564	NA	NA
667.6807	NA	NA
667.6916	NA	NA
668.8689	NA	NA
668.8789	NA	NA
668.9049	NA	NA
668.9188	NA	NA
668.9309	NA	NA
668.9540	NA	NA
670.4984	NA	NA
673.4466	NA	NA
673.4739	NA	NA
680.1909	NA	NA
693.1027	NA	NA
722.8803	NA	NA
733.7808	NA	NA
735.8447	NA	NA
735.8854	NA	NA
735.9007	NA	NA
735.9432	NA	NA
749.2619	NA	NA
754.6001	NA	NA
770.1587	NA	NA
770.1854	NA	NA
770.1985	NA	NA
770.2107	NA	NA
770.2300	NA	NA
774.7085	NA	NA
784.3783	NA	NA
784.3867	NA	NA
784.4395	NA	NA
784.4518	NA	NA
785.3251	NA	NA
785.3337	NA	NA
807.0034	NA	NA
807.0325	NA	NA
819.8885	NA	NA
819.9048	NA	NA
819.9276	NA	NA
819.9375	NA	NA
825.7099	NA	NA
825.7241	NA	NA
825.7330	NA	NA
825.7492	NA	NA
825.7601	NA	NA
826.3194	NA	NA
842.8610	NA	NA
842.8861	NA	NA
846.6959	NA	NA
846.7208	NA	NA
850.5037	NA	NA
850.5148	NA	NA
850.5253	NA	NA
850.5404	NA	NA
859.3472	NA	NA
859.3753	NA	NA
859.3907	NA	NA
859.4059	NA	NA
859.4152	NA	NA
864.9791	NA	NA
872.4686	NA	NA
874.0187	NA	NA
874.0390	NA	NA
874.0477	NA	NA
878.8999	NA	NA
884.5170	NA	NA
900.0513	NA	NA
900.0552	NA	NA
900.0584	NA	NA
900.0617	NA	NA
900.0649	NA	NA
900.0680	NA	NA
900.0712	NA	NA
900.0743	NA	NA
900.0775	NA	NA
900.0808	NA	NA
900.0840	NA	NA
900.0875	NA	NA
900.0913	NA	NA
900.0948	NA	NA
900.0988	NA	NA
900.1028	NA	NA
900.1084	NA	NA
900.1133	NA	NA
900.1179	NA	NA
900.1257	NA	NA
900.1308	NA	NA
900.1356	NA	NA
900.1410	NA	NA
900.1476	NA	NA
900.1556	NA	NA
900.1621	NA	NA
900.1687	NA	NA
900.1762	NA	NA
900.1846	NA	NA
900.1915	NA	NA
900.1982	NA	NA
900.2068	NA	NA
900.2137	NA	NA
900.2225	NA	NA
900.2322	NA	NA
900.2392	NA	NA
900.2490	NA	NA
900.2593	NA	NA
900.2670	NA	NA
900.2740	NA	NA
900.2824	NA	NA
900.2947	NA	NA
900.3043	NA	NA
900.3122	NA	NA
900.3234	NA	NA
900.3333	NA	NA
900.3435	NA	NA
900.3527	NA	NA
900.3617	NA	NA
900.3707	NA	NA
900.3811	NA	NA
900.3928	NA	NA
900.3995	NA	NA
900.4108	NA	NA
900.4254	NA	NA
900.4341	NA	NA
900.4504	NA	NA
900.4709	NA	NA
900.4823	NA	NA
900.4904	NA	NA
900.4991	NA	NA
900.5098	NA	NA
900.5218	NA	NA
900.5387	NA	NA
900.5494	NA	NA
900.5631	NA	NA
900.5791	NA	NA
900.6056	NA	NA
900.6157	NA	NA
900.6257	NA	NA
900.6382	NA	NA
900.6496	NA	NA
900.6602	NA	NA
900.6764	NA	NA
900.6887	NA	NA
900.7085	NA	NA
900.7201	NA	NA
900.7457	NA	NA
900.7584	NA	NA
900.7764	NA	NA
900.8017	NA	NA
900.8166	NA	NA
900.8286	NA	NA
900.8437	NA	NA
900.8626	NA	NA
900.8802	NA	NA
900.8972	NA	NA
900.9169	NA	NA
900.9309	NA	NA
900.9474	NA	NA
900.9628	NA	NA
900.9750	NA	NA
901.0060	NA	NA
901.0330	NA	NA
901.0429	NA	NA
901.0630	NA	NA
901.0739	NA	NA
901.0900	NA	NA
901.1042	NA	NA
901.1336	NA	NA
901.1592	NA	NA
901.1706	NA	NA
901.1826	NA	NA
901.2095	NA	NA
901.2249	NA	NA
901.2515	NA	NA
901.2728	NA	NA
901.3085	NA	NA
901.3275	NA	NA
901.3444	NA	NA
901.3570	NA	NA
901.3704	NA	NA
901.3967	NA	NA
901.4081	NA	NA
901.4543	NA	NA
901.4725	NA	NA
901.5176	NA	NA
901.5278	NA	NA
901.5604	NA	NA
901.6183	NA	NA
901.6512	NA	NA
901.7292	NA	NA
901.8396	NA	NA
901.8766	NA	NA
901.9292	NA	NA
901.9659	NA	NA
901.9830	NA	NA
902.0039	NA	NA
902.0365	NA	NA
902.8502	NA	NA
902.9352	NA	NA
902.9563	NA	NA
903.1445	NA	NA
903.7016	NA	NA
903.8410	NA	NA
903.8691	NA	NA
903.8798	NA	NA
903.9022	NA	NA
904.0208	NA	NA
904.0572	NA	NA
904.0678	NA	NA
904.2740	NA	NA
904.2816	NA	NA
904.3257	NA	NA
904.4763	NA	NA
904.4844	NA	NA
904.4924	NA	NA
904.4997	NA	NA
904.5135	NA	NA
904.8608	NA	NA
904.8728	NA	NA
905.0517	NA	NA
905.0613	NA	NA
905.0681	NA	NA
905.1652	NA	NA
905.2216	NA	NA
905.2315	NA	NA
905.2382	NA	NA
905.2460	NA	NA
905.5624	NA	NA
905.5686	NA	NA
905.5847	NA	NA
905.6398	NA	NA
905.9316	NA	NA
905.9386	NA	NA
906.1481	NA	NA
906.1582	NA	NA
906.3448	NA	NA
906.3603	NA	NA
906.3704	NA	NA
906.3807	NA	NA
906.4340	NA	NA
906.4473	NA	NA
906.7544	NA	NA
906.7640	NA	NA
906.8708	NA	NA
906.8902	NA	NA
906.9022	NA	NA
906.9310	NA	NA
906.9399	NA	NA
906.9573	NA	NA
906.9717	NA	NA
907.1966	NA	NA
907.2032	NA	NA
907.2188	NA	NA
907.4833	NA	NA
907.4940	NA	NA
907.5003	NA	NA
907.5076	NA	NA
907.5196	NA	NA
907.5286	NA	NA
907.5414	NA	NA
907.7867	NA	NA
908.0482	NA	NA
908.0842	NA	NA
908.1081	NA	NA
908.1174	NA	NA
908.1255	NA	NA
908.4184	NA	NA
908.4309	NA	NA
908.4397	NA	NA
908.4493	NA	NA
908.5239	NA	NA
908.8292	NA	NA
909.0242	NA	NA
909.1110	NA	NA
909.1197	NA	NA
909.3748	NA	NA
909.3840	NA	NA
909.4273	NA	NA
909.4543	NA	NA
909.5458	NA	NA
909.5611	NA	NA
909.8224	NA	NA
909.8326	NA	NA
909.8396	NA	NA
909.8492	NA	NA
910.4002	NA	NA
910.4079	NA	NA
910.4157	NA	NA
910.5928	NA	NA
911.2606	NA	NA
911.4347	NA	NA
911.4722	NA	NA
911.4860	NA	NA
911.7966	NA	NA
911.8057	NA	NA
911.9381	NA	NA
911.9597	NA	NA
911.9683	NA	NA
912.3899	NA	NA
912.3982	NA	NA
912.4194	NA	NA
912.4275	NA	NA
912.4856	NA	NA
912.9765	NA	NA
913.0068	NA	NA
913.0131	NA	NA
913.0244	NA	NA
913.0494	NA	NA
913.3087	NA	NA
913.3155	NA	NA
913.4117	NA	NA
913.5925	NA	NA
913.5984	NA	NA
913.6460	NA	NA
913.6617	NA	NA
913.9970	NA	NA
914.0101	NA	NA
914.0860	NA	NA
914.1125	NA	NA
914.3353	NA	NA
914.6968	NA	NA
914.7159	NA	NA
915.2175	NA	NA
915.4028	NA	NA
915.5762	NA	NA
915.6497	NA	NA
915.6587	NA	NA
915.6725	NA	NA
916.3837	NA	NA
916.4022	NA	NA
916.4144	NA	NA
916.4392	NA	NA
916.4541	NA	NA
916.6507	NA	NA
916.6575	NA	NA
916.6646	NA	NA
916.6790	NA	NA
916.6919	NA	NA
916.7020	NA	NA
916.9074	NA	NA
916.9198	NA	NA
916.9312	NA	NA
917.0125	NA	NA
917.3616	NA	NA
917.3700	NA	NA
917.3944	NA	NA
917.4140	NA	NA
917.6359	NA	NA
917.7938	NA	NA
917.8018	NA	NA
918.0507	NA	NA
918.2615	NA	NA
918.2720	NA	NA
918.2853	NA	NA
918.2944	NA	NA
918.3033	NA	NA
918.3117	NA	NA
919.0490	NA	NA
919.0592	NA	NA
919.0902	NA	NA
919.0988	NA	NA
919.1068	NA	NA
919.1264	NA	NA
919.2313	NA	NA
919.3473	NA	NA
919.4775	NA	NA
919.4954	NA	NA
919.6757	NA	NA
919.6877	NA	NA
920.0318	NA	NA
920.3287	NA	NA
920.8935	NA	NA
920.9404	NA	NA
920.9507	NA	NA
921.1310	NA	NA
921.1691	NA	NA
921.5140	NA	NA
921.6193	NA	NA
921.6443	NA	NA
921.6888	NA	NA
921.8127	NA	NA
921.8297	NA	NA
922.3927	NA	NA
922.4006	NA	NA
922.6205	NA	NA
922.6479	NA	NA
922.7813	NA	NA
922.7944	NA	NA
923.1826	NA	NA
923.1960	NA	NA
923.3676	NA	NA
923.4724	NA	NA
923.7702	NA	NA
924.1593	NA	NA
924.1673	NA	NA
924.3546	NA	NA
924.3619	NA	NA
924.3705	NA	NA
924.5915	NA	NA
924.7097	NA	NA
925.1753	NA	NA
925.1813	NA	NA
925.1890	NA	NA
925.1953	NA	NA
925.2068	NA	NA
925.5170	NA	NA
925.6277	NA	NA
925.7356	NA	NA
925.8620	NA	NA
925.9698	NA	NA
926.0339	NA	NA
926.0470	NA	NA
926.0890	NA	NA
926.5091	NA	NA
926.5982	NA	NA
926.7282	NA	NA
926.7366	NA	NA
926.7482	NA	NA
926.8212	NA	NA
927.6630	NA	NA
927.7380	NA	NA
927.7671	NA	NA
928.1129	NA	NA
928.1238	NA	NA
928.1331	NA	NA
928.3383	NA	NA
928.6754	NA	NA
928.8071	NA	NA
928.8246	NA	NA
929.1620	NA	NA
929.3321	NA	NA
929.5099	NA	NA
929.5171	NA	NA
929.5778	NA	NA
929.5889	NA	NA
930.0539	NA	NA
930.0635	NA	NA
930.0809	NA	NA
930.2524	NA	NA
930.4566	NA	NA
930.6655	NA	NA
930.7543	NA	NA
931.0169	NA	NA
931.1179	NA	NA
931.4210	NA	NA
931.5618	NA	NA
931.6828	NA	NA
931.6903	NA	NA
931.6955	NA	NA
931.7006	NA	NA
931.7529	NA	NA
931.9804	NA	NA
932.0008	NA	NA
932.0487	NA	NA
932.0618	NA	NA
932.2430	NA	NA
932.6817	NA	NA
932.7207	NA	NA
932.7427	NA	NA
932.7476	NA	NA
932.7552	NA	NA
932.7858	NA	NA
932.8150	NA	NA
933.1056	NA	NA
933.1126	NA	NA
933.1248	NA	NA
933.7651	NA	NA
933.7764	NA	NA
934.1874	NA	NA
934.2425	NA	NA
934.2540	NA	NA
934.2608	NA	NA
934.2710	NA	NA
934.3135	NA	NA
934.3240	NA	NA
934.6209	NA	NA
935.0240	NA	NA
935.0321	NA	NA
935.0383	NA	NA
935.2617	NA	NA
935.2705	NA	NA
935.2823	NA	NA
935.2902	NA	NA
935.3154	NA	NA
935.4175	NA	NA
935.4274	NA	NA
936.1923	NA	NA
936.2259	NA	NA
936.5427	NA	NA
936.5763	NA	NA
936.6391	NA	NA
937.0696	NA	NA
937.0786	NA	NA
937.0866	NA	NA
937.0984	NA	NA
937.1078	NA	NA
937.1200	NA	NA
937.2803	NA	NA
937.4333	NA	NA
937.8014	NA	NA
937.8136	NA	NA
938.1125	NA	NA
938.1305	NA	NA
938.5525	NA	NA
938.5667	NA	NA
938.9637	NA	NA
939.4820	NA	NA
939.5701	NA	NA
939.7023	NA	NA
940.0441	NA	NA
940.2355	NA	NA
940.3237	NA	NA
940.3320	NA	NA
940.3439	NA	NA
940.6053	NA	NA
940.6638	NA	NA
940.6737	NA	NA
940.7024	NA	NA
940.8646	NA	NA
940.9977	NA	NA
941.0044	NA	NA
941.2471	NA	NA
941.6489	NA	NA
941.6902	NA	NA
941.9506	NA	NA
942.2373	NA	NA
942.2440	NA	NA
942.2546	NA	NA
942.2979	NA	NA
942.5364	NA	NA
942.7531	NA	NA
942.7633	NA	NA
943.0788	NA	NA
943.0910	NA	NA
943.5016	NA	NA
943.5083	NA	NA
943.5161	NA	NA
943.5523	NA	NA
943.6476	NA	NA
943.8762	NA	NA
944.0220	NA	NA
944.0389	NA	NA
944.3347	NA	NA
944.3438	NA	NA
944.6772	NA	NA
944.6971	NA	NA
944.7851	NA	NA
944.8533	NA	NA
945.0387	NA	NA
945.0948	NA	NA
945.2060	NA	NA
945.2175	NA	NA
945.9523	NA	NA
946.8627	NA	NA
946.8715	NA	NA
947.1732	NA	NA
947.1863	NA	NA
947.1993	NA	NA
947.4650	NA	NA
947.4699	NA	NA
947.4934	NA	NA
947.5956	NA	NA
947.7652	NA	NA
947.9159	NA	NA
948.5965	NA	NA
948.6443	NA	NA
948.6600	NA	NA
948.6739	NA	NA
948.9891	NA	NA
948.9968	NA	NA
949.0263	NA	NA
949.1843	NA	NA
949.2513	NA	NA
949.6101	NA	NA
949.7197	NA	NA
949.7302	NA	NA
950.3463	NA	NA
950.4653	NA	NA
950.4778	NA	NA
950.4861	NA	NA
950.7106	NA	NA
950.9220	NA	NA
950.9397	NA	NA
951.0766	NA	NA
951.0960	NA	NA
951.1054	NA	NA
951.2366	NA	NA
951.2470	NA	NA
951.2577	NA	NA
951.4840	NA	NA
951.4931	NA	NA
951.5038	NA	NA
951.5216	NA	NA
951.7072	NA	NA
952.1060	NA	NA
952.1170	NA	NA
952.1273	NA	NA
952.4302	NA	NA
952.9222	NA	NA
952.9306	NA	NA
952.9503	NA	NA
953.3508	NA	NA
953.3606	NA	NA
953.3772	NA	NA
953.5488	NA	NA
953.7643	NA	NA
953.7799	NA	NA
954.4750	NA	NA
954.4863	NA	NA
954.5364	NA	NA
954.6280	NA	NA
954.7122	NA	NA
954.7429	NA	NA
954.9377	NA	NA
954.9914	NA	NA
955.0001	NA	NA
955.0244	NA	NA
955.4916	NA	NA
955.4994	NA	NA
955.7164	NA	NA
955.7230	NA	NA
955.7296	NA	NA
955.7380	NA	NA
956.6880	NA	NA
956.7050	NA	NA
956.7226	NA	NA
957.0430	NA	NA
957.1390	NA	NA
957.1849	NA	NA
957.4764	NA	NA
957.4942	NA	NA
957.5147	NA	NA
958.1595	NA	NA
958.1684	NA	NA
958.5566	NA	NA
958.5639	NA	NA
958.5908	NA	NA
958.6007	NA	NA
958.7277	NA	NA
959.1818	NA	NA
959.2072	NA	NA
959.5320	NA	NA
959.5403	NA	NA
959.5459	NA	NA
959.5557	NA	NA
959.5670	NA	NA
959.5988	NA	NA
959.6352	NA	NA
959.6464	NA	NA
959.6560	NA	NA
959.6675	NA	NA
960.0243	NA	NA
960.1824	NA	NA
960.8441	NA	NA
961.2657	NA	NA
961.7530	NA	NA
961.7642	NA	NA
962.2058	NA	NA
962.6890	NA	NA
962.9397	NA	NA
963.6403	NA	NA
963.6478	NA	NA
963.6551	NA	NA
964.1141	NA	NA
964.1253	NA	NA
964.5748	NA	NA
965.1141	NA	NA
965.4777	NA	NA
965.4971	NA	NA
966.1526	NA	NA
966.1746	NA	NA
966.1865	NA	NA
966.1959	NA	NA
966.3724	NA	NA
966.3799	NA	NA
966.3954	NA	NA
966.4094	NA	NA
966.4389	NA	NA
966.7388	NA	NA
966.7505	NA	NA
966.9778	NA	NA
967.3433	NA	NA
967.3508	NA	NA
967.3572	NA	NA
967.4975	NA	NA
968.0466	NA	NA
968.0716	NA	NA
968.1755	NA	NA
968.3912	NA	NA
968.4048	NA	NA
968.9519	NA	NA
968.9856	NA	NA
968.9927	NA	NA
969.0048	NA	NA
969.0672	NA	NA
969.3897	NA	NA
969.6333	NA	NA
969.7283	NA	NA
969.8641	NA	NA
970.1181	NA	NA
970.2169	NA	NA
970.9422	NA	NA
971.4890	NA	NA
971.4983	NA	NA
971.5302	NA	NA
971.8749	NA	NA
971.9492	NA	NA
971.9590	NA	NA
971.9702	NA	NA
972.0964	NA	NA
972.1060	NA	NA
972.1189	NA	NA
972.3228	NA	NA
972.5362	NA	NA
972.5427	NA	NA
972.5514	NA	NA
972.5633	NA	NA
972.5722	NA	NA
972.9673	NA	NA
972.9744	NA	NA
972.9864	NA	NA
973.3081	NA	NA
973.6861	NA	NA
974.0222	NA	NA
974.0289	NA	NA
974.0370	NA	NA
974.0525	NA	NA
974.0776	NA	NA
974.1468	NA	NA
974.6392	NA	NA
974.7002	NA	NA
974.7106	NA	NA
974.8471	NA	NA
975.2338	NA	NA
975.4490	NA	NA
975.4559	NA	NA
975.5922	NA	NA
975.6257	NA	NA
976.6771	NA	NA
976.9160	NA	NA
976.9303	NA	NA
977.0951	NA	NA
977.1636	NA	NA
977.1726	NA	NA
977.1943	NA	NA
977.4629	NA	NA
977.6243	NA	NA
977.6376	NA	NA
977.9245	NA	NA
978.0405	NA	NA
978.0502	NA	NA
978.3307	NA	NA
978.8231	NA	NA
978.9182	NA	NA
978.9287	NA	NA
978.9388	NA	NA
979.0489	NA	NA
979.2149	NA	NA
979.5223	NA	NA
979.5311	NA	NA
979.8292	NA	NA
979.8417	NA	NA
980.5183	NA	NA
980.5362	NA	NA
980.5448	NA	NA
980.5561	NA	NA
980.7600	NA	NA
980.7680	NA	NA
980.7843	NA	NA
980.9609	NA	NA
980.9740	NA	NA
980.9871	NA	NA
981.2693	NA	NA
982.2926	NA	NA
982.3697	NA	NA
982.5717	NA	NA
982.5862	NA	NA
982.7583	NA	NA
982.7712	NA	NA
982.9803	NA	NA
983.0020	NA	NA
983.1448	NA	NA
983.2542	NA	NA
983.2619	NA	NA
983.2877	NA	NA
983.2954	NA	NA
983.3729	NA	NA
983.6880	NA	NA
983.6979	NA	NA
983.7049	NA	NA
983.9155	NA	NA
983.9390	NA	NA
984.0418	NA	NA
984.0519	NA	NA
984.8802	NA	NA
984.8865	NA	NA
984.8952	NA	NA
984.9412	NA	NA
984.9641	NA	NA
985.3665	NA	NA
985.3744	NA	NA
985.5050	NA	NA
985.5362	NA	NA
985.5486	NA	NA
985.7693	NA	NA
985.8228	NA	NA
986.2443	NA	NA
986.4282	NA	NA
986.8865	NA	NA
986.8940	NA	NA
986.9034	NA	NA
986.9105	NA	NA
987.0424	NA	NA
987.0866	NA	NA
987.3046	NA	NA
987.8389	NA	NA
987.9785	NA	NA
988.2063	NA	NA
988.7174	NA	NA
988.7354	NA	NA
988.7487	NA	NA
988.7691	NA	NA
988.7784	NA	NA
988.9057	NA	NA
988.9373	NA	NA
989.1178	NA	NA
989.8654	NA	NA
990.1136	NA	NA
990.1208	NA	NA
990.1281	NA	NA
990.1368	NA	NA
990.7753	NA	NA
990.7865	NA	NA
991.0494	NA	NA
991.1786	NA	NA
991.3876	NA	NA
991.5965	NA	NA
991.6075	NA	NA
991.6163	NA	NA
991.6330	NA	NA
991.6438	NA	NA
991.7574	NA	NA
991.9592	NA	NA
992.3910	NA	NA
992.4055	NA	NA
992.8010	NA	NA
992.8432	NA	NA
992.8611	NA	NA
992.8733	NA	NA
993.4388	NA	NA
993.4474	NA	NA
993.8417	NA	NA
993.8612	NA	NA
993.9620	NA	NA
994.0117	NA	NA
994.5370	NA	NA
994.5605	NA	NA
994.7508	NA	NA
994.9275	NA	NA
995.1030	NA	NA
995.1119	NA	NA
995.1233	NA	NA
995.6041	NA	NA
995.6268	NA	NA
995.8368	NA	NA
996.4794	NA	NA
996.4878	NA	NA
996.4997	NA	NA
996.5100	NA	NA
996.5181	NA	NA
996.5247	NA	NA
996.5360	NA	NA
996.8197	NA	NA
997.1367	NA	NA
997.1476	NA	NA
997.1590	NA	NA
997.4530	NA	NA
997.4739	NA	NA
997.4847	NA	NA
997.4935	NA	NA
998.1021	NA	NA
998.1352	NA	NA
998.1480	NA	NA
998.2344	NA	NA
998.2421	NA	NA
998.4917	NA	NA
998.4997	NA	NA
998.5159	NA	NA
998.6647	NA	NA
998.6788	NA	NA
998.7166	NA	NA
999.0874	NA	NA
999.0949	NA	NA
999.1150	NA	NA
999.3543	NA	NA
999.3684	NA	NA
999.4915	NA	NA
999.4988	NA	NA
1000.3596	NA	NA
1000.3694	NA	NA
1000.3770	NA	NA
1000.9690	NA	NA
1000.9768	NA	NA
1000.9990	NA	NA
1001.0058	NA	NA
1001.0164	NA	NA
1001.0246	NA	NA
1001.1971	NA	NA
1001.4031	NA	NA
1001.5253	NA	NA
1001.5376	NA	NA
1001.6806	NA	NA
1001.9631	NA	NA
1001.9919	NA	NA
1002.0327	NA	NA
1002.3406	NA	NA
1002.3759	NA	NA
1003.0183	NA	NA
1003.1899	NA	NA
1003.2689	NA	NA
1003.2926	NA	NA
1003.3010	NA	NA
1003.3084	NA	NA
1003.3153	NA	NA
1003.3245	NA	NA
1003.3335	NA	NA
1003.3440	NA	NA
1003.5674	NA	NA
1003.5762	NA	NA
1003.8991	NA	NA
1003.9081	NA	NA
1004.3355	NA	NA
1004.3437	NA	NA
1004.7732	NA	NA
1005.2978	NA	NA
1005.6203	NA	NA
1005.6521	NA	NA
1005.6586	NA	NA
1005.6653	NA	NA
1005.6716	NA	NA
1005.6824	NA	NA
1005.7324	NA	NA
1006.1877	NA	NA
1006.4370	NA	NA
1006.6600	NA	NA
1006.6823	NA	NA
1006.8328	NA	NA
1007.1769	NA	NA
1007.6901	NA	NA
1007.6989	NA	NA
1007.7075	NA	NA
1007.7193	NA	NA
1007.7333	NA	NA
1007.8141	NA	NA
1007.8617	NA	NA
1008.1932	NA	NA
1008.6552	NA	NA
1008.9628	NA	NA
1008.9717	NA	NA
1008.9799	NA	NA
1008.9883	NA	NA
1009.0129	NA	NA
1009.4699	NA	NA
1009.4768	NA	NA
1009.4877	NA	NA
1009.6668	NA	NA
1009.7658	NA	NA
1009.7762	NA	NA
1009.7944	NA	NA
1010.6195	NA	NA
1010.6342	NA	NA
1010.6557	NA	NA
1010.8386	NA	NA
1010.8477	NA	NA
1010.8910	NA	NA
1010.9018	NA	NA
1010.9177	NA	NA
1011.2430	NA	NA
1011.2525	NA	NA
1011.2637	NA	NA
1011.2804	NA	NA
1011.3030	NA	NA
1011.5661	NA	NA
1011.5868	NA	NA
1011.5966	NA	NA
1011.6029	NA	NA
1012.6066	NA	NA
1012.6332	NA	NA
1012.6513	NA	NA
1012.6680	NA	NA
1012.7268	NA	NA
1012.7399	NA	NA
1012.7608	NA	NA
1012.7730	NA	NA
1012.9995	NA	NA
1013.6709	NA	NA
1013.6872	NA	NA
1013.9122	NA	NA
1013.9266	NA	NA
1013.9349	NA	NA
1013.9777	NA	NA
1013.9872	NA	NA
1013.9977	NA	NA
1014.1017	NA	NA
1014.1167	NA	NA
1014.5294	NA	NA
1014.5366	NA	NA
1014.5502	NA	NA
1014.6446	NA	NA
1015.1373	NA	NA
1015.8792	NA	NA
1015.9093	NA	NA
1015.9213	NA	NA
1016.3159	NA	NA
1016.3244	NA	NA
1016.5282	NA	NA
1017.1702	NA	NA
1017.1771	NA	NA
1017.1893	NA	NA
1017.2066	NA	NA
1017.2993	NA	NA
1017.3073	NA	NA
1017.9217	NA	NA
1018.1292	NA	NA
1018.1530	NA	NA
1018.1720	NA	NA
1018.7949	NA	NA
1018.8160	NA	NA
1019.0672	NA	NA
1019.3999	NA	NA
1019.4090	NA	NA
1019.4162	NA	NA
1019.4272	NA	NA
1019.4528	NA	NA
1019.5469	NA	NA
1019.9367	NA	NA
1020.1238	NA	NA
1020.1326	NA	NA
1020.1525	NA	NA
1020.5940	NA	NA
1020.7431	NA	NA
1020.7532	NA	NA
1021.0229	NA	NA
1021.2044	NA	NA
1021.3131	NA	NA
1021.3256	NA	NA
1021.7716	NA	NA
1021.7903	NA	NA
1022.3236	NA	NA
1022.5693	NA	NA
1022.5802	NA	NA
1022.6345	NA	NA
1022.6483	NA	NA
1023.3990	NA	NA
1023.4137	NA	NA
1023.8328	NA	NA
1023.8440	NA	NA
1023.8540	NA	NA
1024.0772	NA	NA
1024.0842	NA	NA
1024.4102	NA	NA
1024.4452	NA	NA
1024.6841	NA	NA
1024.6924	NA	NA
1025.0878	NA	NA
1025.1273	NA	NA
1025.5385	NA	NA
1026.5563	NA	NA
1026.5646	NA	NA
1026.8000	NA	NA
1027.1016	NA	NA
1027.3921	NA	NA
1027.4080	NA	NA
1027.6833	NA	NA
1027.6904	NA	NA
1027.7098	NA	NA
1028.0002	NA	NA
1028.1203	NA	NA
1028.1304	NA	NA
1028.5546	NA	NA
1028.5644	NA	NA
1028.5944	NA	NA
1028.6023	NA	NA
1028.6106	NA	NA
1028.6737	NA	NA
1029.1235	NA	NA
1029.1322	NA	NA
1029.1416	NA	NA
1029.3450	NA	NA
1030.1084	NA	NA
1030.1236	NA	NA
1030.2294	NA	NA
1030.2394	NA	NA
1031.1910	NA	NA
1031.2044	NA	NA
1031.2559	NA	NA
1031.2691	NA	NA
1031.5030	NA	NA
1031.5159	NA	NA
1031.5323	NA	NA
1031.8132	NA	NA
1031.8294	NA	NA
1031.9812	NA	NA
1031.9924	NA	NA
1032.5360	NA	NA
1032.5658	NA	NA
1033.1976	NA	NA
1033.2040	NA	NA
1033.2156	NA	NA
1033.8604	NA	NA
1034.6088	NA	NA
1034.6253	NA	NA
1034.8399	NA	NA
1035.4067	NA	NA
1035.7546	NA	NA
1035.7824	NA	NA
1036.3296	NA	NA
1036.3392	NA	NA
1036.3581	NA	NA
1036.3698	NA	NA
1036.3863	NA	NA
1037.7452	NA	NA
1037.7533	NA	NA
1037.7737	NA	NA
1037.9156	NA	NA
1038.4660	NA	NA
1038.4736	NA	NA
1038.4884	NA	NA
1038.5006	NA	NA
1038.5577	NA	NA
1038.9085	NA	NA
1038.9417	NA	NA
1038.9591	NA	NA
1039.4850	NA	NA
1039.5070	NA	NA
1039.8587	NA	NA
1039.9369	NA	NA
1040.5603	NA	NA
1040.5843	NA	NA
1041.0426	NA	NA
1041.0511	NA	NA
1041.0594	NA	NA
1041.5043	NA	NA
1041.5162	NA	NA
1041.7116	NA	NA
1041.7245	NA	NA
1042.1134	NA	NA
1042.4884	NA	NA
1042.6424	NA	NA
1042.6502	NA	NA
1042.6573	NA	NA
1042.6674	NA	NA
1042.9592	NA	NA
1043.0984	NA	NA
1043.2513	NA	NA
1043.2566	NA	NA
1043.2644	NA	NA
1043.8668	NA	NA
1044.2413	NA	NA
1044.2514	NA	NA
1044.2987	NA	NA
1044.3084	NA	NA
1044.5529	NA	NA
1045.0380	NA	NA
1045.4435	NA	NA
1045.4508	NA	NA
1045.4580	NA	NA
1045.4659	NA	NA
1045.4830	NA	NA
1045.6778	NA	NA
1045.6866	NA	NA
1047.2846	NA	NA
1047.2941	NA	NA
1047.3084	NA	NA
1047.6450	NA	NA
1047.6523	NA	NA
1047.6614	NA	NA
1047.6779	NA	NA
1047.6886	NA	NA
1047.7012	NA	NA
1047.7587	NA	NA
1048.1368	NA	NA
1049.1482	NA	NA
1049.1568	NA	NA
1049.1785	NA	NA
1049.2153	NA	NA
1049.3668	NA	NA
1049.3755	NA	NA
1049.3889	NA	NA
1049.8147	NA	NA
1049.8317	NA	NA
1049.9122	NA	NA
1050.3300	NA	NA
1050.3481	NA	NA
1050.3748	NA	NA
1050.3886	NA	NA
1050.4430	NA	NA
1050.5513	NA	NA
1051.1839	NA	NA
1051.1950	NA	NA
1051.6557	NA	NA
1051.8297	NA	NA
1051.8679	NA	NA
1051.8825	NA	NA
1052.1074	NA	NA
1052.3526	NA	NA
1052.7487	NA	NA
1053.1180	NA	NA
1053.6846	NA	NA
1053.7060	NA	NA
1053.7173	NA	NA
1053.9354	NA	NA
1054.4224	NA	NA
1055.2374	NA	NA
1055.2481	NA	NA
1055.2596	NA	NA
1055.2668	NA	NA
1055.2907	NA	NA
1055.7594	NA	NA
1055.7735	NA	NA
1056.0627	NA	NA
1056.1466	NA	NA
1056.3723	NA	NA
1056.3876	NA	NA
1056.3940	NA	NA
1057.2067	NA	NA
1057.2174	NA	NA
1057.2287	NA	NA
1057.4118	NA	NA
1057.4213	NA	NA
1057.4313	NA	NA
1057.7905	NA	NA
1057.8713	NA	NA
1058.1470	NA	NA
1058.1587	NA	NA
1058.1679	NA	NA
1058.2140	NA	NA
1058.2640	NA	NA
1058.5610	NA	NA
1058.5732	NA	NA
1058.9969	NA	NA
1059.3382	NA	NA
1059.6448	NA	NA
1060.1819	NA	NA
1060.1895	NA	NA
1060.2001	NA	NA
1060.2215	NA	NA
1060.2298	NA	NA
1060.2372	NA	NA
1060.4697	NA	NA
1061.1800	NA	NA
1061.1891	NA	NA
1061.3531	NA	NA
1061.4660	NA	NA
1061.5372	NA	NA
1062.0959	NA	NA
1062.1300	NA	NA
1062.1474	NA	NA
1063.0575	NA	NA
1063.2343	NA	NA
1063.2410	NA	NA
1064.2319	NA	NA
1064.3695	NA	NA
1064.3762	NA	NA
1064.3853	NA	NA
1064.3987	NA	NA
1064.6348	NA	NA
1064.6508	NA	NA
1064.6595	NA	NA
1064.6725	NA	NA
1064.6892	NA	NA
1064.6950	NA	NA
1065.1591	NA	NA
1065.1654	NA	NA
1065.1712	NA	NA
1065.4110	NA	NA
1065.4193	NA	NA
1065.4305	NA	NA
1065.4444	NA	NA
1065.5679	NA	NA
1065.7126	NA	NA
1065.7195	NA	NA
1066.3016	NA	NA
1066.3126	NA	NA
1066.3283	NA	NA
1066.5358	NA	NA
1066.8809	NA	NA
1067.4928	NA	NA
1067.6988	NA	NA
1067.7141	NA	NA
1067.7262	NA	NA
1067.7381	NA	NA
1067.7503	NA	NA
1068.4801	NA	NA
1068.4921	NA	NA
1068.9047	NA	NA
1068.9146	NA	NA
1069.0256	NA	NA
1069.3961	NA	NA
1069.4040	NA	NA
1069.4123	NA	NA
1069.4247	NA	NA
1069.4402	NA	NA
1069.7836	NA	NA
1069.7909	NA	NA
1069.8129	NA	NA
1069.8660	NA	NA
1070.0038	NA	NA
1070.0095	NA	NA
1070.0160	NA	NA
1070.0253	NA	NA
1070.0326	NA	NA
1070.0407	NA	NA
1070.0488	NA	NA
1070.5002	NA	NA
1070.5128	NA	NA
1070.5239	NA	NA
1071.0180	NA	NA
1071.4921	NA	NA
1071.6464	NA	NA
1071.6630	NA	NA
1071.9762	NA	NA
1071.9954	NA	NA
1072.2737	NA	NA
1072.2911	NA	NA
1072.7611	NA	NA
1072.7864	NA	NA
1072.8627	NA	NA
1073.1348	NA	NA
1073.1577	NA	NA
1073.1695	NA	NA
1073.3624	NA	NA
1073.3738	NA	NA
1073.4192	NA	NA
1073.8204	NA	NA
1074.3150	NA	NA
1074.6056	NA	NA
1074.6116	NA	NA
1075.2579	NA	NA
1075.2719	NA	NA
1075.2849	NA	NA
1075.5031	NA	NA
1075.6634	NA	NA
1075.6811	NA	NA
1075.6948	NA	NA
1075.7259	NA	NA
1076.2654	NA	NA
1077.2732	NA	NA
1077.5830	NA	NA
1077.5950	NA	NA
1077.6119	NA	NA
1078.4497	NA	NA
1078.4768	NA	NA
1079.0176	NA	NA
1079.0249	NA	NA
1079.0340	NA	NA
1079.0440	NA	NA
1079.0540	NA	NA
1079.5844	NA	NA
1079.6059	NA	NA
1079.6922	NA	NA
1079.9754	NA	NA
1080.2014	NA	NA
1080.2096	NA	NA
1080.2241	NA	NA
1080.2341	NA	NA
1080.7738	NA	NA
1080.8016	NA	NA
1081.0302	NA	NA
1081.0661	NA	NA
1081.8148	NA	NA
1082.0316	NA	NA
1082.4595	NA	NA
1082.4679	NA	NA
1083.4464	NA	NA
1083.4531	NA	NA
1084.1385	NA	NA
1084.1542	NA	NA
1084.5567	NA	NA
1084.8606	NA	NA
1084.8791	NA	NA
1084.8919	NA	NA
1085.0622	NA	NA
1085.7598	NA	NA
1085.7678	NA	NA
1086.3151	NA	NA
1086.7078	NA	NA
1086.7273	NA	NA
1087.4356	NA	NA
1087.4518	NA	NA
1087.7554	NA	NA
1087.7803	NA	NA
1087.7910	NA	NA
1088.1412	NA	NA
1088.3941	NA	NA
1088.3995	NA	NA
1088.4051	NA	NA
1088.4255	NA	NA
1088.4332	NA	NA
1088.4427	NA	NA
1088.6712	NA	NA
1088.6782	NA	NA
1088.6861	NA	NA
1088.6939	NA	NA
1088.8107	NA	NA
1088.8210	NA	NA
1088.8284	NA	NA
1089.6862	NA	NA
1090.1561	NA	NA
1090.7238	NA	NA
1090.7406	NA	NA
1090.7500	NA	NA
1090.7573	NA	NA
1090.7697	NA	NA
1090.8039	NA	NA
1090.8154	NA	NA
1091.2379	NA	NA
1091.4606	NA	NA
1091.4753	NA	NA
1091.8535	NA	NA
1091.9802	NA	NA
1091.9951	NA	NA
1092.0060	NA	NA
1092.3404	NA	NA
1092.3530	NA	NA
1092.7443	NA	NA
1092.7552	NA	NA
1093.2653	NA	NA
1093.2737	NA	NA
1093.4566	NA	NA
1093.4645	NA	NA
1093.4767	NA	NA
1093.8008	NA	NA
1093.9365	NA	NA
1093.9912	NA	NA
1094.1866	NA	NA
1094.2023	NA	NA
1094.8595	NA	NA
1094.8688	NA	NA
1094.8782	NA	NA
1094.8853	NA	NA
1094.8943	NA	NA
1095.6269	NA	NA
1095.6346	NA	NA
1095.6434	NA	NA
1096.1686	NA	NA
1096.5575	NA	NA
1096.5704	NA	NA
1096.5815	NA	NA
1096.5983	NA	NA
1096.8470	NA	NA
1096.8659	NA	NA
1097.3145	NA	NA
1097.5666	NA	NA
1097.5748	NA	NA
1097.5851	NA	NA
1097.5992	NA	NA
1098.2100	NA	NA
1099.5376	NA	NA
1099.5691	NA	NA
1099.5813	NA	NA
1099.6011	NA	NA
1099.6095	NA	NA
1099.6181	NA	NA
1099.9979	NA	NA
1100.2114	NA	NA
1100.6226	NA	NA
1100.6394	NA	NA
1100.6592	NA	NA
1100.8235	NA	NA
1100.8752	NA	NA
1101.1839	NA	NA
1101.3668	NA	NA
1101.4602	NA	NA
1102.0147	NA	NA
1102.0244	NA	NA
1102.0694	NA	NA
1102.0790	NA	NA
1102.0891	NA	NA
1102.1004	NA	NA
1102.1296	NA	NA
1102.2236	NA	NA
1103.1210	NA	NA
1103.1395	NA	NA
1103.1584	NA	NA
1103.1679	NA	NA
1103.5411	NA	NA
1103.5506	NA	NA
1103.5748	NA	NA
1104.3053	NA	NA
1104.3125	NA	NA
1104.3232	NA	NA
1104.3446	NA	NA
1104.3524	NA	NA
1104.3587	NA	NA
1104.3717	NA	NA
1105.2436	NA	NA
1105.4702	NA	NA
1105.4769	NA	NA
1106.0922	NA	NA
1106.1013	NA	NA
1107.2872	NA	NA
1107.8924	NA	NA
1107.9017	NA	NA
1107.9158	NA	NA
1108.3057	NA	NA
1108.3177	NA	NA
1108.3248	NA	NA
1108.3370	NA	NA
1108.6754	NA	NA
1108.6850	NA	NA
1108.6918	NA	NA
1109.1950	NA	NA
1109.2031	NA	NA
1109.3265	NA	NA
1109.3349	NA	NA
1109.3423	NA	NA
1109.3570	NA	NA
1109.4740	NA	NA
1109.9319	NA	NA
1110.1379	NA	NA
1110.1511	NA	NA
1110.4813	NA	NA
1110.4873	NA	NA
1110.4956	NA	NA
1110.5038	NA	NA
1110.5279	NA	NA
1110.5726	NA	NA
1110.5838	NA	NA
1110.5982	NA	NA
1110.6063	NA	NA
1110.9487	NA	NA
1111.6377	NA	NA
1111.6465	NA	NA
1111.9724	NA	NA
1111.9846	NA	NA
1112.2857	NA	NA
1112.2919	NA	NA
1112.3021	NA	NA
1113.1936	NA	NA
1113.3672	NA	NA
1114.1257	NA	NA
1114.1344	NA	NA
1114.1415	NA	NA
1114.1597	NA	NA
1114.1763	NA	NA
1114.4222	NA	NA
1114.4329	NA	NA
1115.2866	NA	NA
1115.2972	NA	NA
1115.3395	NA	NA
1115.3751	NA	NA
1115.3999	NA	NA
1116.2189	NA	NA
1116.2399	NA	NA
1116.2555	NA	NA
1117.4020	NA	NA
1117.4120	NA	NA
1117.4221	NA	NA
1117.9213	NA	NA
1117.9296	NA	NA
1118.3264	NA	NA
1118.3372	NA	NA
1118.3487	NA	NA
1118.3872	NA	NA
1119.0586	NA	NA
1119.0768	NA	NA
1119.3281	NA	NA
1119.3356	NA	NA
1119.3462	NA	NA
1119.4505	NA	NA
1119.6731	NA	NA
1119.7716	NA	NA
1120.2660	NA	NA
1120.3482	NA	NA
1120.3775	NA	NA
1120.3882	NA	NA
1120.5729	NA	NA
1121.0086	NA	NA
1121.8133	NA	NA
1121.8244	NA	NA
1121.8358	NA	NA
1121.9069	NA	NA
1121.9199	NA	NA
1122.3087	NA	NA
1122.4972	NA	NA
1122.5125	NA	NA
1123.0833	NA	NA
1123.1018	NA	NA
1123.2676	NA	NA
1123.5336	NA	NA
1123.5844	NA	NA
1123.5940	NA	NA
1124.4875	NA	NA
1124.5114	NA	NA
1124.5269	NA	NA
1124.8382	NA	NA
1124.8558	NA	NA
1124.8669	NA	NA
1124.9660	NA	NA
1124.9777	NA	NA
1124.9867	NA	NA
1124.9979	NA	NA
1125.0335	NA	NA
1125.0446	NA	NA
1125.0555	NA	NA
1125.3223	NA	NA
1125.3293	NA	NA
1125.3389	NA	NA
1125.8463	NA	NA
1126.4058	NA	NA
1126.4178	NA	NA
1126.7836	NA	NA
1126.8102	NA	NA
1127.5342	NA	NA
1127.9112	NA	NA
1128.3130	NA	NA
1128.3343	NA	NA
1128.4653	NA	NA
1128.8469	NA	NA
1128.8632	NA	NA
1129.4890	NA	NA
1130.0664	NA	NA
1130.3704	NA	NA
1130.3775	NA	NA
1130.3861	NA	NA
1130.5269	NA	NA
1130.9596	NA	NA
1131.0036	NA	NA
1131.8001	NA	NA
1131.8153	NA	NA
1131.8302	NA	NA
1132.3527	NA	NA
1132.6128	NA	NA
1133.0150	NA	NA
1133.0297	NA	NA
1133.0626	NA	NA
1133.5269	NA	NA
1133.5356	NA	NA
1134.3980	NA	NA
1134.4136	NA	NA
1134.5727	NA	NA
1134.5810	NA	NA
1134.5905	NA	NA
1134.9081	NA	NA
1134.9168	NA	NA
1134.9268	NA	NA
1134.9478	NA	NA
1135.3093	NA	NA
1135.3201	NA	NA
1135.3307	NA	NA
1135.4336	NA	NA
1135.6997	NA	NA
1135.7063	NA	NA
1135.7150	NA	NA
1136.3519	NA	NA
1136.3698	NA	NA
1136.7426	NA	NA
1136.8614	NA	NA
1136.8687	NA	NA
1137.1155	NA	NA
1137.1278	NA	NA
1137.3888	NA	NA
1137.4052	NA	NA
1137.6663	NA	NA
1137.6775	NA	NA
1137.9702	NA	NA
1138.4532	NA	NA
1138.4620	NA	NA
1138.4721	NA	NA
1138.4828	NA	NA
1138.8375	NA	NA
1138.9883	NA	NA
1138.9947	NA	NA
1139.0161	NA	NA
1139.5237	NA	NA
1139.5510	NA	NA
1140.3670	NA	NA
1140.3815	NA	NA
1140.3909	NA	NA
1140.8331	NA	NA
1140.8420	NA	NA
1141.1444	NA	NA
1141.3141	NA	NA
1141.3271	NA	NA
1141.3392	NA	NA
1141.6362	NA	NA
1142.2567	NA	NA
1142.5164	NA	NA
1143.3732	NA	NA
1143.3875	NA	NA
1143.7270	NA	NA
1143.7368	NA	NA
1143.9421	NA	NA
1144.0516	NA	NA
1144.5144	NA	NA
1144.5328	NA	NA
1144.5419	NA	NA
1145.2595	NA	NA
1145.6276	NA	NA
1145.6433	NA	NA
1145.6557	NA	NA
1145.7173	NA	NA
1145.7906	NA	NA
1146.2984	NA	NA
1146.8268	NA	NA
1147.4735	NA	NA
1147.6627	NA	NA
1147.8527	NA	NA
1148.6582	NA	NA
1148.6696	NA	NA
1148.6782	NA	NA
1148.6933	NA	NA
1148.8236	NA	NA
1149.0366	NA	NA
1149.9844	NA	NA
1150.0144	NA	NA
1150.0307	NA	NA
1150.0385	NA	NA
1150.0597	NA	NA
1150.0796	NA	NA
1150.9249	NA	NA
1150.9346	NA	NA
1151.3133	NA	NA
1152.2303	NA	NA
1152.2582	NA	NA
1152.5361	NA	NA
1153.2602	NA	NA
1153.3799	NA	NA
1153.3914	NA	NA
1154.2909	NA	NA
1154.3054	NA	NA
1154.3159	NA	NA
1154.5112	NA	NA
1154.9137	NA	NA
1154.9263	NA	NA
1155.5787	NA	NA
1156.0108	NA	NA
1156.2904	NA	NA
1156.3004	NA	NA
1156.3094	NA	NA
1156.3193	NA	NA
1156.7285	NA	NA
1156.7661	NA	NA
1156.8008	NA	NA
1156.9484	NA	NA
1156.9752	NA	NA
1157.3907	NA	NA
1158.3719	NA	NA
1158.3800	NA	NA
1158.5667	NA	NA
1158.6230	NA	NA
1158.7978	NA	NA
1159.1599	NA	NA
1159.1795	NA	NA
1159.1938	NA	NA
1159.7057	NA	NA
1159.7754	NA	NA
1159.7927	NA	NA
1159.8012	NA	NA
1159.9324	NA	NA
1159.9410	NA	NA
1160.0166	NA	NA
1160.6984	NA	NA
1160.7051	NA	NA
1160.7148	NA	NA
1160.7225	NA	NA
1160.7337	NA	NA
1161.1612	NA	NA
1161.1921	NA	NA
1161.3255	NA	NA
1161.3355	NA	NA
1161.3424	NA	NA
1161.8034	NA	NA
1161.8143	NA	NA
1161.8421	NA	NA
1161.8547	NA	NA
1161.8642	NA	NA
1162.0488	NA	NA
1162.0583	NA	NA
1162.0674	NA	NA
1163.2356	NA	NA
1163.2449	NA	NA
1163.2974	NA	NA
1163.3057	NA	NA
1164.0989	NA	NA
1164.1104	NA	NA
1164.1270	NA	NA
1164.1674	NA	NA
1164.3696	NA	NA
1164.3756	NA	NA
1164.3810	NA	NA
1164.3940	NA	NA
1164.4264	NA	NA
1164.4325	NA	NA
1164.4395	NA	NA
1164.6305	NA	NA
1164.6432	NA	NA
1164.6974	NA	NA
1164.7065	NA	NA
1165.3013	NA	NA
1165.7078	NA	NA
1165.7158	NA	NA
1165.9963	NA	NA
1166.0329	NA	NA
1166.0414	NA	NA
1166.0506	NA	NA
1166.0645	NA	NA
1166.4871	NA	NA
1166.4951	NA	NA
1166.5089	NA	NA
1166.5220	NA	NA
1167.3553	NA	NA
1167.8039	NA	NA
1168.1066	NA	NA
1168.3764	NA	NA
1168.3837	NA	NA
1168.3913	NA	NA
1168.4017	NA	NA
1168.4173	NA	NA
1169.2393	NA	NA
1169.2524	NA	NA
1169.2672	NA	NA
1169.5878	NA	NA
1170.2031	NA	NA
1170.2202	NA	NA
1170.2431	NA	NA
1171.3616	NA	NA
1171.3712	NA	NA
1171.3814	NA	NA
1171.3980	NA	NA
1171.6381	NA	NA
1171.8443	NA	NA
1172.0424	NA	NA
1172.0493	NA	NA
1172.7235	NA	NA
1172.7353	NA	NA
1172.7471	NA	NA
1172.7540	NA	NA
1172.7629	NA	NA
1173.0003	NA	NA
1173.0477	NA	NA
1173.0593	NA	NA
1174.4904	NA	NA
1174.7044	NA	NA
1174.7148	NA	NA
1175.0501	NA	NA
1175.6824	NA	NA
1175.6912	NA	NA
1175.6991	NA	NA
1175.7077	NA	NA
1176.2336	NA	NA
1176.2450	NA	NA
1176.2556	NA	NA
1176.2658	NA	NA
1176.3035	NA	NA
1176.3132	NA	NA
1177.0840	NA	NA
1177.7199	NA	NA
1178.0503	NA	NA
1178.0852	NA	NA
1178.3646	NA	NA
1178.3779	NA	NA
1178.3894	NA	NA
1178.6401	NA	NA
1178.6505	NA	NA
1179.1492	NA	NA
1179.6029	NA	NA
1179.6821	NA	NA
1180.0591	NA	NA
1180.5787	NA	NA
1180.9741	NA	NA
1180.9914	NA	NA
1181.8293	NA	NA
1181.8357	NA	NA
1181.8428	NA	NA
1181.8611	NA	NA
1182.2703	NA	NA
1182.4126	NA	NA
1182.4196	NA	NA
1182.4365	NA	NA
1182.4527	NA	NA
1182.4745	NA	NA
1182.8368	NA	NA
1182.8449	NA	NA
1182.8520	NA	NA
1182.8597	NA	NA
1182.8660	NA	NA
1182.8737	NA	NA
1182.8816	NA	NA
1183.1192	NA	NA
1183.1279	NA	NA
1183.1422	NA	NA
1183.3414	NA	NA
1183.9160	NA	NA
1183.9422	NA	NA
1184.2282	NA	NA
1184.2429	NA	NA
1184.5514	NA	NA
1185.2528	NA	NA
1185.2595	NA	NA
1185.2688	NA	NA
1185.5306	NA	NA
1186.4931	NA	NA
1186.5071	NA	NA
1186.7669	NA	NA
1186.7754	NA	NA
1187.1609	NA	NA
1187.1697	NA	NA
1187.4984	NA	NA
1188.2527	NA	NA
1188.8442	NA	NA
1188.8540	NA	NA
1188.8903	NA	NA
1188.9025	NA	NA
1189.2596	NA	NA
1189.2730	NA	NA
1189.3245	NA	NA
1189.3355	NA	NA
1189.7270	NA	NA
1190.1426	NA	NA
1190.2539	NA	NA
1191.1994	NA	NA
1191.2186	NA	NA
1191.3453	NA	NA
1191.3505	NA	NA
1191.3577	NA	NA
1191.3671	NA	NA
1191.3849	NA	NA
1191.4737	NA	NA
1192.2101	NA	NA
1192.2200	NA	NA
1192.5860	NA	NA
1192.5950	NA	NA
1192.6081	NA	NA
1192.7172	NA	NA
1192.8765	NA	NA
1192.8979	NA	NA
1192.9160	NA	NA
1192.9303	NA	NA
1192.9566	NA	NA
1193.0442	NA	NA
1194.6603	NA	NA
1194.6733	NA	NA
1194.7369	NA	NA
1194.7460	NA	NA
1194.7560	NA	NA
1194.7638	NA	NA
1194.7912	NA	NA
1194.8095	NA	NA
1194.8264	NA	NA
1195.9082	NA	NA
1195.9177	NA	NA
1195.9347	NA	NA
1195.9443	NA	NA
1195.9520	NA	NA
1195.9590	NA	NA
1196.2227	NA	NA
1196.2290	NA	NA
1196.2388	NA	NA
1196.3974	NA	NA
1196.4077	NA	NA
1196.4394	NA	NA
1196.4706	NA	NA
1196.7133	NA	NA
1196.7306	NA	NA
1196.7415	NA	NA
1197.0489	NA	NA
1197.0585	NA	NA
1197.0663	NA	NA
1197.0743	NA	NA
1197.0824	NA	NA
1197.0937	NA	NA
1197.1012	NA	NA
1197.6906	NA	NA
1197.7211	NA	NA
1197.7326	NA	NA
1197.9055	NA	NA
1198.6614	NA	NA
1198.6705	NA	NA
1198.7279	NA	NA
1198.7666	NA	NA
1198.7821	NA	NA
1198.9563	NA	NA
1198.9697	NA	NA
1199.4581	NA	NA
1199.4634	NA	NA
1199.4726	NA	NA
1199.4777	NA	NA
1199.4832	NA	NA
1199.4915	NA	NA
1200.2197	NA	NA
1200.2297	NA	NA
1200.3105	NA	NA
1201.0851	NA	NA
1201.0977	NA	NA
1201.1072	NA	NA
1201.1422	NA	NA
1201.1490	NA	NA
1201.1590	NA	NA
1201.1688	NA	NA
1201.1790	NA	NA
1201.1871	NA	NA
1201.2147	NA	NA
1201.2274	NA	NA
1201.3755	NA	NA
1202.6794	NA	NA
1202.6929	NA	NA
1202.7502	NA	NA
1203.1150	NA	NA
1203.1215	NA	NA
1203.1475	NA	NA
1203.3203	NA	NA
1203.3276	NA	NA
1203.5019	NA	NA
1203.5152	NA	NA
1203.5220	NA	NA
1203.8603	NA	NA
1203.8699	NA	NA
1203.8789	NA	NA
1203.8948	NA	NA
1204.1315	NA	NA
1206.3092	NA	NA
1206.3161	NA	NA
1206.3348	NA	NA
1206.3489	NA	NA
1206.3752	NA	NA
1206.9494	NA	NA
1207.5534	NA	NA
1207.5629	NA	NA
1207.6725	NA	NA
1207.6828	NA	NA
1207.6965	NA	NA
1208.2526	NA	NA
1208.2600	NA	NA
1208.2684	NA	NA
1208.2761	NA	NA
1208.2874	NA	NA
1209.1545	NA	NA
1209.1634	NA	NA
1209.2043	NA	NA
1209.2201	NA	NA
1209.6800	NA	NA
1209.6953	NA	NA
1210.4895	NA	NA
1210.5236	NA	NA
1211.2464	NA	NA
1211.2676	NA	NA
1211.6871	NA	NA
1211.8762	NA	NA
1211.8867	NA	NA
1213.1500	NA	NA
1213.6883	NA	NA
1213.6975	NA	NA
1214.4105	NA	NA
1214.4172	NA	NA
1214.4234	NA	NA
1214.4298	NA	NA
1214.4377	NA	NA
1214.4593	NA	NA
1214.8256	NA	NA
1216.3892	NA	NA
1216.3976	NA	NA
1216.4814	NA	NA
1216.5080	NA	NA
1216.5174	NA	NA
1216.5373	NA	NA
1216.5517	NA	NA
1216.5628	NA	NA
1216.6244	NA	NA
1216.9568	NA	NA
1216.9631	NA	NA
1216.9720	NA	NA
1217.0035	NA	NA
1217.0198	NA	NA
1217.2626	NA	NA
1217.4979	NA	NA
1217.5069	NA	NA
1217.5170	NA	NA
1217.8198	NA	NA
1218.3799	NA	NA
1218.3867	NA	NA
1219.0290	NA	NA
1219.0349	NA	NA
1219.0436	NA	NA
1219.0494	NA	NA
1219.0705	NA	NA
1219.0802	NA	NA
1219.1029	NA	NA
1220.0163	NA	NA
1220.8357	NA	NA
1220.8429	NA	NA
1220.8563	NA	NA
1221.3555	NA	NA
1221.3758	NA	NA
1221.3919	NA	NA
1222.3565	NA	NA
1222.3650	NA	NA
1222.3779	NA	NA
1222.3865	NA	NA
1223.0787	NA	NA
1223.0894	NA	NA
1223.0990	NA	NA
1223.1179	NA	NA
1223.7393	NA	NA
1223.8311	NA	NA
1223.8591	NA	NA
1224.1709	NA	NA
1224.1833	NA	NA
1224.1982	NA	NA
1224.6411	NA	NA
1225.1172	NA	NA
1225.2453	NA	NA
1225.2743	NA	NA
1225.2834	NA	NA
1225.9493	NA	NA
1225.9623	NA	NA
1226.7814	NA	NA
1226.7991	NA	NA
1226.8110	NA	NA
1227.4333	NA	NA
1227.4416	NA	NA
1227.4483	NA	NA
1227.4548	NA	NA
1227.4727	NA	NA
1227.5725	NA	NA
1228.1111	NA	NA
1228.1233	NA	NA
1228.1410	NA	NA
1228.1582	NA	NA
1228.5087	NA	NA
1228.5160	NA	NA
1228.8973	NA	NA
1228.9095	NA	NA
1229.2868	NA	NA
1229.2969	NA	NA
1229.3091	NA	NA
1229.3155	NA	NA
1229.3230	NA	NA
1229.4209	NA	NA
1229.4283	NA	NA
1229.5377	NA	NA
1229.5470	NA	NA
1229.5586	NA	NA
1229.5669	NA	NA
1230.2187	NA	NA
1230.2338	NA	NA
1230.6656	NA	NA
1231.2063	NA	NA
1231.2129	NA	NA
1231.2243	NA	NA
1231.6119	NA	NA
1231.9703	NA	NA
1231.9803	NA	NA
1232.0012	NA	NA
1232.0093	NA	NA
1232.5636	NA	NA
1232.5722	NA	NA
1232.9531	NA	NA
1232.9608	NA	NA
1232.9769	NA	NA
1232.9893	NA	NA
1233.4772	NA	NA
1233.4885	NA	NA
1233.6420	NA	NA
1233.6566	NA	NA
1233.9798	NA	NA
1233.9929	NA	NA
1234.0020	NA	NA
1234.2063	NA	NA
1234.6148	NA	NA
1234.6234	NA	NA
1234.6309	NA	NA
1234.6384	NA	NA
1234.6471	NA	NA
1234.6622	NA	NA
1235.0267	NA	NA
1235.0429	NA	NA
1235.0654	NA	NA
1236.0630	NA	NA
1236.0721	NA	NA
1236.5249	NA	NA
1236.5353	NA	NA
1236.5495	NA	NA
1237.0080	NA	NA
1237.0161	NA	NA
1237.0266	NA	NA
1237.7915	NA	NA
1237.8015	NA	NA
1238.3328	NA	NA
1238.5715	NA	NA
1238.5847	NA	NA
1238.5932	NA	NA
1238.6006	NA	NA
1238.6118	NA	NA
1238.6207	NA	NA
1238.6383	NA	NA
1239.0943	NA	NA
1239.1020	NA	NA
1239.3576	NA	NA
1239.3686	NA	NA
1239.9132	NA	NA
1239.9195	NA	NA
1240.2091	NA	NA
1240.5406	NA	NA
1241.0776	NA	NA
1241.0924	NA	NA
1241.1656	NA	NA
1241.1765	NA	NA
1242.5842	NA	NA
1242.5922	NA	NA
1242.6000	NA	NA
1242.6085	NA	NA
1242.6213	NA	NA
1242.9833	NA	NA
1243.3984	NA	NA
1243.4076	NA	NA
1243.4182	NA	NA
1243.4252	NA	NA
1243.4367	NA	NA
1243.4450	NA	NA
1244.4872	NA	NA
1244.5007	NA	NA
1244.7124	NA	NA
1244.7228	NA	NA
1244.7319	NA	NA
1244.7417	NA	NA
1244.7530	NA	NA
1245.0974	NA	NA
1245.1044	NA	NA
1245.3913	NA	NA
1245.5919	NA	NA
1245.6017	NA	NA
1247.0648	NA	NA
1247.0711	NA	NA
1247.0851	NA	NA
1247.0987	NA	NA
1247.1480	NA	NA
1247.1590	NA	NA
1247.2612	NA	NA
1247.5620	NA	NA
1247.5721	NA	NA
1247.9981	NA	NA
1248.0092	NA	NA
1248.4126	NA	NA
1248.4235	NA	NA
1248.6573	NA	NA
1248.6663	NA	NA
1248.8465	NA	NA
1249.7392	NA	NA
1250.0947	NA	NA
1250.9116	NA	NA
1250.9225	NA	NA
1250.9522	NA	NA
1250.9590	NA	NA
1250.9657	NA	NA
1250.9717	NA	NA
1250.9909	NA	NA
1251.9919	NA	NA
1252.0118	NA	NA
1252.0198	NA	NA
1253.2633	NA	NA
1253.2734	NA	NA
1253.6631	NA	NA
1253.6752	NA	NA
1253.6868	NA	NA
1254.1827	NA	NA
1254.6178	NA	NA
1254.9734	NA	NA
1254.9795	NA	NA
1254.9897	NA	NA
1254.9973	NA	NA
1255.0154	NA	NA
1255.0748	NA	NA
1255.0913	NA	NA
1255.1051	NA	NA
1255.9066	NA	NA
1255.9134	NA	NA
1255.9353	NA	NA
1255.9470	NA	NA
1255.9542	NA	NA
1255.9658	NA	NA
1256.2281	NA	NA
1256.2388	NA	NA
1256.2529	NA	NA
1256.7969	NA	NA
1256.8097	NA	NA
1257.0656	NA	NA
1257.8487	NA	NA
1258.1868	NA	NA
1258.1966	NA	NA
1258.2042	NA	NA
1258.2363	NA	NA
1258.4745	NA	NA
1258.4842	NA	NA
1258.5019	NA	NA
1258.5177	NA	NA
1258.5418	NA	NA
1259.1519	NA	NA
1259.1724	NA	NA
1259.4425	NA	NA
1259.6577	NA	NA
1260.1139	NA	NA
1260.1240	NA	NA
1260.1338	NA	NA
1260.1487	NA	NA
1260.2702	NA	NA
1260.4080	NA	NA
1260.4257	NA	NA
1260.9238	NA	NA
1260.9352	NA	NA
1261.1274	NA	NA
1261.1417	NA	NA
1261.4909	NA	NA
1261.4983	NA	NA
1261.5091	NA	NA
1261.5195	NA	NA
1261.7754	NA	NA
1262.1589	NA	NA
1262.1673	NA	NA
1262.2064	NA	NA
1262.2163	NA	NA
1262.5525	NA	NA
1263.7016	NA	NA
1263.7108	NA	NA
1264.0011	NA	NA
1264.0062	NA	NA
1264.0179	NA	NA
1264.0272	NA	NA
1264.0380	NA	NA
1264.0530	NA	NA
1264.1304	NA	NA
1264.1427	NA	NA
1264.1504	NA	NA
1265.1253	NA	NA
1265.1393	NA	NA
1265.8737	NA	NA
1266.0995	NA	NA
1266.1091	NA	NA
1266.1229	NA	NA
1266.1623	NA	NA
1266.1920	NA	NA
1266.2023	NA	NA
1266.3593	NA	NA
1266.8295	NA	NA
1266.8405	NA	NA
1267.1341	NA	NA
1267.1407	NA	NA
1267.1501	NA	NA
1267.1593	NA	NA
1267.5272	NA	NA
1267.9829	NA	NA
1267.9934	NA	NA
1267.9997	NA	NA
1268.0085	NA	NA
1268.0610	NA	NA
1268.8330	NA	NA
1268.8394	NA	NA
1268.8461	NA	NA
1268.8546	NA	NA
1269.0799	NA	NA
1269.0907	NA	NA
1269.1044	NA	NA
1269.6208	NA	NA
1269.6308	NA	NA
1269.6474	NA	NA
1270.8064	NA	NA
1270.8195	NA	NA
1271.2036	NA	NA
1271.4774	NA	NA
1271.4843	NA	NA
1271.4969	NA	NA
1271.5092	NA	NA
1271.5201	NA	NA
1272.6002	NA	NA
1272.9117	NA	NA
1273.8709	NA	NA
1273.8879	NA	NA
1273.9035	NA	NA
1274.1689	NA	NA
1274.1785	NA	NA
1274.1912	NA	NA
1274.2287	NA	NA
1274.2385	NA	NA
1274.2463	NA	NA
1274.9610	NA	NA
1274.9840	NA	NA
1275.0366	NA	NA
1275.1817	NA	NA
1275.1926	NA	NA
1275.2000	NA	NA
1275.2126	NA	NA
1276.2256	NA	NA
1276.2343	NA	NA
1276.4726	NA	NA
1276.4802	NA	NA
1276.4875	NA	NA
1276.8050	NA	NA
1276.8130	NA	NA
1276.8261	NA	NA
1277.1367	NA	NA
1277.1438	NA	NA
1277.1524	NA	NA
1277.2262	NA	NA
1277.2348	NA	NA
1277.2430	NA	NA
1277.2540	NA	NA
1278.1357	NA	NA
1278.1428	NA	NA
1278.1623	NA	NA
1278.1758	NA	NA
1279.8861	NA	NA
1279.8954	NA	NA
1279.9064	NA	NA
1280.0973	NA	NA
1280.1070	NA	NA
1280.4659	NA	NA
1280.4839	NA	NA
1280.4975	NA	NA
1281.5516	NA	NA
1281.5617	NA	NA
1281.7464	NA	NA
1281.7533	NA	NA
1281.7598	NA	NA
1283.2455	NA	NA
1283.4840	NA	NA
1284.6707	NA	NA
1284.7555	NA	NA
1284.7663	NA	NA
1286.1525	NA	NA
1286.1645	NA	NA
1286.1780	NA	NA
1286.8336	NA	NA
1286.8406	NA	NA
1287.5059	NA	NA
1287.5146	NA	NA
1287.5384	NA	NA
1288.0034	NA	NA
1288.0214	NA	NA
1288.0363	NA	NA
1288.0526	NA	NA
1288.0613	NA	NA
1288.0784	NA	NA
1288.0905	NA	NA
1288.0990	NA	NA
1288.5550	NA	NA
1288.5945	NA	NA
1288.6026	NA	NA
1288.6324	NA	NA
1288.9747	NA	NA
1289.1000	NA	NA
1289.1118	NA	NA
1289.1241	NA	NA
1289.1322	NA	NA
1289.1439	NA	NA
1289.2521	NA	NA
1290.1739	NA	NA
1290.1865	NA	NA
1290.1962	NA	NA
1291.5256	NA	NA
1291.5421	NA	NA
1291.8752	NA	NA
1291.8835	NA	NA
1291.8930	NA	NA
1293.0920	NA	NA
1293.2551	NA	NA
1293.2666	NA	NA
1293.2921	NA	NA
1293.3043	NA	NA
1293.6179	NA	NA
1293.6267	NA	NA
1293.6365	NA	NA
1293.8961	NA	NA
1293.9112	NA	NA
1294.2654	NA	NA
1294.2839	NA	NA
1294.6617	NA	NA
1294.6684	NA	NA
1294.6815	NA	NA
1294.6925	NA	NA
1295.4382	NA	NA
1296.0655	NA	NA
1296.1144	NA	NA
1296.3680	NA	NA
1296.3797	NA	NA
1296.3863	NA	NA
1296.3990	NA	NA
1296.4530	NA	NA
1296.4627	NA	NA
1296.4727	NA	NA
1296.5224	NA	NA
1296.6380	NA	NA
1297.0510	NA	NA
1297.2989	NA	NA
1297.3049	NA	NA
1297.3107	NA	NA
1297.3173	NA	NA
1297.3270	NA	NA
1297.3383	NA	NA
1297.5385	NA	NA
1298.5355	NA	NA
1298.5416	NA	NA
1298.5537	NA	NA
1299.8135	NA	NA
1300.2771	NA	NA
1300.3068	NA	NA
1300.3192	NA	NA
1300.7912	NA	NA
1300.7992	NA	NA
1300.8227	NA	NA
1300.8408	NA	NA
1300.8492	NA	NA
1300.8639	NA	NA
1300.9078	NA	NA
1300.9383	NA	NA
1300.9484	NA	NA
1301.3947	NA	NA
1301.4045	NA	NA
1301.4124	NA	NA
1301.4230	NA	NA
1301.4376	NA	NA
1301.4475	NA	NA
1301.6069	NA	NA
1302.4628	NA	NA
1302.4811	NA	NA
1303.0726	NA	NA
1303.0820	NA	NA
1303.1017	NA	NA
1303.1090	NA	NA
1303.1200	NA	NA
1303.1396	NA	NA
1303.7726	NA	NA
1303.7822	NA	NA
1303.7918	NA	NA
1304.0895	NA	NA
1304.0982	NA	NA
1304.1133	NA	NA
1304.2339	NA	NA
1304.2407	NA	NA
1304.2482	NA	NA
1304.2569	NA	NA
1304.2857	NA	NA
1304.6347	NA	NA
1305.6358	NA	NA
1305.6514	NA	NA
1305.6634	NA	NA
1305.6917	NA	NA
1305.9124	NA	NA
1305.9197	NA	NA
1305.9275	NA	NA
1305.9406	NA	NA
1305.9528	NA	NA
1306.5843	NA	NA
1306.8788	NA	NA
1306.9087	NA	NA
1307.2185	NA	NA
1307.2319	NA	NA
1307.7421	NA	NA
1307.7494	NA	NA
1307.7704	NA	NA
1307.7800	NA	NA
1307.8886	NA	NA
1307.9495	NA	NA
1307.9781	NA	NA
1308.0104	NA	NA
1309.0317	NA	NA
1309.1905	NA	NA
1309.7917	NA	NA
1309.8037	NA	NA
1309.8178	NA	NA
1309.8250	NA	NA
1309.8350	NA	NA
1309.8448	NA	NA
1309.8749	NA	NA
1310.0407	NA	NA
1310.3164	NA	NA
1310.3238	NA	NA
1310.3610	NA	NA
1310.3727	NA	NA
1310.6921	NA	NA
1310.8084	NA	NA
1310.8168	NA	NA
1310.8341	NA	NA
1310.9609	NA	NA
1311.7132	NA	NA
1311.7395	NA	NA
1311.7517	NA	NA
1311.7650	NA	NA
1311.8015	NA	NA
1312.0995	NA	NA
1312.1064	NA	NA
1312.1184	NA	NA
1312.2482	NA	NA
1313.4841	NA	NA
1313.8683	NA	NA
1313.8788	NA	NA
1313.9263	NA	NA
1313.9370	NA	NA
1314.0099	NA	NA
1314.5313	NA	NA
1314.5421	NA	NA
1314.9403	NA	NA
1314.9517	NA	NA
1314.9743	NA	NA
1315.1774	NA	NA
1315.5352	NA	NA
1315.8251	NA	NA
1315.8369	NA	NA
1316.2877	NA	NA
1316.2973	NA	NA
1316.5431	NA	NA
1317.1886	NA	NA
1317.2129	NA	NA
1317.2257	NA	NA
1317.5790	NA	NA
1317.5859	NA	NA
1317.6747	NA	NA
1318.0572	NA	NA
1318.0655	NA	NA
1318.0781	NA	NA
1318.0916	NA	NA
1318.1199	NA	NA
1318.1279	NA	NA
1318.1371	NA	NA
1318.6283	NA	NA
1318.6355	NA	NA
1318.6463	NA	NA
1318.6557	NA	NA
1318.6791	NA	NA
1318.6904	NA	NA
1318.9304	NA	NA
1318.9388	NA	NA
1318.9453	NA	NA
1318.9638	NA	NA
1318.9892	NA	NA
1319.4674	NA	NA
1319.4741	NA	NA
1319.4999	NA	NA
1319.5087	NA	NA
1319.5210	NA	NA
1319.5281	NA	NA
1319.7492	NA	NA
1320.7311	NA	NA
1320.7400	NA	NA
1320.7472	NA	NA
1320.7555	NA	NA
1320.7649	NA	NA
1320.7739	NA	NA
1321.2245	NA	NA
1321.2374	NA	NA
1322.3694	NA	NA
1324.0790	NA	NA
1324.5626	NA	NA
1324.7748	NA	NA
1324.7841	NA	NA
1325.1151	NA	NA
1325.1285	NA	NA
1325.1597	NA	NA
1325.4453	NA	NA
1326.0012	NA	NA
1326.0142	NA	NA
1326.0234	NA	NA
1326.1996	NA	NA
1326.7559	NA	NA
1328.0866	NA	NA
1328.3019	NA	NA
1328.3572	NA	NA
1328.8640	NA	NA
1328.8720	NA	NA
1328.8860	NA	NA
1328.8951	NA	NA
1328.9029	NA	NA
1329.3367	NA	NA
1329.3458	NA	NA
1329.3525	NA	NA
1329.3601	NA	NA
1329.3783	NA	NA
1329.6783	NA	NA
1329.6926	NA	NA
1329.7027	NA	NA
1329.7129	NA	NA
1329.7269	NA	NA
1329.9840	NA	NA
1329.9901	NA	NA
1329.9998	NA	NA
1330.0074	NA	NA
1330.7099	NA	NA
1330.7164	NA	NA
1330.7314	NA	NA
1330.7394	NA	NA
1330.7505	NA	NA
1331.2864	NA	NA
1331.2935	NA	NA
1331.9810	NA	NA
1331.9927	NA	NA
1332.0045	NA	NA
1332.0136	NA	NA
1332.0243	NA	NA
1332.0363	NA	NA
1332.0424	NA	NA
1332.7848	NA	NA
1332.7960	NA	NA
1332.8213	NA	NA
1332.9631	NA	NA
1332.9729	NA	NA
1332.9796	NA	NA
1333.6673	NA	NA
1333.9095	NA	NA
1333.9186	NA	NA
1333.9301	NA	NA
1333.9664	NA	NA
1334.5437	NA	NA
1334.5540	NA	NA
1334.5687	NA	NA
1335.3951	NA	NA
1335.4048	NA	NA
1335.4270	NA	NA
1335.6267	NA	NA
1335.6392	NA	NA
1336.0608	NA	NA
1336.3614	NA	NA
1336.3697	NA	NA
1336.3982	NA	NA
1336.4097	NA	NA
1336.7504	NA	NA
1336.7654	NA	NA
1336.7749	NA	NA
1337.1480	NA	NA
1337.1565	NA	NA
1338.7592	NA	NA
1339.5140	NA	NA
1339.5228	NA	NA
1340.1223	NA	NA
1340.4060	NA	NA
1341.4487	NA	NA
1341.7186	NA	NA
1341.7297	NA	NA
1342.2930	NA	NA
1342.3060	NA	NA
1342.3358	NA	NA
1342.3972	NA	NA
1342.4491	NA	NA
1343.2042	NA	NA
1343.3839	NA	NA
1343.5903	NA	NA
1343.6010	NA	NA
1343.8897	NA	NA
1344.1391	NA	NA
1344.1485	NA	NA
1344.1704	NA	NA
1344.5176	NA	NA
1344.5247	NA	NA
1344.5328	NA	NA
1344.5579	NA	NA
1344.7406	NA	NA
1344.9274	NA	NA
1344.9733	NA	NA
1344.9817	NA	NA
1344.9930	NA	NA
1345.3616	NA	NA
1345.3695	NA	NA
1345.3816	NA	NA
1345.4070	NA	NA
1345.4157	NA	NA
1345.7340	NA	NA
1345.7560	NA	NA
1347.9093	NA	NA
1347.9170	NA	NA
1348.2344	NA	NA
1348.2412	NA	NA
1348.2513	NA	NA
1348.2677	NA	NA
1348.5198	NA	NA
1349.2170	NA	NA
1349.3705	NA	NA
1349.9043	NA	NA
1349.9246	NA	NA
1350.8089	NA	NA
1350.8188	NA	NA
1351.3893	NA	NA
1351.8892	NA	NA
1352.5200	NA	NA
1352.5348	NA	NA
1352.5468	NA	NA
1352.5665	NA	NA
1352.9552	NA	NA
1353.0058	NA	NA
1353.2937	NA	NA
1353.3054	NA	NA
1353.3139	NA	NA
1353.3308	NA	NA
1353.9299	NA	NA
1354.2152	NA	NA
1354.6844	NA	NA
1355.6227	NA	NA
1355.6318	NA	NA
1355.6382	NA	NA
1355.6436	NA	NA
1355.6562	NA	NA
1355.6872	NA	NA
1355.7066	NA	NA
1356.1605	NA	NA
1356.1686	NA	NA
1356.2094	NA	NA
1356.2212	NA	NA
1356.2344	NA	NA
1356.2490	NA	NA
1356.3013	NA	NA
1356.3237	NA	NA
1356.3526	NA	NA
1356.4717	NA	NA
1356.8454	NA	NA
1356.8568	NA	NA
1357.5496	NA	NA
1357.5579	NA	NA
1357.5657	NA	NA
1358.0572	NA	NA
1358.8840	NA	NA
1358.8942	NA	NA
1358.9155	NA	NA
1358.9321	NA	NA
1358.9498	NA	NA
1359.8161	NA	NA
1360.4635	NA	NA
1360.4721	NA	NA
1360.4831	NA	NA
1360.4930	NA	NA
1360.5031	NA	NA
1361.0877	NA	NA
1361.1472	NA	NA
1361.1672	NA	NA
1361.5914	NA	NA
1362.1459	NA	NA
1362.1525	NA	NA
1362.1592	NA	NA
1362.1711	NA	NA
1362.1889	NA	NA
1362.4785	NA	NA
1362.4887	NA	NA
1363.0582	NA	NA
1363.3613	NA	NA
1363.3924	NA	NA
1363.8468	NA	NA
1364.3493	NA	NA
1364.3566	NA	NA
1364.7228	NA	NA
1364.9789	NA	NA
1365.0040	NA	NA
1365.0118	NA	NA
1365.2260	NA	NA
1365.9895	NA	NA
1365.9976	NA	NA
1366.0121	NA	NA
1366.0230	NA	NA
1366.0290	NA	NA
1366.1151	NA	NA
1366.7185	NA	NA
1366.8400	NA	NA
1366.8601	NA	NA
1367.6829	NA	NA
1367.6950	NA	NA
1367.7026	NA	NA
1367.7259	NA	NA
1368.3171	NA	NA
1368.3272	NA	NA
1369.7070	NA	NA
1369.7160	NA	NA
1369.7279	NA	NA
1369.8343	NA	NA
1371.4897	NA	NA
1371.4987	NA	NA
1371.5104	NA	NA
1371.5190	NA	NA
1371.5278	NA	NA
1371.5374	NA	NA
1371.5723	NA	NA
1371.8112	NA	NA
1371.8515	NA	NA
1372.4699	NA	NA
1372.4809	NA	NA
1372.4899	NA	NA
1372.5097	NA	NA
1373.1291	NA	NA
1373.1534	NA	NA
1373.4492	NA	NA
1373.4659	NA	NA
1373.4805	NA	NA
1374.1451	NA	NA
1374.1640	NA	NA
1375.3984	NA	NA
1375.4061	NA	NA
1375.4128	NA	NA
1375.4179	NA	NA
1375.4399	NA	NA
1375.5046	NA	NA
1375.6896	NA	NA
1376.2163	NA	NA
1376.6834	NA	NA
1376.8233	NA	NA
1377.9175	NA	NA
1377.9780	NA	NA
1377.9980	NA	NA
1378.5374	NA	NA
1378.5569	NA	NA
1378.5697	NA	NA
1379.1052	NA	NA
1379.6013	NA	NA
1379.6108	NA	NA
1379.6198	NA	NA
1379.6307	NA	NA
1379.6753	NA	NA
1379.8908	NA	NA
1379.9080	NA	NA
1379.9189	NA	NA
1379.9328	NA	NA
1380.9219	NA	NA
1380.9318	NA	NA
1380.9387	NA	NA
1380.9477	NA	NA
1380.9577	NA	NA
1380.9657	NA	NA
1382.5276	NA	NA
1382.5345	NA	NA
1382.8672	NA	NA
1382.9113	NA	NA
1383.3685	NA	NA
1383.3764	NA	NA
1383.3879	NA	NA
1383.3962	NA	NA
1384.4484	NA	NA
1384.4767	NA	NA
1384.9515	NA	NA
1384.9664	NA	NA
1384.9742	NA	NA
1385.1570	NA	NA
1385.7297	NA	NA
1385.7436	NA	NA
1385.7509	NA	NA
1385.7614	NA	NA
1387.0543	NA	NA
1387.9187	NA	NA
1388.0662	NA	NA
1388.3579	NA	NA
1389.2938	NA	NA
1389.3090	NA	NA
1389.5061	NA	NA
1389.5191	NA	NA
1389.5311	NA	NA
1390.8840	NA	NA
1390.8911	NA	NA
1390.9003	NA	NA
1390.9091	NA	NA
1391.2004	NA	NA
1391.2113	NA	NA
1391.9521	NA	NA
1392.6842	NA	NA
1392.7014	NA	NA
1392.7112	NA	NA
1393.1855	NA	NA
1393.1957	NA	NA
1393.4598	NA	NA
1393.4724	NA	NA
1393.9043	NA	NA
1393.9143	NA	NA
1393.9647	NA	NA
1394.1141	NA	NA
1394.1257	NA	NA
1395.2692	NA	NA
1396.2990	NA	NA
1397.8468	NA	NA
1397.8570	NA	NA
1397.8733	NA	NA
1397.8876	NA	NA
1397.8993	NA	NA
1397.9125	NA	NA
1398.2120	NA	NA
1398.2186	NA	NA
1398.2289	NA	NA
1398.2375	NA	NA
1398.5228	NA	NA
1399.3410	NA	NA
1399.5037	NA	NA
1399.5176	NA	NA
1400.1841	NA	NA
1400.1929	NA	NA
1403.3766	NA	NA
1403.3853	NA	NA
1403.3985	NA	NA
1403.4060	NA	NA
1403.5672	NA	NA
1403.5745	NA	NA
1403.8929	NA	NA
1403.9151	NA	NA
1404.9195	NA	NA
1405.6579	NA	NA
1406.2808	NA	NA
1407.8577	NA	NA
1407.8677	NA	NA
1407.8757	NA	NA
1407.9085	NA	NA
1408.4185	NA	NA
1408.4614	NA	NA
1408.4745	NA	NA
1408.4871	NA	NA
1408.4967	NA	NA
1408.5365	NA	NA
1408.7042	NA	NA
1408.7101	NA	NA
1408.7200	NA	NA
1408.7290	NA	NA
1409.5284	NA	NA
1409.5388	NA	NA
1411.2931	NA	NA
1411.3011	NA	NA
1411.3324	NA	NA
1411.8040	NA	NA
1411.8120	NA	NA
1411.8172	NA	NA
1411.8244	NA	NA
1411.8321	NA	NA
1411.8408	NA	NA
1411.8742	NA	NA
1412.3359	NA	NA
1412.8877	NA	NA
1412.8953	NA	NA
1412.9047	NA	NA
1412.9127	NA	NA
1412.9606	NA	NA
1413.1698	NA	NA
1413.1943	NA	NA
1414.4053	NA	NA
1414.4146	NA	NA
1414.4245	NA	NA
1414.4370	NA	NA
1414.6819	NA	NA
1414.6917	NA	NA
1415.2609	NA	NA
1415.6166	NA	NA
1416.3429	NA	NA
1417.1319	NA	NA
1417.1435	NA	NA
1417.1503	NA	NA
1417.1560	NA	NA
1417.1619	NA	NA
1417.1717	NA	NA
1417.3190	NA	NA
1419.2447	NA	NA
1419.2586	NA	NA
1419.2701	NA	NA
1419.2819	NA	NA
1419.3579	NA	NA
1419.3674	NA	NA
1419.6013	NA	NA
1420.0905	NA	NA
1420.0972	NA	NA
1420.1248	NA	NA
1420.1364	NA	NA
1420.1437	NA	NA
1420.1555	NA	NA
1420.9241	NA	NA
1420.9318	NA	NA
1420.9448	NA	NA
1421.0426	NA	NA
1421.2017	NA	NA
1421.2508	NA	NA
1422.3363	NA	NA
1422.6826	NA	NA
1422.6905	NA	NA
1422.7471	NA	NA
1422.7654	NA	NA
1424.1747	NA	NA
1425.3213	NA	NA
1425.3350	NA	NA
1425.9974	NA	NA
1426.3244	NA	NA
1426.7989	NA	NA
1426.8082	NA	NA
1428.7154	NA	NA
1429.2599	NA	NA
1429.9754	NA	NA
1429.9858	NA	NA
1430.4961	NA	NA
1430.5095	NA	NA
1430.5236	NA	NA
1430.5360	NA	NA
1430.5607	NA	NA
1430.7251	NA	NA
1431.2802	NA	NA
1431.6264	NA	NA
1431.6428	NA	NA
1431.6523	NA	NA
1431.6610	NA	NA
1432.9671	NA	NA
1433.0788	NA	NA
1433.1067	NA	NA
1433.1198	NA	NA
1433.2048	NA	NA
1433.2287	NA	NA
1435.3550	NA	NA
1435.3611	NA	NA
1435.3688	NA	NA
1435.3925	NA	NA
1435.4007	NA	NA
1435.4315	NA	NA
1436.2067	NA	NA
1436.2200	NA	NA
1436.2305	NA	NA
1436.4355	NA	NA
1437.8716	NA	NA
1437.8803	NA	NA
1437.9777	NA	NA
1437.9881	NA	NA
1438.0070	NA	NA
1439.5944	NA	NA
1441.7398	NA	NA
1441.7513	NA	NA
1441.9781	NA	NA
1441.9887	NA	NA
1443.7891	NA	NA
1443.7976	NA	NA
1443.8056	NA	NA
1443.8291	NA	NA
1443.8408	NA	NA
1443.8536	NA	NA
1443.8666	NA	NA
1444.1390	NA	NA
1444.9401	NA	NA
1444.9521	NA	NA
1444.9628	NA	NA
1444.9748	NA	NA
1445.5778	NA	NA
1445.7281	NA	NA
1445.9244	NA	NA
1445.9366	NA	NA
1445.9431	NA	NA
1447.0939	NA	NA
1447.1082	NA	NA
1448.2736	NA	NA
1448.3087	NA	NA
1448.8501	NA	NA
1449.2180	NA	NA
1449.2279	NA	NA
1449.4363	NA	NA
1449.5856	NA	NA
1450.4129	NA	NA
1450.8884	NA	NA
1450.9388	NA	NA
1451.1592	NA	NA
1451.1696	NA	NA
1451.1782	NA	NA
1451.8917	NA	NA
1451.9028	NA	NA
1453.5451	NA	NA
1454.2494	NA	NA
1454.3021	NA	NA
1454.4252	NA	NA
1457.1386	NA	NA
1457.1463	NA	NA
1457.7201	NA	NA
1457.7365	NA	NA
1457.7454	NA	NA
1457.7864	NA	NA
1457.8072	NA	NA
1457.8144	NA	NA
1458.1564	NA	NA
1458.4510	NA	NA
1458.4714	NA	NA
1458.4972	NA	NA
1459.4977	NA	NA
1459.5059	NA	NA
1459.5146	NA	NA
1459.5218	NA	NA
1459.6755	NA	NA
1459.6964	NA	NA
1460.7171	NA	NA
1460.7442	NA	NA
1461.1076	NA	NA
1461.1148	NA	NA
1461.1246	NA	NA
1461.1330	NA	NA
1461.9549	NA	NA
1461.9670	NA	NA
1461.9803	NA	NA
1461.9931	NA	NA
1463.4758	NA	NA
1464.6409	NA	NA
1464.6492	NA	NA
1465.1726	NA	NA
1466.0985	NA	NA
1467.5046	NA	NA
1467.5121	NA	NA
1467.5336	NA	NA
1467.8605	NA	NA
1467.8813	NA	NA
1468.1799	NA	NA
1469.1106	NA	NA
1469.1207	NA	NA
1469.8654	NA	NA
1470.3791	NA	NA
1470.3861	NA	NA
1471.3449	NA	NA
1471.3950	NA	NA
1471.4193	NA	NA
1472.3119	NA	NA
1472.3230	NA	NA
1472.3358	NA	NA
1472.4139	NA	NA
1472.8401	NA	NA
1474.0626	NA	NA
1474.8109	NA	NA
1474.9925	NA	NA
1475.0040	NA	NA
1475.8046	NA	NA
1475.8136	NA	NA
1475.8271	NA	NA
1475.8485	NA	NA
1477.7971	NA	NA
1477.8061	NA	NA
1477.8132	NA	NA
1477.8275	NA	NA
1477.8421	NA	NA
1478.9613	NA	NA
1478.9839	NA	NA
1479.3789	NA	NA
1480.2271	NA	NA
1480.2474	NA	NA
1480.9181	NA	NA
1481.2190	NA	NA
1481.2271	NA	NA
1483.0807	NA	NA
1483.0919	NA	NA
1483.1102	NA	NA
1483.7977	NA	NA
1485.3751	NA	NA
1485.3887	NA	NA
1485.3976	NA	NA
1485.4085	NA	NA
1485.4339	NA	NA
1485.4418	NA	NA
1485.4763	NA	NA
1486.0405	NA	NA
1486.0506	NA	NA
1486.0602	NA	NA
1486.0759	NA	NA
1486.4850	NA	NA
1486.5377	NA	NA
1487.5161	NA	NA
1487.5383	NA	NA
1487.5657	NA	NA
1488.0518	NA	NA
1488.0627	NA	NA
1488.0699	NA	NA
1488.0766	NA	NA
1488.0846	NA	NA
1488.0908	NA	NA
1488.4013	NA	NA
1489.0293	NA	NA
1489.0392	NA	NA
1489.0462	NA	NA
1489.0551	NA	NA
1489.0675	NA	NA
1489.0813	NA	NA
1489.6548	NA	NA
1490.3930	NA	NA
1490.4025	NA	NA
1490.4149	NA	NA
1491.4891	NA	NA
1491.4964	NA	NA
1491.5131	NA	NA
1491.5280	NA	NA
1492.4390	NA	NA
1492.4475	NA	NA
1492.4563	NA	NA
1492.5061	NA	NA
1492.5199	NA	NA
1493.3227	NA	NA
1493.3305	NA	NA
1493.3375	NA	NA
1493.3460	NA	NA
1495.5438	NA	NA
1495.9491	NA	NA
1495.9601	NA	NA
1495.9688	NA	NA
1495.9879	NA	NA
1495.9952	NA	NA
1496.0128	NA	NA
1497.5269	NA	NA
1497.5431	NA	NA
1497.5839	NA	NA
1498.7893	NA	NA
1498.8086	NA	NA
1498.8202	NA	NA
1498.8981	NA	NA
1498.9082	NA	NA
1499.0099	NA	NA
1499.4328	NA	NA
1499.4385	NA	NA
1499.4470	NA	NA
1499.4562	NA	NA
1499.4740	NA	NA
1499.4816	NA	NA
1499.4910	NA	NA
1499.8414	NA	NA
1500.3390	NA	NA
1501.1101	NA	NA
1501.4870	NA	NA
1501.5032	NA	NA
1502.4039	NA	NA
1502.4200	NA	NA
1502.4276	NA	NA
1502.4397	NA	NA
1502.4466	NA	NA
1502.4582	NA	NA
1503.7309	NA	NA
1505.1641	NA	NA
1505.2277	NA	NA
1507.1693	NA	NA
1507.1784	NA	NA
1507.5742	NA	NA
1507.8014	NA	NA
1509.4531	NA	NA
1509.4917	NA	NA
1509.5012	NA	NA
1509.8892	NA	NA
1511.3109	NA	NA
1511.7373	NA	NA
1511.9657	NA	NA
1511.9757	NA	NA
1511.9834	NA	NA
1511.9969	NA	NA
1512.6534	NA	NA
1513.5590	NA	NA
1515.7007	NA	NA
1517.3914	NA	NA
1518.6437	NA	NA
1518.6528	NA	NA
1519.7733	NA	NA
1521.7005	NA	NA
1521.7090	NA	NA
1521.7171	NA	NA
1521.7267	NA	NA
1521.7364	NA	NA
1521.7521	NA	NA
1523.4730	NA	NA
1524.3470	NA	NA
1524.3550	NA	NA
1524.3675	NA	NA
1524.3770	NA	NA
1524.4612	NA	NA
1524.9100	NA	NA
1524.9192	NA	NA
1526.8926	NA	NA
1526.9022	NA	NA
1526.9075	NA	NA
1526.9156	NA	NA
1526.9543	NA	NA
1527.9854	NA	NA
1527.9968	NA	NA
1528.0170	NA	NA
1528.0288	NA	NA
1528.1525	NA	NA
1529.2890	NA	NA
1529.5022	NA	NA
1530.6021	NA	NA
1530.6183	NA	NA
1530.6539	NA	NA
1531.1856	NA	NA
1532.5466	NA	NA
1532.5583	NA	NA
1532.5776	NA	NA
1532.5899	NA	NA
1533.2310	NA	NA
1533.2568	NA	NA
1534.1689	NA	NA
1535.2729	NA	NA
1535.2789	NA	NA
1535.7665	NA	NA
1535.7744	NA	NA
1535.8905	NA	NA
1536.4718	NA	NA
1536.4930	NA	NA
1538.4497	NA	NA
1539.0039	NA	NA
1539.0103	NA	NA
1539.0160	NA	NA
1539.1535	NA	NA
1539.2052	NA	NA
1539.5588	NA	NA
1542.0491	NA	NA
1542.7556	NA	NA
1543.2168	NA	NA
1543.2293	NA	NA
1543.2398	NA	NA
1543.2576	NA	NA
1543.9809	NA	NA
1543.9966	NA	NA
1544.0238	NA	NA
1544.5850	NA	NA
1544.9891	NA	NA
1544.9940	NA	NA
1545.0030	NA	NA
1545.3795	NA	NA
1548.1297	NA	NA
1548.2103	NA	NA
1549.7633	NA	NA
1551.9279	NA	NA
1551.9400	NA	NA
1551.9515	NA	NA
1551.9838	NA	NA
1551.9968	NA	NA
1552.6477	NA	NA
1552.6658	NA	NA
1553.1961	NA	NA
1553.2223	NA	NA
1553.2340	NA	NA
1553.3420	NA	NA
1553.6221	NA	NA
1555.5352	NA	NA
1555.5589	NA	NA
1555.5971	NA	NA
1555.6125	NA	NA
1556.3303	NA	NA
1556.4284	NA	NA
1556.4378	NA	NA
1556.4540	NA	NA
1556.4642	NA	NA
1558.2193	NA	NA
1558.7693	NA	NA
1559.7852	NA	NA
1559.7960	NA	NA
1560.7349	NA	NA
1560.7455	NA	NA
1560.7542	NA	NA
1560.7649	NA	NA
1560.7948	NA	NA
1560.8544	NA	NA
1560.8743	NA	NA
1560.8918	NA	NA
1561.3088	NA	NA
1561.3207	NA	NA
1561.7235	NA	NA
1561.7321	NA	NA
1561.7399	NA	NA
1561.7478	NA	NA
1562.0208	NA	NA
1564.9633	NA	NA
1564.9914	NA	NA
1565.0038	NA	NA
1565.0202	NA	NA
1565.2835	NA	NA
1565.7240	NA	NA
1566.1849	NA	NA
1566.1925	NA	NA
1566.2035	NA	NA
1566.2122	NA	NA
1566.2215	NA	NA
1566.2298	NA	NA
1566.2393	NA	NA
1566.2567	NA	NA
1566.2788	NA	NA
1567.2959	NA	NA
1567.3217	NA	NA
1567.3277	NA	NA
1568.2440	NA	NA
1568.2684	NA	NA
1568.2847	NA	NA
1568.2947	NA	NA
1569.5701	NA	NA
1569.6757	NA	NA
1569.6835	NA	NA
1569.6917	NA	NA
1570.0567	NA	NA
1570.5515	NA	NA
1570.7523	NA	NA
1570.7793	NA	NA
1572.4676	NA	NA
1572.9869	NA	NA
1572.9936	NA	NA
1573.5542	NA	NA
1573.5672	NA	NA
1573.5782	NA	NA
1573.8691	NA	NA
1573.8853	NA	NA
1573.8955	NA	NA
1574.1716	NA	NA
1575.3992	NA	NA
1575.4114	NA	NA
1575.4243	NA	NA
1575.4814	NA	NA
1575.4937	NA	NA
1575.9232	NA	NA
1575.9313	NA	NA
1575.9385	NA	NA
1575.9472	NA	NA
1577.4633	NA	NA
1577.9249	NA	NA
1577.9327	NA	NA
1578.9082	NA	NA
1578.9181	NA	NA
1578.9338	NA	NA
1578.9515	NA	NA
1579.0404	NA	NA
1579.0528	NA	NA
1579.4573	NA	NA
1581.8283	NA	NA
1582.7880	NA	NA
1584.2571	NA	NA
1585.3137	NA	NA
1585.4536	NA	NA
1586.1404	NA	NA
1586.1702	NA	NA
1586.4919	NA	NA
1588.9223	NA	NA
1589.7269	NA	NA
1590.5637	NA	NA
1590.5835	NA	NA
1591.7333	NA	NA
1592.1210	NA	NA
1592.7730	NA	NA
1592.7820	NA	NA
1593.0868	NA	NA
1593.0949	NA	NA
1594.6308	NA	NA
1595.0884	NA	NA
1595.4055	NA	NA
1595.4186	NA	NA
1596.3248	NA	NA
1596.3477	NA	NA
1596.3667	NA	NA
1597.6469	NA	NA
1598.1813	NA	NA
1598.1919	NA	NA
1598.9833	NA	NA
1599.0070	NA	NA
1599.3082	NA	NA
1599.5502	NA	NA
1599.9645	NA	NA
1601.7477	NA	NA
1601.7652	NA	NA
1601.7838	NA	NA
1601.7940	NA	NA
1602.0946	NA	NA
1602.6850	NA	NA
1602.6946	NA	NA
1602.7116	NA	NA
1603.9174	NA	NA
1603.9431	NA	NA
1603.9543	NA	NA
1603.9625	NA	NA
1603.9759	NA	NA
1603.9864	NA	NA
1606.3744	NA	NA
1606.3828	NA	NA
1607.1724	NA	NA
1608.9167	NA	NA
1608.9384	NA	NA
1609.4666	NA	NA
1609.5879	NA	NA
1609.5975	NA	NA
1609.6058	NA	NA
1609.6154	NA	NA
1610.2787	NA	NA
1610.7922	NA	NA
1611.4898	NA	NA
1613.6283	NA	NA
1613.6535	NA	NA
1614.5597	NA	NA
1614.5765	NA	NA
1614.8680	NA	NA
1615.6506	NA	NA
1615.8162	NA	NA
1615.9107	NA	NA
1615.9273	NA	NA
1615.9501	NA	NA
1616.1918	NA	NA
1616.2031	NA	NA
1618.7534	NA	NA
1619.9657	NA	NA
1619.9754	NA	NA
1619.9846	NA	NA
1620.0017	NA	NA
1621.0265	NA	NA
1621.0382	NA	NA
1621.0615	NA	NA
1621.0698	NA	NA
1621.0772	NA	NA
1621.0853	NA	NA
1621.1048	NA	NA
1621.1191	NA	NA
1622.3268	NA	NA
1623.0790	NA	NA
1625.9398	NA	NA
1626.2524	NA	NA
1626.4055	NA	NA
1627.6767	NA	NA
1627.6846	NA	NA
1627.6929	NA	NA
1627.7240	NA	NA
1627.7431	NA	NA
1627.7616	NA	NA
1628.6098	NA	NA
1628.9230	NA	NA
1628.9456	NA	NA
1629.6589	NA	NA
1629.6693	NA	NA
1629.6908	NA	NA
1629.9554	NA	NA
1630.7868	NA	NA
1630.8032	NA	NA
1631.6757	NA	NA
1631.6828	NA	NA
1631.6898	NA	NA
1631.7032	NA	NA
1632.2077	NA	NA
1632.2178	NA	NA
1632.2250	NA	NA
1632.2405	NA	NA
1632.3861	NA	NA
1632.7268	NA	NA
1633.8042	NA	NA
1633.8127	NA	NA
1633.8245	NA	NA
1634.1582	NA	NA
1634.1670	NA	NA
1634.1781	NA	NA
1634.3092	NA	NA
1634.7048	NA	NA
1634.7197	NA	NA
1634.7333	NA	NA
1635.2315	NA	NA
1635.4184	NA	NA
1635.4278	NA	NA
1636.9373	NA	NA
1636.9453	NA	NA
1636.9641	NA	NA
1637.6157	NA	NA
1638.1961	NA	NA
1638.3263	NA	NA
1638.3344	NA	NA
1638.3443	NA	NA
1639.1888	NA	NA
1639.2078	NA	NA
1639.2355	NA	NA
1639.3065	NA	NA
1639.3175	NA	NA
1641.3792	NA	NA
1641.8963	NA	NA
1642.3623	NA	NA
1642.3763	NA	NA
1642.4071	NA	NA
1642.8598	NA	NA
1642.8864	NA	NA
1642.9601	NA	NA
1644.3452	NA	NA
1644.7373	NA	NA
1644.7455	NA	NA
1644.7522	NA	NA
1644.8739	NA	NA
1645.6126	NA	NA
1645.6215	NA	NA
1645.6289	NA	NA
1646.3239	NA	NA
1646.7322	NA	NA
1647.3038	NA	NA
1647.3306	NA	NA
1647.8413	NA	NA
1648.3185	NA	NA
1648.3278	NA	NA
1651.2642	NA	NA
1652.7593	NA	NA
1653.3230	NA	NA
1653.5798	NA	NA
1654.8322	NA	NA
1654.8495	NA	NA
1655.6809	NA	NA
1656.4949	NA	NA
1657.2793	NA	NA
1658.5769	NA	NA
1658.5860	NA	NA
1658.5993	NA	NA
1658.6075	NA	NA
1658.6178	NA	NA
1659.8025	NA	NA
1659.8099	NA	NA
1661.8681	NA	NA
1661.8792	NA	NA
1663.1138	NA	NA
1663.1232	NA	NA
1663.1393	NA	NA
1663.1521	NA	NA
1663.1664	NA	NA
1663.9514	NA	NA
1663.9596	NA	NA
1664.6369	NA	NA
1664.6441	NA	NA
1664.6572	NA	NA
1664.6692	NA	NA
1664.6869	NA	NA
1666.0574	NA	NA
1666.0957	NA	NA
1667.9279	NA	NA
1668.1802	NA	NA
1668.9496	NA	NA
1668.9606	NA	NA
1669.0399	NA	NA
1669.0526	NA	NA
1669.0601	NA	NA
1669.0700	NA	NA
1669.9707	NA	NA
1672.4442	NA	NA
1672.4555	NA	NA
1672.4717	NA	NA
1672.4856	NA	NA
1672.7515	NA	NA
1673.2670	NA	NA
1673.6587	NA	NA
1673.6678	NA	NA
1673.6857	NA	NA
1674.4559	NA	NA
1674.4886	NA	NA
1674.5011	NA	NA
1675.1609	NA	NA
1675.1796	NA	NA
1675.2725	NA	NA
1675.8622	NA	NA
1675.8710	NA	NA
1675.8831	NA	NA
1676.1331	NA	NA
1676.5738	NA	NA
1676.5847	NA	NA
1677.6519	NA	NA
1677.9308	NA	NA
1677.9395	NA	NA
1678.5411	NA	NA
1679.2543	NA	NA
1680.7330	NA	NA
1680.7422	NA	NA
1680.7523	NA	NA
1680.7674	NA	NA
1681.6217	NA	NA
1681.7107	NA	NA
1681.7216	NA	NA
1682.3212	NA	NA
1682.3314	NA	NA
1682.3452	NA	NA
1684.1797	NA	NA
1684.1916	NA	NA
1684.2041	NA	NA
1684.2145	NA	NA
1684.3229	NA	NA
1684.3426	NA	NA
1684.3628	NA	NA
1685.7085	NA	NA
1685.7241	NA	NA
1685.7375	NA	NA
1686.9018	NA	NA
1686.9089	NA	NA
1686.9228	NA	NA
1686.9386	NA	NA
1687.5861	NA	NA
1687.8307	NA	NA
1687.8370	NA	NA
1687.9903	NA	NA
1688.0016	NA	NA
1688.0158	NA	NA
1688.0302	NA	NA
1688.2712	NA	NA
1688.2920	NA	NA
1688.5012	NA	NA
1688.5099	NA	NA
1688.5170	NA	NA
1688.5288	NA	NA
1689.2847	NA	NA
1689.3222	NA	NA
1689.8636	NA	NA
1689.8993	NA	NA
1690.5478	NA	NA
1690.5720	NA	NA
1690.7364	NA	NA
1691.2142	NA	NA
1691.5554	NA	NA
1691.5755	NA	NA
1691.8604	NA	NA
1692.4843	NA	NA
1693.1058	NA	NA
1693.1114	NA	NA
1693.1199	NA	NA
1693.1433	NA	NA
1693.1581	NA	NA
1693.2017	NA	NA
1693.3098	NA	NA
1693.4026	NA	NA
1695.9246	NA	NA
1695.9397	NA	NA
1695.9491	NA	NA
1696.8680	NA	NA
1696.8798	NA	NA
1696.8950	NA	NA
1697.0866	NA	NA
1697.7314	NA	NA
1698.0466	NA	NA
1700.5899	NA	NA
1701.1902	NA	NA
1701.4192	NA	NA
1703.4515	NA	NA
1703.6799	NA	NA
1703.6909	NA	NA
1704.3080	NA	NA
1704.3194	NA	NA
1704.3333	NA	NA
1706.4444	NA	NA
1706.4506	NA	NA
1706.4584	NA	NA
1706.4728	NA	NA
1706.4862	NA	NA
1706.4994	NA	NA
1706.5115	NA	NA
1708.4326	NA	NA
1709.2600	NA	NA
1709.2735	NA	NA
1709.4553	NA	NA
1709.6974	NA	NA
1710.0015	NA	NA
1710.0121	NA	NA
1710.1019	NA	NA
1710.5156	NA	NA
1711.6947	NA	NA
1712.8866	NA	NA
1712.8958	NA	NA
1713.1152	NA	NA
1713.1359	NA	NA
1713.4108	NA	NA
1714.8966	NA	NA
1717.3208	NA	NA
1717.3305	NA	NA
1717.3469	NA	NA
1720.7774	NA	NA
1721.0246	NA	NA
1721.9977	NA	NA
1722.0102	NA	NA
1722.1870	NA	NA
1722.2065	NA	NA
1723.3096	NA	NA
1723.3224	NA	NA
1723.6310	NA	NA
1723.9802	NA	NA
1723.9908	NA	NA
1724.0238	NA	NA
1724.0361	NA	NA
1724.5504	NA	NA
1724.5851	NA	NA
1724.5981	NA	NA
1725.7459	NA	NA
1725.7535	NA	NA
1725.7734	NA	NA
1725.7877	NA	NA
1725.8017	NA	NA
1725.9957	NA	NA
1726.0068	NA	NA
1726.3459	NA	NA
1728.0657	NA	NA
1728.0733	NA	NA
1728.0831	NA	NA
1728.0941	NA	NA
1728.1375	NA	NA
1729.2887	NA	NA
1729.2972	NA	NA
1729.3045	NA	NA
1730.6167	NA	NA
1730.6265	NA	NA
1730.6375	NA	NA
1730.6445	NA	NA
1730.7573	NA	NA
1731.1742	NA	NA
1732.3789	NA	NA
1733.2837	NA	NA
1733.3230	NA	NA
1735.0695	NA	NA
1735.0797	NA	NA
1735.0893	NA	NA
1735.0954	NA	NA
1735.1119	NA	NA
1735.1267	NA	NA
1735.1336	NA	NA
1735.1397	NA	NA
1735.1474	NA	NA
1735.8125	NA	NA
1736.7229	NA	NA
1736.7335	NA	NA
1738.7652	NA	NA
1738.7746	NA	NA
1738.8152	NA	NA
1739.9705	NA	NA
1741.0066	NA	NA
1741.0244	NA	NA
1741.1019	NA	NA
1741.8004	NA	NA
1741.8098	NA	NA
1741.8244	NA	NA
1741.8707	NA	NA
1743.6033	NA	NA
1743.6111	NA	NA
1743.6212	NA	NA
1743.6552	NA	NA
1743.7841	NA	NA
1743.7939	NA	NA
1743.8128	NA	NA
1743.8312	NA	NA
1743.9211	NA	NA
1743.9312	NA	NA
1743.9417	NA	NA
1743.9579	NA	NA
1743.9684	NA	NA
1744.0458	NA	NA
1745.5871	NA	NA
1745.6037	NA	NA
1745.6241	NA	NA
1746.3356	NA	NA
1746.3565	NA	NA
1746.3774	NA	NA
1746.3847	NA	NA
1746.3937	NA	NA
1746.5255	NA	NA
1746.5319	NA	NA
1746.5524	NA	NA
1746.5906	NA	NA
1746.6029	NA	NA
1747.6781	NA	NA
1747.6862	NA	NA
1748.4579	NA	NA
1748.4894	NA	NA
1748.4996	NA	NA
1748.5178	NA	NA
1748.7251	NA	NA
1748.7333	NA	NA
1748.8641	NA	NA
1748.8811	NA	NA
1748.8916	NA	NA
1749.8501	NA	NA
1749.8627	NA	NA
1749.8757	NA	NA
1750.1923	NA	NA
1750.2050	NA	NA
1751.0057	NA	NA
1752.5131	NA	NA
1752.5524	NA	NA
1752.5607	NA	NA
1753.3178	NA	NA
1753.3274	NA	NA
1754.6821	NA	NA
1756.3014	NA	NA
1756.3160	NA	NA
1756.4417	NA	NA
1757.0217	NA	NA
1758.0672	NA	NA
1758.0753	NA	NA
1758.3746	NA	NA
1758.4011	NA	NA
1758.4196	NA	NA
1758.4298	NA	NA
1758.4416	NA	NA
1759.2588	NA	NA
1759.2683	NA	NA
1759.2755	NA	NA
1759.2842	NA	NA
1759.2953	NA	NA
1759.8610	NA	NA
1759.8769	NA	NA
1759.8873	NA	NA
1760.8436	NA	NA
1760.9470	NA	NA
1760.9646	NA	NA
1761.4153	NA	NA
1762.1851	NA	NA
1762.2540	NA	NA
1762.2654	NA	NA
1762.2804	NA	NA
1762.2996	NA	NA
1763.4323	NA	NA
1763.7440	NA	NA
1763.9746	NA	NA
1763.9954	NA	NA
1764.5944	NA	NA
1764.6170	NA	NA
1765.3663	NA	NA
1765.3743	NA	NA
1765.3875	NA	NA
1765.4080	NA	NA
1765.8621	NA	NA
1765.9941	NA	NA
1766.0084	NA	NA
1766.5431	NA	NA
1766.7197	NA	NA
1766.7371	NA	NA
1766.7489	NA	NA
1767.1734	NA	NA
1767.1880	NA	NA
1768.0466	NA	NA
1768.0734	NA	NA
1768.4486	NA	NA
1768.8753	NA	NA
1768.8856	NA	NA
1769.8057	NA	NA
1769.8205	NA	NA
1769.8485	NA	NA
1770.5158	NA	NA
1771.0981	NA	NA
1772.0635	NA	NA
1772.0721	NA	NA
1772.0859	NA	NA
1772.0987	NA	NA
1772.1074	NA	NA
1772.1152	NA	NA
1772.1219	NA	NA
1772.1393	NA	NA
1772.6778	NA	NA
1772.6897	NA	NA
1773.6990	NA	NA
1773.7237	NA	NA
1773.7328	NA	NA
1773.7415	NA	NA
1773.7522	NA	NA
1774.1923	NA	NA
1774.1990	NA	NA
1774.2098	NA	NA
1774.2183	NA	NA
1775.0013	NA	NA
1775.0118	NA	NA
1775.0221	NA	NA
1775.0607	NA	NA
1775.3230	NA	NA
1776.3087	NA	NA
1776.7528	NA	NA
1776.7749	NA	NA
1776.7922	NA	NA
1776.9972	NA	NA
1778.1129	NA	NA
1778.1286	NA	NA
1779.0781	NA	NA
1781.2063	NA	NA
1781.2166	NA	NA
1782.3253	NA	NA
1782.3417	NA	NA
1782.3735	NA	NA
1783.8578	NA	NA
1783.9214	NA	NA
1784.5410	NA	NA
1784.5599	NA	NA
1785.1460	NA	NA
1785.1574	NA	NA
1785.1650	NA	NA
1785.1821	NA	NA
1785.3528	NA	NA
1785.6331	NA	NA
1785.8085	NA	NA
1786.7921	NA	NA
1786.8124	NA	NA
1786.8266	NA	NA
1786.9043	NA	NA
1786.9151	NA	NA
1786.9242	NA	NA
1787.3472	NA	NA
1788.2025	NA	NA
1788.2157	NA	NA
1789.2548	NA	NA
1789.2682	NA	NA
1789.2772	NA	NA
1789.2874	NA	NA
1789.8919	NA	NA
1790.2423	NA	NA
1790.9411	NA	NA
1792.4317	NA	NA
1794.5826	NA	NA
1794.5937	NA	NA
1794.6162	NA	NA
1794.6311	NA	NA
1794.8090	NA	NA
1794.8180	NA	NA
1794.8304	NA	NA
1795.2658	NA	NA
1797.6840	NA	NA
1797.7147	NA	NA
1797.7345	NA	NA
1798.1837	NA	NA
1798.8413	NA	NA
1798.8672	NA	NA
1801.0497	NA	NA
1801.0612	NA	NA
1801.0687	NA	NA
1801.0866	NA	NA
1801.1242	NA	NA
1801.8917	NA	NA
1801.9063	NA	NA
1801.9245	NA	NA
1802.3749	NA	NA
1802.3857	NA	NA
1803.2290	NA	NA
1804.1372	NA	NA
1804.8958	NA	NA
1804.9194	NA	NA
1807.1598	NA	NA
1807.1700	NA	NA
1807.3164	NA	NA
1807.7679	NA	NA
1807.7797	NA	NA
1807.7868	NA	NA
1807.7953	NA	NA
1807.8071	NA	NA
1807.8138	NA	NA
1808.2434	NA	NA
1808.2539	NA	NA
1810.5258	NA	NA
1810.5366	NA	NA
1810.5485	NA	NA
1811.4136	NA	NA
1811.4397	NA	NA
1811.4646	NA	NA
1811.9368	NA	NA
1813.2810	NA	NA
1813.2956	NA	NA
1814.1043	NA	NA
1814.1274	NA	NA
1814.1479	NA	NA
1814.1617	NA	NA
1814.3790	NA	NA
1814.5134	NA	NA
1816.4745	NA	NA
1818.0235	NA	NA
1818.0323	NA	NA
1818.3018	NA	NA
1818.3121	NA	NA
1818.3253	NA	NA
1818.3367	NA	NA
1818.3828	NA	NA
1819.3880	NA	NA
1819.4172	NA	NA
1819.4267	NA	NA
1819.4505	NA	NA
1821.2095	NA	NA
1821.4175	NA	NA
1822.4223	NA	NA
1822.4329	NA	NA
1822.4642	NA	NA
1822.4756	NA	NA
1824.1656	NA	NA
1824.1793	NA	NA
1824.1982	NA	NA
1824.2062	NA	NA
1824.2142	NA	NA
1824.2225	NA	NA
1824.2559	NA	NA
1824.2695	NA	NA
1824.2839	NA	NA
1824.8075	NA	NA
1826.7264	NA	NA
1826.7552	NA	NA
1826.7732	NA	NA
1826.7844	NA	NA
1827.6916	NA	NA
1827.6993	NA	NA
1827.7078	NA	NA
1827.7145	NA	NA
1828.0323	NA	NA
1829.2641	NA	NA
1829.8452	NA	NA
