spike times	Vanne1 ON	Vanne1 OFF
18.2659	900.0354	902.0345
18.2803	NA	NA
18.3097	NA	NA
27.3886	NA	NA
27.4051	NA	NA
27.4373	NA	NA
31.8834	NA	NA
31.9272	NA	NA
67.1947	NA	NA
117.4113	NA	NA
117.4283	NA	NA
117.4557	NA	NA
225.1648	NA	NA
235.2235	NA	NA
254.6225	NA	NA
254.6398	NA	NA
254.6567	NA	NA
254.6718	NA	NA
254.6859	NA	NA
254.7089	NA	NA
311.0519	NA	NA
312.7932	NA	NA
366.5929	NA	NA
406.1999	NA	NA
417.9974	NA	NA
427.0511	NA	NA
429.2838	NA	NA
429.3186	NA	NA
433.3454	NA	NA
441.6026	NA	NA
441.6397	NA	NA
458.8048	NA	NA
462.6784	NA	NA
478.5600	NA	NA
479.4859	NA	NA
495.0819	NA	NA
495.2219	NA	NA
495.4044	NA	NA
501.6833	NA	NA
522.5333	NA	NA
522.5532	NA	NA
522.5888	NA	NA
533.8996	NA	NA
533.9187	NA	NA
533.9339	NA	NA
533.9462	NA	NA
533.9699	NA	NA
533.9851	NA	NA
539.9270	NA	NA
539.9820	NA	NA
562.9234	NA	NA
592.2759	NA	NA
594.7737	NA	NA
595.2708	NA	NA
598.1199	NA	NA
598.1706	NA	NA
598.3557	NA	NA
604.8577	NA	NA
612.9670	NA	NA
617.7995	NA	NA
625.9241	NA	NA
635.8614	NA	NA
640.5736	NA	NA
642.6349	NA	NA
642.8327	NA	NA
645.5613	NA	NA
646.3062	NA	NA
646.3754	NA	NA
647.3280	NA	NA
651.9069	NA	NA
662.0290	NA	NA
665.4555	NA	NA
665.4690	NA	NA
665.5108	NA	NA
665.6934	NA	NA
673.3800	NA	NA
690.8233	NA	NA
710.7410	NA	NA
710.7581	NA	NA
713.2286	NA	NA
716.3990	NA	NA
716.9934	NA	NA
720.2096	NA	NA
720.2506	NA	NA
723.9149	NA	NA
724.7368	NA	NA
724.7656	NA	NA
724.7884	NA	NA
724.8138	NA	NA
726.2004	NA	NA
726.2285	NA	NA
727.1195	NA	NA
727.1809	NA	NA
727.2094	NA	NA
727.7300	NA	NA
727.9221	NA	NA
729.9568	NA	NA
730.4054	NA	NA
730.4378	NA	NA
732.5058	NA	NA
736.6174	NA	NA
736.6918	NA	NA
738.8475	NA	NA
744.1198	NA	NA
749.5236	NA	NA
753.4451	NA	NA
753.4618	NA	NA
753.4907	NA	NA
753.5049	NA	NA
756.6783	NA	NA
761.4069	NA	NA
761.6423	NA	NA
782.5362	NA	NA
784.5891	NA	NA
784.6112	NA	NA
788.0841	NA	NA
788.1078	NA	NA
806.2509	NA	NA
806.2692	NA	NA
854.7497	NA	NA
854.7650	NA	NA
863.7379	NA	NA
864.8161	NA	NA
864.8652	NA	NA
866.4557	NA	NA
866.4766	NA	NA
869.2946	NA	NA
869.3078	NA	NA
869.3304	NA	NA
871.2953	NA	NA
871.8229	NA	NA
871.8316	NA	NA
871.8548	NA	NA
875.6084	NA	NA
882.8662	NA	NA
886.1581	NA	NA
886.4566	NA	NA
887.1325	NA	NA
888.4104	NA	NA
888.4361	NA	NA
890.7347	NA	NA
897.6556	NA	NA
899.9953	NA	NA
900.0500	NA	NA
900.0536	NA	NA
900.0569	NA	NA
900.0601	NA	NA
900.0633	NA	NA
900.0663	NA	NA
900.0697	NA	NA
900.0732	NA	NA
900.0769	NA	NA
900.0805	NA	NA
900.0843	NA	NA
900.0939	NA	NA
900.0994	NA	NA
900.1053	NA	NA
900.1111	NA	NA
900.1170	NA	NA
900.1267	NA	NA
900.1417	NA	NA
900.1569	NA	NA
900.1701	NA	NA
900.1772	NA	NA
900.1943	NA	NA
900.2039	NA	NA
900.2205	NA	NA
900.2376	NA	NA
900.2492	NA	NA
900.2689	NA	NA
900.2831	NA	NA
900.2993	NA	NA
900.3149	NA	NA
900.3413	NA	NA
900.3652	NA	NA
900.4064	NA	NA
900.4384	NA	NA
900.4646	NA	NA
900.5303	NA	NA
900.5520	NA	NA
900.6001	NA	NA
900.6267	NA	NA
900.6518	NA	NA
900.6798	NA	NA
900.7374	NA	NA
900.7595	NA	NA
900.7778	NA	NA
900.8383	NA	NA
900.8726	NA	NA
900.9469	NA	NA
900.9718	NA	NA
900.9880	NA	NA
901.0566	NA	NA
901.2480	NA	NA
901.3771	NA	NA
903.2959	NA	NA
903.7521	NA	NA
904.2385	NA	NA
904.2515	NA	NA
904.3406	NA	NA
904.4736	NA	NA
904.5020	NA	NA
904.7066	NA	NA
904.8840	NA	NA
904.9641	NA	NA
905.3936	NA	NA
905.5272	NA	NA
905.8973	NA	NA
905.9095	NA	NA
906.0936	NA	NA
906.1929	NA	NA
906.3606	NA	NA
906.3995	NA	NA
906.4173	NA	NA
906.4823	NA	NA
906.6435	NA	NA
906.6617	NA	NA
906.6798	NA	NA
906.7046	NA	NA
906.7758	NA	NA
906.9142	NA	NA
906.9265	NA	NA
907.1741	NA	NA
907.4163	NA	NA
907.5309	NA	NA
908.2806	NA	NA
908.3051	NA	NA
908.3329	NA	NA
908.3607	NA	NA
908.4085	NA	NA
908.5103	NA	NA
908.5536	NA	NA
908.5613	NA	NA
908.6147	NA	NA
908.9621	NA	NA
909.1036	NA	NA
909.1172	NA	NA
909.1644	NA	NA
909.1837	NA	NA
909.2419	NA	NA
909.3166	NA	NA
909.3495	NA	NA
909.6542	NA	NA
909.7606	NA	NA
909.7742	NA	NA
910.0573	NA	NA
910.0893	NA	NA
910.2038	NA	NA
910.2845	NA	NA
910.7114	NA	NA
910.7471	NA	NA
911.1470	NA	NA
911.2988	NA	NA
911.3361	NA	NA
911.4495	NA	NA
911.6450	NA	NA
911.7096	NA	NA
911.7684	NA	NA
912.4909	NA	NA
912.7281	NA	NA
912.7791	NA	NA
912.8676	NA	NA
912.9031	NA	NA
912.9725	NA	NA
913.1159	NA	NA
913.1308	NA	NA
913.1466	NA	NA
913.3642	NA	NA
913.6483	NA	NA
913.7278	NA	NA
913.7387	NA	NA
913.7618	NA	NA
913.9687	NA	NA
913.9992	NA	NA
914.1049	NA	NA
914.1176	NA	NA
914.1848	NA	NA
914.2066	NA	NA
914.4565	NA	NA
914.4991	NA	NA
914.5176	NA	NA
914.5487	NA	NA
914.7474	NA	NA
914.7595	NA	NA
915.1819	NA	NA
915.2134	NA	NA
915.2277	NA	NA
915.2377	NA	NA
915.2502	NA	NA
915.2691	NA	NA
915.4499	NA	NA
915.4673	NA	NA
915.5721	NA	NA
915.7161	NA	NA
916.5055	NA	NA
916.5205	NA	NA
916.5353	NA	NA
916.5489	NA	NA
916.5637	NA	NA
916.8217	NA	NA
916.8742	NA	NA
916.9788	NA	NA
917.0447	NA	NA
917.2722	NA	NA
917.3959	NA	NA
917.4836	NA	NA
917.8018	NA	NA
917.8198	NA	NA
917.8378	NA	NA
917.8656	NA	NA
917.9304	NA	NA
918.3806	NA	NA
918.4388	NA	NA
918.7352	NA	NA
918.9960	NA	NA
919.0087	NA	NA
919.0398	NA	NA
919.0897	NA	NA
919.1954	NA	NA
919.6598	NA	NA
919.6960	NA	NA
919.7205	NA	NA
919.7599	NA	NA
920.2220	NA	NA
920.2377	NA	NA
920.2516	NA	NA
920.2927	NA	NA
920.5151	NA	NA
920.7542	NA	NA
920.9097	NA	NA
920.9510	NA	NA
920.9674	NA	NA
921.0191	NA	NA
921.1198	NA	NA
921.6560	NA	NA
922.0135	NA	NA
922.0275	NA	NA
922.1667	NA	NA
922.1912	NA	NA
922.2080	NA	NA
922.3083	NA	NA
922.5707	NA	NA
922.6260	NA	NA
922.7623	NA	NA
922.8880	NA	NA
923.1023	NA	NA
923.1898	NA	NA
923.7501	NA	NA
924.0521	NA	NA
924.0735	NA	NA
924.0961	NA	NA
924.1455	NA	NA
924.1758	NA	NA
924.4053	NA	NA
924.4621	NA	NA
924.4746	NA	NA
924.8636	NA	NA
925.0435	NA	NA
925.1009	NA	NA
925.3321	NA	NA
925.3464	NA	NA
925.3784	NA	NA
925.4234	NA	NA
925.5561	NA	NA
926.0104	NA	NA
926.2844	NA	NA
926.3266	NA	NA
926.3498	NA	NA
926.3624	NA	NA
926.3724	NA	NA
926.3905	NA	NA
926.4148	NA	NA
926.5227	NA	NA
926.7245	NA	NA
926.7771	NA	NA
927.5833	NA	NA
927.5984	NA	NA
927.8195	NA	NA
927.9301	NA	NA
928.0243	NA	NA
928.2624	NA	NA
928.5238	NA	NA
928.5366	NA	NA
928.5502	NA	NA
928.9614	NA	NA
929.0227	NA	NA
929.0393	NA	NA
929.0559	NA	NA
929.1689	NA	NA
929.5456	NA	NA
929.5799	NA	NA
929.6125	NA	NA
929.7628	NA	NA
929.7775	NA	NA
930.0604	NA	NA
930.0809	NA	NA
930.1053	NA	NA
930.3708	NA	NA
930.4664	NA	NA
930.9578	NA	NA
931.0837	NA	NA
931.5861	NA	NA
931.6415	NA	NA
931.7124	NA	NA
931.8789	NA	NA
932.1931	NA	NA
932.3726	NA	NA
933.1567	NA	NA
933.2881	NA	NA
933.7068	NA	NA
933.8311	NA	NA
934.1137	NA	NA
934.1312	NA	NA
934.1459	NA	NA
934.2654	NA	NA
934.2919	NA	NA
934.3230	NA	NA
934.3919	NA	NA
934.5365	NA	NA
934.6297	NA	NA
935.0338	NA	NA
935.0602	NA	NA
935.1218	NA	NA
935.4237	NA	NA
935.4395	NA	NA
935.4651	NA	NA
935.4789	NA	NA
935.6554	NA	NA
936.1260	NA	NA
936.3941	NA	NA
936.4419	NA	NA
936.6950	NA	NA
936.8248	NA	NA
937.1096	NA	NA
937.1914	NA	NA
937.6724	NA	NA
937.6984	NA	NA
937.7409	NA	NA
937.8786	NA	NA
938.0531	NA	NA
938.1014	NA	NA
938.6988	NA	NA
938.7302	NA	NA
939.0357	NA	NA
939.1096	NA	NA
939.1764	NA	NA
939.3446	NA	NA
939.3684	NA	NA
939.3839	NA	NA
939.5416	NA	NA
939.6697	NA	NA
940.1826	NA	NA
940.1987	NA	NA
940.6297	NA	NA
940.8732	NA	NA
940.9128	NA	NA
941.0983	NA	NA
941.4585	NA	NA
941.6399	NA	NA
941.6727	NA	NA
941.8382	NA	NA
941.8575	NA	NA
941.8815	NA	NA
942.0796	NA	NA
942.1816	NA	NA
942.3974	NA	NA
942.4126	NA	NA
942.4827	NA	NA
942.8684	NA	NA
942.9484	NA	NA
942.9649	NA	NA
942.9808	NA	NA
943.0908	NA	NA
944.0227	NA	NA
944.1191	NA	NA
944.1815	NA	NA
944.2039	NA	NA
944.3306	NA	NA
944.3471	NA	NA
944.3978	NA	NA
944.7502	NA	NA
944.9718	NA	NA
945.1653	NA	NA
945.1879	NA	NA
945.2693	NA	NA
945.5338	NA	NA
946.0880	NA	NA
946.1094	NA	NA
946.2988	NA	NA
946.3349	NA	NA
946.4023	NA	NA
946.4145	NA	NA
946.4281	NA	NA
946.4542	NA	NA
946.5650	NA	NA
946.6086	NA	NA
947.4157	NA	NA
947.5824	NA	NA
947.6345	NA	NA
947.6473	NA	NA
947.6727	NA	NA
947.7723	NA	NA
948.0333	NA	NA
948.0703	NA	NA
948.0811	NA	NA
948.1033	NA	NA
948.1138	NA	NA
948.2725	NA	NA
948.2870	NA	NA
948.5825	NA	NA
948.6022	NA	NA
948.6336	NA	NA
948.8905	NA	NA
948.9061	NA	NA
948.9272	NA	NA
948.9668	NA	NA
949.3297	NA	NA
949.3566	NA	NA
949.3835	NA	NA
949.7270	NA	NA
949.7971	NA	NA
949.9027	NA	NA
949.9154	NA	NA
950.2810	NA	NA
950.3014	NA	NA
950.4440	NA	NA
950.5293	NA	NA
950.5675	NA	NA
950.6993	NA	NA
950.7242	NA	NA
951.0505	NA	NA
951.0725	NA	NA
951.2086	NA	NA
951.5729	NA	NA
951.7772	NA	NA
951.8052	NA	NA
951.8766	NA	NA
952.2313	NA	NA
952.4038	NA	NA
952.9436	NA	NA
953.2870	NA	NA
953.4823	NA	NA
953.5132	NA	NA
953.5248	NA	NA
953.5779	NA	NA
953.5975	NA	NA
953.6395	NA	NA
953.6743	NA	NA
953.6877	NA	NA
953.8437	NA	NA
954.2319	NA	NA
954.5323	NA	NA
954.6754	NA	NA
954.9557	NA	NA
955.0440	NA	NA
955.0640	NA	NA
955.2420	NA	NA
955.3112	NA	NA
955.3328	NA	NA
955.3436	NA	NA
955.3797	NA	NA
955.4323	NA	NA
955.6209	NA	NA
955.6373	NA	NA
955.7698	NA	NA
956.2062	NA	NA
956.4289	NA	NA
956.4751	NA	NA
956.5097	NA	NA
956.8302	NA	NA
956.9768	NA	NA
956.9963	NA	NA
957.0485	NA	NA
957.0610	NA	NA
957.4151	NA	NA
957.9287	NA	NA
957.9521	NA	NA
957.9719	NA	NA
958.0136	NA	NA
958.0444	NA	NA
958.1725	NA	NA
958.1873	NA	NA
958.3157	NA	NA
958.4671	NA	NA
958.5078	NA	NA
958.6542	NA	NA
958.7079	NA	NA
958.8028	NA	NA
959.1358	NA	NA
959.1733	NA	NA
959.4234	NA	NA
959.4935	NA	NA
959.5103	NA	NA
959.5315	NA	NA
959.8262	NA	NA
959.9645	NA	NA
960.0326	NA	NA
960.0506	NA	NA
960.3817	NA	NA
960.4251	NA	NA
960.6342	NA	NA
960.6638	NA	NA
961.2152	NA	NA
961.6235	NA	NA
961.7885	NA	NA
961.8316	NA	NA
962.0346	NA	NA
962.1653	NA	NA
962.2351	NA	NA
962.3868	NA	NA
962.6095	NA	NA
962.6822	NA	NA
963.0465	NA	NA
963.3819	NA	NA
963.3980	NA	NA
963.4124	NA	NA
963.4227	NA	NA
963.4310	NA	NA
963.7451	NA	NA
963.7951	NA	NA
963.8071	NA	NA
963.8273	NA	NA
964.1313	NA	NA
964.5212	NA	NA
964.6510	NA	NA
964.6748	NA	NA
964.6947	NA	NA
965.1389	NA	NA
965.2901	NA	NA
965.3166	NA	NA
965.3830	NA	NA
965.7736	NA	NA
965.9575	NA	NA
965.9706	NA	NA
966.1330	NA	NA
966.2945	NA	NA
966.4792	NA	NA
966.4888	NA	NA
966.9008	NA	NA
966.9155	NA	NA
966.9323	NA	NA
966.9563	NA	NA
966.9909	NA	NA
967.0107	NA	NA
967.3479	NA	NA
967.4255	NA	NA
967.4596	NA	NA
967.6766	NA	NA
967.8680	NA	NA
968.0935	NA	NA
968.1180	NA	NA
968.7825	NA	NA
968.8007	NA	NA
968.8600	NA	NA
968.8981	NA	NA
969.1038	NA	NA
969.1260	NA	NA
969.2412	NA	NA
969.5015	NA	NA
969.6053	NA	NA
969.7465	NA	NA
969.7623	NA	NA
969.7748	NA	NA
969.8273	NA	NA
970.5014	NA	NA
970.6679	NA	NA
970.7164	NA	NA
970.7454	NA	NA
970.9694	NA	NA
970.9958	NA	NA
971.1573	NA	NA
971.2109	NA	NA
971.4328	NA	NA
971.4985	NA	NA
972.1637	NA	NA
972.2138	NA	NA
972.2854	NA	NA
972.3232	NA	NA
972.3867	NA	NA
972.5997	NA	NA
972.7013	NA	NA
972.7605	NA	NA
972.7685	NA	NA
972.7931	NA	NA
973.0428	NA	NA
973.0809	NA	NA
973.3966	NA	NA
973.4181	NA	NA
973.4325	NA	NA
973.4452	NA	NA
973.4915	NA	NA
973.7442	NA	NA
973.7566	NA	NA
973.8194	NA	NA
974.1342	NA	NA
974.3297	NA	NA
974.5555	NA	NA
974.5695	NA	NA
974.5851	NA	NA
974.5944	NA	NA
974.6034	NA	NA
974.6193	NA	NA
974.8762	NA	NA
975.3457	NA	NA
975.5977	NA	NA
975.6067	NA	NA
975.6163	NA	NA
975.6405	NA	NA
975.6540	NA	NA
975.7770	NA	NA
975.7902	NA	NA
975.8804	NA	NA
975.9091	NA	NA
976.1514	NA	NA
976.1593	NA	NA
976.1747	NA	NA
976.5008	NA	NA
976.5276	NA	NA
976.9611	NA	NA
976.9713	NA	NA
977.1017	NA	NA
977.1118	NA	NA
977.1444	NA	NA
977.5210	NA	NA
977.6726	NA	NA
977.7052	NA	NA
977.7410	NA	NA
977.8569	NA	NA
978.3242	NA	NA
978.6601	NA	NA
978.7759	NA	NA
978.8674	NA	NA
978.9065	NA	NA
978.9158	NA	NA
979.1086	NA	NA
979.1284	NA	NA
979.1520	NA	NA
979.3502	NA	NA
979.3913	NA	NA
979.9388	NA	NA
980.4327	NA	NA
980.9408	NA	NA
980.9496	NA	NA
980.9701	NA	NA
980.9898	NA	NA
981.0723	NA	NA
981.1201	NA	NA
981.7799	NA	NA
981.7992	NA	NA
981.8191	NA	NA
982.0695	NA	NA
982.0842	NA	NA
982.3263	NA	NA
982.5082	NA	NA
982.6477	NA	NA
982.6901	NA	NA
982.9603	NA	NA
983.3916	NA	NA
983.5990	NA	NA
984.0693	NA	NA
984.1649	NA	NA
984.1982	NA	NA
984.2130	NA	NA
984.2495	NA	NA
984.5798	NA	NA
984.6579	NA	NA
984.7435	NA	NA
984.8307	NA	NA
984.8563	NA	NA
985.0528	NA	NA
985.3726	NA	NA
985.4363	NA	NA
985.4707	NA	NA
985.6632	NA	NA
985.6741	NA	NA
985.6932	NA	NA
985.7052	NA	NA
985.7217	NA	NA
985.8599	NA	NA
985.9677	NA	NA
986.1558	NA	NA
986.5406	NA	NA
986.8500	NA	NA
986.8633	NA	NA
986.9374	NA	NA
986.9784	NA	NA
987.1567	NA	NA
987.1781	NA	NA
987.2562	NA	NA
987.6022	NA	NA
987.6326	NA	NA
987.6647	NA	NA
987.9248	NA	NA
987.9648	NA	NA
987.9810	NA	NA
988.2880	NA	NA
988.6058	NA	NA
988.7004	NA	NA
989.3646	NA	NA
989.4658	NA	NA
989.6082	NA	NA
989.6246	NA	NA
989.6402	NA	NA
990.0162	NA	NA
990.1827	NA	NA
990.3066	NA	NA
990.3863	NA	NA
990.6724	NA	NA
990.9024	NA	NA
990.9113	NA	NA
991.1162	NA	NA
991.2545	NA	NA
991.4076	NA	NA
991.7748	NA	NA
991.7953	NA	NA
991.8152	NA	NA
991.8274	NA	NA
991.8391	NA	NA
991.8478	NA	NA
991.8702	NA	NA
992.1890	NA	NA
992.3282	NA	NA
992.3598	NA	NA
992.9314	NA	NA
992.9451	NA	NA
992.9559	NA	NA
992.9909	NA	NA
993.0513	NA	NA
993.1481	NA	NA
993.2532	NA	NA
993.2809	NA	NA
993.6645	NA	NA
993.7169	NA	NA
993.7368	NA	NA
993.8102	NA	NA
994.1752	NA	NA
994.5100	NA	NA
994.6935	NA	NA
994.9945	NA	NA
995.0218	NA	NA
995.0387	NA	NA
995.1302	NA	NA
995.1496	NA	NA
995.5287	NA	NA
995.6739	NA	NA
996.0167	NA	NA
996.7812	NA	NA
996.8579	NA	NA
996.8813	NA	NA
996.8921	NA	NA
997.6406	NA	NA
997.9135	NA	NA
997.9806	NA	NA
998.0142	NA	NA
998.1233	NA	NA
998.1449	NA	NA
998.2107	NA	NA
998.4094	NA	NA
998.4892	NA	NA
999.0841	NA	NA
999.1514	NA	NA
999.1648	NA	NA
999.1790	NA	NA
999.2806	NA	NA
999.9052	NA	NA
999.9366	NA	NA
999.9542	NA	NA
999.9668	NA	NA
999.9922	NA	NA
1000.0622	NA	NA
1000.1317	NA	NA
1000.1411	NA	NA
1000.3752	NA	NA
1000.7254	NA	NA
1000.7451	NA	NA
1000.7943	NA	NA
1000.8360	NA	NA
1001.4755	NA	NA
1002.1612	NA	NA
1002.1849	NA	NA
1002.2217	NA	NA
1002.2510	NA	NA
1002.3920	NA	NA
1002.6346	NA	NA
1002.6618	NA	NA
1003.4290	NA	NA
1003.5361	NA	NA
1003.6047	NA	NA
1003.6495	NA	NA
1003.6733	NA	NA
1003.7042	NA	NA
1003.8775	NA	NA
1004.5056	NA	NA
1004.5220	NA	NA
1004.5353	NA	NA
1004.5457	NA	NA
1004.5688	NA	NA
1004.5947	NA	NA
1004.7442	NA	NA
1004.9737	NA	NA
1005.7203	NA	NA
1005.7547	NA	NA
1005.7833	NA	NA
1005.8073	NA	NA
1006.0314	NA	NA
1006.2011	NA	NA
1006.3875	NA	NA
1006.4729	NA	NA
1006.5267	NA	NA
1006.5402	NA	NA
1006.5653	NA	NA
1006.5979	NA	NA
1006.7209	NA	NA
1006.7334	NA	NA
1007.0127	NA	NA
1007.0281	NA	NA
1007.0571	NA	NA
1007.0776	NA	NA
1007.1017	NA	NA
1007.1217	NA	NA
1007.6095	NA	NA
1007.6282	NA	NA
1007.7323	NA	NA
1007.7471	NA	NA
1007.8760	NA	NA
1007.9506	NA	NA
1007.9718	NA	NA
1008.0483	NA	NA
1008.6465	NA	NA
1008.9364	NA	NA
1008.9533	NA	NA
1008.9751	NA	NA
1009.2068	NA	NA
1009.3827	NA	NA
1009.4115	NA	NA
1009.4976	NA	NA
1009.5306	NA	NA
1010.0367	NA	NA
1010.0778	NA	NA
1010.2140	NA	NA
1010.2278	NA	NA
1010.2465	NA	NA
1010.3203	NA	NA
1010.3385	NA	NA
1010.3565	NA	NA
1010.5811	NA	NA
1010.5933	NA	NA
1010.9710	NA	NA
1011.0636	NA	NA
1011.0787	NA	NA
1011.0964	NA	NA
1011.1504	NA	NA
1011.1736	NA	NA
1011.5511	NA	NA
1011.5786	NA	NA
1011.5968	NA	NA
1011.6149	NA	NA
1011.9029	NA	NA
1012.0127	NA	NA
1012.6677	NA	NA
1012.8716	NA	NA
1013.1622	NA	NA
1013.1874	NA	NA
1013.4559	NA	NA
1013.5561	NA	NA
1013.5683	NA	NA
1014.0158	NA	NA
1014.1316	NA	NA
1014.1622	NA	NA
1014.1953	NA	NA
1014.3061	NA	NA
1014.3922	NA	NA
1014.5919	NA	NA
1014.6480	NA	NA
1014.6758	NA	NA
1014.6975	NA	NA
1014.7103	NA	NA
1014.7798	NA	NA
1014.9648	NA	NA
1015.0290	NA	NA
1015.1452	NA	NA
1015.1609	NA	NA
1015.3582	NA	NA
1015.7058	NA	NA
1015.7366	NA	NA
1015.7499	NA	NA
1015.7807	NA	NA
1016.8674	NA	NA
1017.0579	NA	NA
1017.3428	NA	NA
1017.3598	NA	NA
1017.3752	NA	NA
1017.3855	NA	NA
1017.4011	NA	NA
1017.4132	NA	NA
1017.4405	NA	NA
1017.7687	NA	NA
1018.2145	NA	NA
1018.6104	NA	NA
1019.0050	NA	NA
1019.0653	NA	NA
1019.1268	NA	NA
1019.8740	NA	NA
1020.5768	NA	NA
1020.5949	NA	NA
1020.7396	NA	NA
1020.7638	NA	NA
1021.0547	NA	NA
1021.3257	NA	NA
1021.3502	NA	NA
1021.4571	NA	NA
1021.5893	NA	NA
1021.6007	NA	NA
1021.6091	NA	NA
1021.6265	NA	NA
1021.6336	NA	NA
1021.6635	NA	NA
1021.8738	NA	NA
1021.9512	NA	NA
1022.4680	NA	NA
1022.4772	NA	NA
1022.4888	NA	NA
1023.0053	NA	NA
1023.0299	NA	NA
1023.0431	NA	NA
1023.4741	NA	NA
1023.4896	NA	NA
1023.5599	NA	NA
1023.5786	NA	NA
1023.7178	NA	NA
1023.7319	NA	NA
1023.8367	NA	NA
1023.9689	NA	NA
1024.3320	NA	NA
1024.3497	NA	NA
1024.3904	NA	NA
1024.8209	NA	NA
1025.0623	NA	NA
1025.2300	NA	NA
1025.2379	NA	NA
1025.2459	NA	NA
1025.2588	NA	NA
1025.2879	NA	NA
1025.5759	NA	NA
1025.7006	NA	NA
1026.5962	NA	NA
1026.6492	NA	NA
1026.7882	NA	NA
1026.8013	NA	NA
1026.8501	NA	NA
1026.8897	NA	NA
1027.1809	NA	NA
1027.5766	NA	NA
1027.5891	NA	NA
1027.8481	NA	NA
1027.9860	NA	NA
1027.9995	NA	NA
1028.0255	NA	NA
1028.5821	NA	NA
1028.5993	NA	NA
1028.8320	NA	NA
1029.1541	NA	NA
1029.2030	NA	NA
1029.2244	NA	NA
1029.2814	NA	NA
1029.3060	NA	NA
1029.3863	NA	NA
1029.5924	NA	NA
1029.8435	NA	NA
1030.3477	NA	NA
1030.3618	NA	NA
1030.3866	NA	NA
1030.5494	NA	NA
1030.5664	NA	NA
1030.5829	NA	NA
1030.5937	NA	NA
1031.0679	NA	NA
1031.3210	NA	NA
1031.3737	NA	NA
1031.4086	NA	NA
1031.6398	NA	NA
1032.0591	NA	NA
1032.4487	NA	NA
1032.5189	NA	NA
1032.7492	NA	NA
1032.7598	NA	NA
1032.7755	NA	NA
1033.1619	NA	NA
1033.1796	NA	NA
1033.1886	NA	NA
1033.2486	NA	NA
1033.3116	NA	NA
1033.3227	NA	NA
1033.3357	NA	NA
1034.2578	NA	NA
1034.2897	NA	NA
1034.8477	NA	NA
1034.9662	NA	NA
1035.0240	NA	NA
1035.0357	NA	NA
1035.1381	NA	NA
1035.2395	NA	NA
1035.3026	NA	NA
1035.3207	NA	NA
1035.3279	NA	NA
1035.3458	NA	NA
1035.3589	NA	NA
1035.3965	NA	NA
1035.9660	NA	NA
1036.1456	NA	NA
1036.3610	NA	NA
1036.3949	NA	NA
1036.4837	NA	NA
1036.8363	NA	NA
1036.8651	NA	NA
1036.8765	NA	NA
1036.9587	NA	NA
1037.0378	NA	NA
1037.3658	NA	NA
1037.6823	NA	NA
1037.6990	NA	NA
1037.7115	NA	NA
1037.9396	NA	NA
1037.9758	NA	NA
1038.0105	NA	NA
1038.2694	NA	NA
1038.5117	NA	NA
1039.4142	NA	NA
1039.5603	NA	NA
1039.7534	NA	NA
1039.7721	NA	NA
1039.7900	NA	NA
1039.8347	NA	NA
1039.8498	NA	NA
1039.9434	NA	NA
1040.1472	NA	NA
1040.5686	NA	NA
1040.6386	NA	NA
1041.2237	NA	NA
1041.3122	NA	NA
1041.4736	NA	NA
1041.5151	NA	NA
1041.7483	NA	NA
1042.2670	NA	NA
1042.2807	NA	NA
1042.3040	NA	NA
1042.4436	NA	NA
1042.8410	NA	NA
1042.8667	NA	NA
1042.8928	NA	NA
1042.9071	NA	NA
1042.9180	NA	NA
1043.4611	NA	NA
1043.8734	NA	NA
1044.4071	NA	NA
1044.5675	NA	NA
1044.5836	NA	NA
1044.6912	NA	NA
1044.9527	NA	NA
1044.9682	NA	NA
1045.1144	NA	NA
1045.7518	NA	NA
1046.7622	NA	NA
1046.7778	NA	NA
1046.9513	NA	NA
1047.0275	NA	NA
1047.0483	NA	NA
1047.0730	NA	NA
1047.2724	NA	NA
1047.8568	NA	NA
1047.8736	NA	NA
1048.1413	NA	NA
1048.3040	NA	NA
1048.6616	NA	NA
1049.2139	NA	NA
1049.2356	NA	NA
1049.2914	NA	NA
1049.3680	NA	NA
1049.5664	NA	NA
1049.9265	NA	NA
1049.9463	NA	NA
1050.1691	NA	NA
1050.1952	NA	NA
1050.2179	NA	NA
1050.3319	NA	NA
1050.5975	NA	NA
1050.6183	NA	NA
1050.6308	NA	NA
1050.8815	NA	NA
1050.9346	NA	NA
1051.8157	NA	NA
1051.8714	NA	NA
1051.8883	NA	NA
1051.9005	NA	NA
1051.9398	NA	NA
1051.9555	NA	NA
1051.9843	NA	NA
1052.4575	NA	NA
1052.4994	NA	NA
1052.6768	NA	NA
1052.7988	NA	NA
1052.8336	NA	NA
1052.9224	NA	NA
1052.9956	NA	NA
1053.4978	NA	NA
1053.5436	NA	NA
1053.5535	NA	NA
1053.5656	NA	NA
1053.6109	NA	NA
1053.8863	NA	NA
1053.9349	NA	NA
1053.9826	NA	NA
1054.1041	NA	NA
1054.7254	NA	NA
1054.7393	NA	NA
1054.7520	NA	NA
1055.4273	NA	NA
1055.5314	NA	NA
1055.6802	NA	NA
1055.7673	NA	NA
1055.8134	NA	NA
1055.9784	NA	NA
1056.0904	NA	NA
1056.5969	NA	NA
1056.8430	NA	NA
1057.0666	NA	NA
1057.3777	NA	NA
1057.5616	NA	NA
1057.5773	NA	NA
1057.5865	NA	NA
1057.6040	NA	NA
1057.6166	NA	NA
1057.6597	NA	NA
1058.2061	NA	NA
1058.2215	NA	NA
1058.2413	NA	NA
1058.4799	NA	NA
1058.9436	NA	NA
1059.0316	NA	NA
1059.0476	NA	NA
1059.8126	NA	NA
1059.8766	NA	NA
1060.1864	NA	NA
1060.2062	NA	NA
1060.2170	NA	NA
1060.2717	NA	NA
1060.3124	NA	NA
1060.5576	NA	NA
1060.5805	NA	NA
1060.7188	NA	NA
1060.7801	NA	NA
1061.0619	NA	NA
1061.3456	NA	NA
1061.3791	NA	NA
1061.3976	NA	NA
1061.4277	NA	NA
1061.7588	NA	NA
1061.7777	NA	NA
1061.9253	NA	NA
1061.9435	NA	NA
1062.2479	NA	NA
1062.2598	NA	NA
1062.3476	NA	NA
1062.6334	NA	NA
1063.1229	NA	NA
1063.2499	NA	NA
1063.7200	NA	NA
1064.0420	NA	NA
1064.3761	NA	NA
1064.4820	NA	NA
1064.4999	NA	NA
1064.5224	NA	NA
1064.5636	NA	NA
1064.6908	NA	NA
1065.0485	NA	NA
1065.5747	NA	NA
1065.6974	NA	NA
1065.7129	NA	NA
1065.7346	NA	NA
1065.7738	NA	NA
1066.2554	NA	NA
1066.2843	NA	NA
1066.2991	NA	NA
1066.3262	NA	NA
1066.6149	NA	NA
1067.3783	NA	NA
1067.4037	NA	NA
1067.8902	NA	NA
1067.9051	NA	NA
1068.3321	NA	NA
1068.3464	NA	NA
1068.3673	NA	NA
1068.4058	NA	NA
1068.4319	NA	NA
1068.5554	NA	NA
1068.5762	NA	NA
1069.4971	NA	NA
1069.5072	NA	NA
1069.5675	NA	NA
1070.0125	NA	NA
1070.4004	NA	NA
1070.4129	NA	NA
1070.4772	NA	NA
1070.4944	NA	NA
1070.5181	NA	NA
1070.5555	NA	NA
1071.7191	NA	NA
1071.7351	NA	NA
1071.8062	NA	NA
1071.8481	NA	NA
1071.8625	NA	NA
1071.8722	NA	NA
1071.8826	NA	NA
1071.8925	NA	NA
1071.9059	NA	NA
1071.9327	NA	NA
1072.4044	NA	NA
1072.4484	NA	NA
1072.8101	NA	NA
1072.9465	NA	NA
1073.1349	NA	NA
1073.6180	NA	NA
1073.7561	NA	NA
1074.9222	NA	NA
1074.9519	NA	NA
1075.0090	NA	NA
1075.3349	NA	NA
1075.3790	NA	NA
1075.4545	NA	NA
1075.6513	NA	NA
1075.8386	NA	NA
1075.9602	NA	NA
1076.0587	NA	NA
1076.1019	NA	NA
1076.1230	NA	NA
1076.7235	NA	NA
1076.7441	NA	NA
1077.2629	NA	NA
1077.3230	NA	NA
1077.3508	NA	NA
1077.3731	NA	NA
1077.5932	NA	NA
1078.4744	NA	NA
1078.4899	NA	NA
1078.5243	NA	NA
1078.5804	NA	NA
1078.8022	NA	NA
1078.8133	NA	NA
1078.9792	NA	NA
1079.0988	NA	NA
1079.5669	NA	NA
1079.6403	NA	NA
1079.6501	NA	NA
1079.9310	NA	NA
1079.9439	NA	NA
1080.0353	NA	NA
1080.3403	NA	NA
1080.8930	NA	NA
1080.9145	NA	NA
1081.1644	NA	NA
1081.1804	NA	NA
1081.1982	NA	NA
1081.2102	NA	NA
1081.2580	NA	NA
1081.4902	NA	NA
1081.5655	NA	NA
1081.5771	NA	NA
1082.2895	NA	NA
1082.3003	NA	NA
1082.5471	NA	NA
1082.5579	NA	NA
1082.5876	NA	NA
1082.6889	NA	NA
1082.7061	NA	NA
1082.8438	NA	NA
1082.8772	NA	NA
1082.8861	NA	NA
1083.1633	NA	NA
1083.7982	NA	NA
1083.8393	NA	NA
1084.7064	NA	NA
1085.0378	NA	NA
1085.3690	NA	NA
1085.4110	NA	NA
1085.7119	NA	NA
1086.0311	NA	NA
1086.1437	NA	NA
1086.1600	NA	NA
1086.6442	NA	NA
1086.6673	NA	NA
1086.6881	NA	NA
1086.7694	NA	NA
1086.7913	NA	NA
1086.8120	NA	NA
1087.1600	NA	NA
1087.2285	NA	NA
1087.5608	NA	NA
1087.5683	NA	NA
1087.5763	NA	NA
1087.5902	NA	NA
1087.6130	NA	NA
1087.7537	NA	NA
1087.8246	NA	NA
1088.1785	NA	NA
1088.1914	NA	NA
1088.2651	NA	NA
1088.4710	NA	NA
1088.7613	NA	NA
1088.7819	NA	NA
1088.7930	NA	NA
1089.1848	NA	NA
1089.5894	NA	NA
1089.6090	NA	NA
1089.6250	NA	NA
1089.7665	NA	NA
1089.9278	NA	NA
1090.0673	NA	NA
1090.1215	NA	NA
1090.1316	NA	NA
1090.1987	NA	NA
1090.8292	NA	NA
1091.1599	NA	NA
1091.1858	NA	NA
1091.1945	NA	NA
1091.2351	NA	NA
1091.3385	NA	NA
1091.3488	NA	NA
1091.3589	NA	NA
1091.6536	NA	NA
1091.6642	NA	NA
1091.6796	NA	NA
1091.8379	NA	NA
1092.1465	NA	NA
1092.4357	NA	NA
1092.6546	NA	NA
1093.0444	NA	NA
1093.3135	NA	NA
1093.4034	NA	NA
1093.4205	NA	NA
1093.5022	NA	NA
1093.8594	NA	NA
1094.1411	NA	NA
1094.1562	NA	NA
1094.3524	NA	NA
1094.3798	NA	NA
1094.7830	NA	NA
1094.7973	NA	NA
1095.3263	NA	NA
1095.3443	NA	NA
1095.3542	NA	NA
1095.3819	NA	NA
1095.6170	NA	NA
1095.6323	NA	NA
1095.6946	NA	NA
1095.8008	NA	NA
1096.0460	NA	NA
1096.7668	NA	NA
1096.7769	NA	NA
1096.7884	NA	NA
1096.7972	NA	NA
1096.8071	NA	NA
1096.8240	NA	NA
1096.8734	NA	NA
1097.0103	NA	NA
1097.0306	NA	NA
1097.0948	NA	NA
1097.1228	NA	NA
1097.1596	NA	NA
1097.2505	NA	NA
1097.3870	NA	NA
1097.3982	NA	NA
1097.4157	NA	NA
1097.7250	NA	NA
1097.9798	NA	NA
1098.0304	NA	NA
1098.1193	NA	NA
1098.8120	NA	NA
1098.8303	NA	NA
1098.9171	NA	NA
1099.2451	NA	NA
1099.2621	NA	NA
1099.3195	NA	NA
1099.3445	NA	NA
1099.3632	NA	NA
1099.8741	NA	NA
1099.8858	NA	NA
1099.8999	NA	NA
1100.0008	NA	NA
1100.0138	NA	NA
1100.2355	NA	NA
1100.2453	NA	NA
1100.2585	NA	NA
1100.2699	NA	NA
1100.3050	NA	NA
1100.3190	NA	NA
1100.5477	NA	NA
1100.5617	NA	NA
1100.6012	NA	NA
1100.6095	NA	NA
1100.6266	NA	NA
1100.6956	NA	NA
1101.1050	NA	NA
1101.1468	NA	NA
1101.1627	NA	NA
1101.1768	NA	NA
1101.1934	NA	NA
1101.3745	NA	NA
1101.3816	NA	NA
1101.3891	NA	NA
1101.5210	NA	NA
1101.6786	NA	NA
1101.8620	NA	NA
1102.6391	NA	NA
1103.1664	NA	NA
1103.1776	NA	NA
1103.1943	NA	NA
1103.2870	NA	NA
1103.8950	NA	NA
1103.9372	NA	NA
1103.9485	NA	NA
1104.0030	NA	NA
1104.0130	NA	NA
1104.0671	NA	NA
1104.5832	NA	NA
1104.7847	NA	NA
1104.8983	NA	NA
1105.1036	NA	NA
1105.5316	NA	NA
1105.5430	NA	NA
1105.5690	NA	NA
1105.6890	NA	NA
1105.7149	NA	NA
1105.7880	NA	NA
1106.4569	NA	NA
1106.7524	NA	NA
1106.9947	NA	NA
1107.0693	NA	NA
1107.0997	NA	NA
1107.1416	NA	NA
1107.1640	NA	NA
1107.1981	NA	NA
1107.3491	NA	NA
1107.3713	NA	NA
1107.4633	NA	NA
1107.8040	NA	NA
1107.9008	NA	NA
1108.4433	NA	NA
1108.4954	NA	NA
1108.6046	NA	NA
1108.7919	NA	NA
1109.0862	NA	NA
1109.1022	NA	NA
1109.1342	NA	NA
1109.3527	NA	NA
1109.3671	NA	NA
1109.3811	NA	NA
1109.4182	NA	NA
1109.4555	NA	NA
1109.8314	NA	NA
1109.8441	NA	NA
1109.8934	NA	NA
1110.2827	NA	NA
1110.3427	NA	NA
1110.3602	NA	NA
1110.3712	NA	NA
1110.3946	NA	NA
1110.6042	NA	NA
1110.6160	NA	NA
1110.6313	NA	NA
1111.2014	NA	NA
1111.7293	NA	NA
1112.4776	NA	NA
1112.4901	NA	NA
1112.6175	NA	NA
1112.6811	NA	NA
1113.0072	NA	NA
1113.0465	NA	NA
1113.0589	NA	NA
1113.2546	NA	NA
1113.2737	NA	NA
1113.2964	NA	NA
1113.8305	NA	NA
1114.1072	NA	NA
1114.3738	NA	NA
1114.4027	NA	NA
1114.7954	NA	NA
1114.8498	NA	NA
1114.8681	NA	NA
1114.8866	NA	NA
1114.9048	NA	NA
1114.9429	NA	NA
1115.1243	NA	NA
1115.3398	NA	NA
1115.6304	NA	NA
1115.6497	NA	NA
1116.3659	NA	NA
1116.4078	NA	NA
1116.6148	NA	NA
1116.6495	NA	NA
1116.6613	NA	NA
1116.6760	NA	NA
1116.7004	NA	NA
1116.7280	NA	NA
1117.1778	NA	NA
1117.2477	NA	NA
1118.0367	NA	NA
1118.0577	NA	NA
1118.5305	NA	NA
1118.5747	NA	NA
1118.7423	NA	NA
1118.9596	NA	NA
1119.0255	NA	NA
1119.0620	NA	NA
1119.1873	NA	NA
1119.6127	NA	NA
1119.6300	NA	NA
1119.6450	NA	NA
1119.7104	NA	NA
1119.7874	NA	NA
1119.9347	NA	NA
1119.9512	NA	NA
1120.0619	NA	NA
1120.1334	NA	NA
1120.1464	NA	NA
1120.6110	NA	NA
1120.6725	NA	NA
1120.9167	NA	NA
1120.9382	NA	NA
1120.9549	NA	NA
1120.9961	NA	NA
1121.1848	NA	NA
1121.5157	NA	NA
1121.9934	NA	NA
1122.0047	NA	NA
1122.0387	NA	NA
1122.0521	NA	NA
1122.2849	NA	NA
1122.7061	NA	NA
1122.7178	NA	NA
1122.7327	NA	NA
1123.2075	NA	NA
1123.2243	NA	NA
1123.2578	NA	NA
1123.2706	NA	NA
1123.6177	NA	NA
1123.6251	NA	NA
1123.6644	NA	NA
1123.7828	NA	NA
1123.8071	NA	NA
1123.8196	NA	NA
1123.9887	NA	NA
1124.1844	NA	NA
1124.8799	NA	NA
1124.8965	NA	NA
1124.9094	NA	NA
1124.9215	NA	NA
1125.0926	NA	NA
1125.1002	NA	NA
1125.1118	NA	NA
1125.1273	NA	NA
1125.1365	NA	NA
1125.1467	NA	NA
1125.1569	NA	NA
1125.3558	NA	NA
1125.6485	NA	NA
1125.6874	NA	NA
1126.3696	NA	NA
1126.3821	NA	NA
1126.3889	NA	NA
1126.3992	NA	NA
1126.4190	NA	NA
1126.7368	NA	NA
1126.9099	NA	NA
1127.1751	NA	NA
1127.2165	NA	NA
1127.2249	NA	NA
1127.2630	NA	NA
1127.3323	NA	NA
1127.3407	NA	NA
1127.4111	NA	NA
1127.6903	NA	NA
1128.5286	NA	NA
1128.5543	NA	NA
1128.5793	NA	NA
1128.6651	NA	NA
1128.6819	NA	NA
1128.7978	NA	NA
1128.8306	NA	NA
1128.8444	NA	NA
1128.8912	NA	NA
1128.9047	NA	NA
1129.4636	NA	NA
1129.6271	NA	NA
1129.6486	NA	NA
1130.2568	NA	NA
1130.2756	NA	NA
1130.6039	NA	NA
1130.8267	NA	NA
1130.8372	NA	NA
1130.8618	NA	NA
1130.8911	NA	NA
1130.9727	NA	NA
1131.2498	NA	NA
1131.5404	NA	NA
1131.5598	NA	NA
1131.5803	NA	NA
1131.5905	NA	NA
1131.6036	NA	NA
1131.7355	NA	NA
1132.1811	NA	NA
1132.8769	NA	NA
1132.8891	NA	NA
1132.9240	NA	NA
1132.9872	NA	NA
1133.2099	NA	NA
1133.2248	NA	NA
1133.2363	NA	NA
1133.2735	NA	NA
1133.3210	NA	NA
1133.3978	NA	NA
1133.8381	NA	NA
1134.2378	NA	NA
1134.2453	NA	NA
1134.2614	NA	NA
1134.5105	NA	NA
1134.5306	NA	NA
1134.5492	NA	NA
1134.5748	NA	NA
1134.5865	NA	NA
1134.6016	NA	NA
1134.6276	NA	NA
1134.6772	NA	NA
1134.6873	NA	NA
1134.9401	NA	NA
1135.0575	NA	NA
1135.2583	NA	NA
1135.2787	NA	NA
1135.2992	NA	NA
1135.3352	NA	NA
1135.4041	NA	NA
1135.5531	NA	NA
1135.5712	NA	NA
1135.7718	NA	NA
1135.9886	NA	NA
1136.0012	NA	NA
1136.4300	NA	NA
1136.6168	NA	NA
1136.6363	NA	NA
1137.3579	NA	NA
1137.8285	NA	NA
1137.8732	NA	NA
1137.9099	NA	NA
1138.1309	NA	NA
1138.1994	NA	NA
1138.2169	NA	NA
1138.9229	NA	NA
1138.9893	NA	NA
1139.3142	NA	NA
1139.3228	NA	NA
1139.6365	NA	NA
1139.6506	NA	NA
1139.6634	NA	NA
1139.8277	NA	NA
1139.9297	NA	NA
1139.9507	NA	NA
1140.1615	NA	NA
1140.2589	NA	NA
1140.7878	NA	NA
1140.7990	NA	NA
1140.8252	NA	NA
1141.1618	NA	NA
1141.1746	NA	NA
1141.5640	NA	NA
1141.9663	NA	NA
1142.4194	NA	NA
1142.4488	NA	NA
1142.4721	NA	NA
1142.4964	NA	NA
1142.5204	NA	NA
1142.6434	NA	NA
1142.6865	NA	NA
1142.8346	NA	NA
1142.8445	NA	NA
1142.8561	NA	NA
1143.9847	NA	NA
1144.0035	NA	NA
1144.0751	NA	NA
1144.2353	NA	NA
1144.2543	NA	NA
1144.9465	NA	NA
1144.9615	NA	NA
1145.1618	NA	NA
1145.4215	NA	NA
1145.6393	NA	NA
1145.6485	NA	NA
1145.6704	NA	NA
1145.7019	NA	NA
1146.1153	NA	NA
1146.1248	NA	NA
1146.1345	NA	NA
1146.1449	NA	NA
1146.1626	NA	NA
1146.1909	NA	NA
1146.2262	NA	NA
1146.5711	NA	NA
1146.6357	NA	NA
1146.6537	NA	NA
1146.6706	NA	NA
1147.6204	NA	NA
1147.9719	NA	NA
1148.5950	NA	NA
1148.6456	NA	NA
1148.6679	NA	NA
1148.7658	NA	NA
1148.7794	NA	NA
1148.9371	NA	NA
1148.9573	NA	NA
1148.9737	NA	NA
1150.3697	NA	NA
1150.4629	NA	NA
1150.5018	NA	NA
1150.6693	NA	NA
1150.7355	NA	NA
1151.1378	NA	NA
1151.8577	NA	NA
1152.4192	NA	NA
1152.4320	NA	NA
1152.7919	NA	NA
1152.8164	NA	NA
1152.8310	NA	NA
1152.8540	NA	NA
1152.9052	NA	NA
1152.9252	NA	NA
1152.9502	NA	NA
1152.9864	NA	NA
1153.6007	NA	NA
1153.6756	NA	NA
1153.7286	NA	NA
1154.0826	NA	NA
1154.1094	NA	NA
1154.1957	NA	NA
1154.2198	NA	NA
1154.4969	NA	NA
1154.7252	NA	NA
1155.3285	NA	NA
1155.3699	NA	NA
1155.3857	NA	NA
1155.7225	NA	NA
1155.7370	NA	NA
1155.7475	NA	NA
1155.7656	NA	NA
1156.2230	NA	NA
1156.4280	NA	NA
1156.6180	NA	NA
1156.9798	NA	NA
1157.0120	NA	NA
1157.0448	NA	NA
1157.1375	NA	NA
1157.7600	NA	NA
1157.7750	NA	NA
1157.7958	NA	NA
1157.9164	NA	NA
1158.4452	NA	NA
1158.6538	NA	NA
1158.6634	NA	NA
1158.6837	NA	NA
1159.2725	NA	NA
1159.7229	NA	NA
1159.8385	NA	NA
1159.8543	NA	NA
1159.8787	NA	NA
1159.9363	NA	NA
1160.1511	NA	NA
1160.3820	NA	NA
1160.8383	NA	NA
1160.9165	NA	NA
1160.9266	NA	NA
1160.9649	NA	NA
1161.0296	NA	NA
1161.0438	NA	NA
1161.1713	NA	NA
1161.2289	NA	NA
1161.3010	NA	NA
1161.3169	NA	NA
1161.3643	NA	NA
1161.5140	NA	NA
1161.7278	NA	NA
1162.3470	NA	NA
1162.4283	NA	NA
1162.4355	NA	NA
1162.4429	NA	NA
1162.4565	NA	NA
1162.4777	NA	NA
1162.8238	NA	NA
1162.8950	NA	NA
1163.3809	NA	NA
1163.6673	NA	NA
1163.6877	NA	NA
1163.7081	NA	NA
1163.7336	NA	NA
1163.8457	NA	NA
1164.3734	NA	NA
1164.5735	NA	NA
1164.8997	NA	NA
1165.0440	NA	NA
1165.0514	NA	NA
1165.0665	NA	NA
1165.2129	NA	NA
1165.2827	NA	NA
1165.3208	NA	NA
1165.4518	NA	NA
1165.4631	NA	NA
1165.5408	NA	NA
1165.5538	NA	NA
1165.5647	NA	NA
1166.1053	NA	NA
1166.1677	NA	NA
1166.6082	NA	NA
1166.8621	NA	NA
1167.0618	NA	NA
1167.5467	NA	NA
1167.5734	NA	NA
1167.5944	NA	NA
1168.1034	NA	NA
1168.1161	NA	NA
1168.1289	NA	NA
1168.1635	NA	NA
1168.1816	NA	NA
1168.2112	NA	NA
1168.2383	NA	NA
1168.5642	NA	NA
1169.0082	NA	NA
1169.4648	NA	NA
1169.4745	NA	NA
1169.4961	NA	NA
1169.5202	NA	NA
1169.8410	NA	NA
1169.9357	NA	NA
1169.9904	NA	NA
1170.0014	NA	NA
1170.0288	NA	NA
1170.7538	NA	NA
1170.7693	NA	NA
1170.7845	NA	NA
1170.8600	NA	NA
1170.8710	NA	NA
1171.1955	NA	NA
1171.3446	NA	NA
1171.4023	NA	NA
1171.7399	NA	NA
1171.7519	NA	NA
1171.7860	NA	NA
1171.8817	NA	NA
1172.0271	NA	NA
1172.0453	NA	NA
1172.2409	NA	NA
1172.2792	NA	NA
1172.2905	NA	NA
1172.3063	NA	NA
1172.3206	NA	NA
1172.3424	NA	NA
1173.4167	NA	NA
1173.5969	NA	NA
1173.6365	NA	NA
1173.7993	NA	NA
1173.8266	NA	NA
1175.0150	NA	NA
1175.1156	NA	NA
1175.3707	NA	NA
1175.5516	NA	NA
1175.5690	NA	NA
1175.6086	NA	NA
1175.9925	NA	NA
1176.1436	NA	NA
1176.4399	NA	NA
1176.5564	NA	NA
1176.6645	NA	NA
1177.0682	NA	NA
1177.0786	NA	NA
1177.1566	NA	NA
1177.1782	NA	NA
1177.2034	NA	NA
1177.4497	NA	NA
1177.8433	NA	NA
1177.9558	NA	NA
1178.0028	NA	NA
1178.0811	NA	NA
1178.1318	NA	NA
1178.1807	NA	NA
1178.5542	NA	NA
1178.5839	NA	NA
1179.0737	NA	NA
1179.0902	NA	NA
1179.2549	NA	NA
1179.3375	NA	NA
1179.5896	NA	NA
1179.7240	NA	NA
1179.7661	NA	NA
1180.7540	NA	NA
1180.7659	NA	NA
1180.7913	NA	NA
1180.8299	NA	NA
1180.8680	NA	NA
1181.1077	NA	NA
1181.3763	NA	NA
1181.3871	NA	NA
1181.4050	NA	NA
1181.5956	NA	NA
1181.6716	NA	NA
1181.7499	NA	NA
1181.8734	NA	NA
1182.4356	NA	NA
1182.5800	NA	NA
1182.6052	NA	NA
1183.5414	NA	NA
1183.6547	NA	NA
1183.8072	NA	NA
1183.9296	NA	NA
1183.9403	NA	NA
1184.4757	NA	NA
1184.9397	NA	NA
1184.9511	NA	NA
1184.9626	NA	NA
1185.0706	NA	NA
1186.0474	NA	NA
1186.0623	NA	NA
1186.0858	NA	NA
1186.1011	NA	NA
1186.1270	NA	NA
1186.1728	NA	NA
1186.1807	NA	NA
1186.1932	NA	NA
1186.5624	NA	NA
1186.6879	NA	NA
1188.5967	NA	NA
1188.7868	NA	NA
1188.7968	NA	NA
1188.8025	NA	NA
1188.8118	NA	NA
1188.8202	NA	NA
1188.8328	NA	NA
1188.8515	NA	NA
1188.8696	NA	NA
1188.8886	NA	NA
1188.9300	NA	NA
1189.0001	NA	NA
1189.3151	NA	NA
1189.4059	NA	NA
1189.4680	NA	NA
1189.4817	NA	NA
1189.4945	NA	NA
1189.5140	NA	NA
1190.4278	NA	NA
1190.5944	NA	NA
1190.6554	NA	NA
1190.6775	NA	NA
1191.0962	NA	NA
1191.1130	NA	NA
1191.1877	NA	NA
1191.3392	NA	NA
1191.3950	NA	NA
1191.8546	NA	NA
1191.9659	NA	NA
1192.1434	NA	NA
1192.6120	NA	NA
1192.6754	NA	NA
1193.3825	NA	NA
1193.4816	NA	NA
1194.0030	NA	NA
1194.0184	NA	NA
1194.0346	NA	NA
1194.0585	NA	NA
1194.0853	NA	NA
1194.9118	NA	NA
1195.2456	NA	NA
1195.2623	NA	NA
1195.4490	NA	NA
1195.9956	NA	NA
1196.1914	NA	NA
1196.2190	NA	NA
1196.2586	NA	NA
1196.4816	NA	NA
1196.7496	NA	NA
1196.7745	NA	NA
1196.7905	NA	NA
1197.1097	NA	NA
1197.1246	NA	NA
1197.1366	NA	NA
1197.1885	NA	NA
1197.2009	NA	NA
1197.2138	NA	NA
1197.6460	NA	NA
1197.9681	NA	NA
1198.1115	NA	NA
1198.1274	NA	NA
1198.1411	NA	NA
1198.4289	NA	NA
1198.7678	NA	NA
1199.0308	NA	NA
1199.1016	NA	NA
1199.1164	NA	NA
1199.2289	NA	NA
1200.1055	NA	NA
1200.2411	NA	NA
1200.5134	NA	NA
1200.5277	NA	NA
1200.8072	NA	NA
1200.8178	NA	NA
1200.8337	NA	NA
1200.8452	NA	NA
1200.8639	NA	NA
1201.2761	NA	NA
1201.9546	NA	NA
1202.3701	NA	NA
1202.5280	NA	NA
1203.5114	NA	NA
1203.5322	NA	NA
1203.6440	NA	NA
1203.6532	NA	NA
1203.6675	NA	NA
1203.6887	NA	NA
1203.7338	NA	NA
1203.7462	NA	NA
1203.8716	NA	NA
1204.1375	NA	NA
1205.0466	NA	NA
1205.0584	NA	NA
1205.0795	NA	NA
1205.0927	NA	NA
1205.1055	NA	NA
1205.6659	NA	NA
1206.1776	NA	NA
1206.3398	NA	NA
1206.3501	NA	NA
1206.3855	NA	NA
1206.4435	NA	NA
1206.4621	NA	NA
1206.4953	NA	NA
1206.5303	NA	NA
1206.5491	NA	NA
1206.9907	NA	NA
1207.1024	NA	NA
1207.7502	NA	NA
1207.7659	NA	NA
1207.8488	NA	NA
1208.1494	NA	NA
1208.6524	NA	NA
1208.6970	NA	NA
1208.9520	NA	NA
1209.3519	NA	NA
1209.3855	NA	NA
1209.4137	NA	NA
1210.1003	NA	NA
1210.1275	NA	NA
1210.1570	NA	NA
1210.3118	NA	NA
1210.3700	NA	NA
1210.6066	NA	NA
1211.0904	NA	NA
1211.4971	NA	NA
1211.6895	NA	NA
1211.7222	NA	NA
1212.0031	NA	NA
1212.1414	NA	NA
1212.2043	NA	NA
1212.2437	NA	NA
1212.9354	NA	NA
1213.1501	NA	NA
1213.5875	NA	NA
1213.6361	NA	NA
1213.6668	NA	NA
1214.1482	NA	NA
1214.2457	NA	NA
1215.3277	NA	NA
1215.4262	NA	NA
1215.4748	NA	NA
1215.5022	NA	NA
1215.6163	NA	NA
1215.8089	NA	NA
1216.1655	NA	NA
1216.1782	NA	NA
1216.2174	NA	NA
1216.2579	NA	NA
1216.8706	NA	NA
1217.5110	NA	NA
1217.5301	NA	NA
1217.5551	NA	NA
1217.5681	NA	NA
1217.5806	NA	NA
1217.8738	NA	NA
1217.9519	NA	NA
1217.9723	NA	NA
1218.2144	NA	NA
1218.2602	NA	NA
1218.6995	NA	NA
1218.9371	NA	NA
1218.9460	NA	NA
1218.9660	NA	NA
1218.9860	NA	NA
1219.1671	NA	NA
1219.2007	NA	NA
1219.2270	NA	NA
1219.2497	NA	NA
1219.4101	NA	NA
1219.6957	NA	NA
1219.7198	NA	NA
1220.1494	NA	NA
1220.2434	NA	NA
1220.2574	NA	NA
1220.5145	NA	NA
1220.5376	NA	NA
1220.5555	NA	NA
1220.6009	NA	NA
1220.6090	NA	NA
1220.6180	NA	NA
1220.6570	NA	NA
1220.6762	NA	NA
1220.6959	NA	NA
1221.6579	NA	NA
1221.8249	NA	NA
1221.9657	NA	NA
1221.9971	NA	NA
1222.0166	NA	NA
1222.0243	NA	NA
1222.0503	NA	NA
1223.0693	NA	NA
1223.1246	NA	NA
1223.5603	NA	NA
1223.5740	NA	NA
1223.6120	NA	NA
1223.8080	NA	NA
1224.7318	NA	NA
1224.7476	NA	NA
1224.9910	NA	NA
1225.1446	NA	NA
1225.2490	NA	NA
1225.4384	NA	NA
1225.6809	NA	NA
1225.7163	NA	NA
1225.7587	NA	NA
1225.8428	NA	NA
1226.1484	NA	NA
1226.1872	NA	NA
1226.2350	NA	NA
1226.3737	NA	NA
1226.4171	NA	NA
1226.9135	NA	NA
1227.0707	NA	NA
1227.4735	NA	NA
1227.5150	NA	NA
1227.5378	NA	NA
1227.5482	NA	NA
1227.6005	NA	NA
1227.8566	NA	NA
1228.9762	NA	NA
1229.1780	NA	NA
1229.2517	NA	NA
1229.3399	NA	NA
1229.6747	NA	NA
1229.7119	NA	NA
1229.8566	NA	NA
1229.8689	NA	NA
1230.0969	NA	NA
1230.5810	NA	NA
1230.7106	NA	NA
1230.7303	NA	NA
1231.1288	NA	NA
1231.3629	NA	NA
1231.3907	NA	NA
1231.8006	NA	NA
1232.1058	NA	NA
1232.5382	NA	NA
1232.5545	NA	NA
1232.9289	NA	NA
1232.9591	NA	NA
1232.9838	NA	NA
1233.1505	NA	NA
1233.1930	NA	NA
1233.6170	NA	NA
1233.9074	NA	NA
1235.1511	NA	NA
1235.2591	NA	NA
1235.6056	NA	NA
1235.6363	NA	NA
1236.4236	NA	NA
1236.4973	NA	NA
1237.2160	NA	NA
1237.2559	NA	NA
1237.4704	NA	NA
1237.4882	NA	NA
1237.8364	NA	NA
1238.1839	NA	NA
1238.1924	NA	NA
1238.2615	NA	NA
1238.3240	NA	NA
1238.3738	NA	NA
1238.5191	NA	NA
1238.5317	NA	NA
1238.5464	NA	NA
1238.5603	NA	NA
1238.6201	NA	NA
1239.2656	NA	NA
1239.2839	NA	NA
1239.4025	NA	NA
1239.4153	NA	NA
1239.4312	NA	NA
1239.4552	NA	NA
1239.4690	NA	NA
1239.9886	NA	NA
1240.0636	NA	NA
1240.1427	NA	NA
1240.1603	NA	NA
1240.6707	NA	NA
1240.7129	NA	NA
1240.7474	NA	NA
1240.7798	NA	NA
1240.7922	NA	NA
1240.8300	NA	NA
1240.8448	NA	NA
1240.9730	NA	NA
1241.4492	NA	NA
1241.7301	NA	NA
1241.7550	NA	NA
1242.3001	NA	NA
1242.6691	NA	NA
1242.8772	NA	NA
1242.9074	NA	NA
1243.3962	NA	NA
1243.4121	NA	NA
1243.5705	NA	NA
1244.0654	NA	NA
1244.1083	NA	NA
1244.1396	NA	NA
1244.1935	NA	NA
1244.3112	NA	NA
1244.3265	NA	NA
1244.3394	NA	NA
1244.3830	NA	NA
1245.0680	NA	NA
1245.4890	NA	NA
1245.5034	NA	NA
1245.5124	NA	NA
1245.5324	NA	NA
1245.6818	NA	NA
1245.7015	NA	NA
1246.0317	NA	NA
1246.0465	NA	NA
1246.0595	NA	NA
1246.1180	NA	NA
1246.2881	NA	NA
1246.6142	NA	NA
1247.1924	NA	NA
1247.3848	NA	NA
1247.3977	NA	NA
1247.5512	NA	NA
1247.5726	NA	NA
1247.7911	NA	NA
1247.8115	NA	NA
1248.1358	NA	NA
1248.1499	NA	NA
1248.1599	NA	NA
1248.1865	NA	NA
1248.2027	NA	NA
1248.2219	NA	NA
1248.4602	NA	NA
1248.5977	NA	NA
1248.6369	NA	NA
1248.9253	NA	NA
1249.4132	NA	NA
1249.4528	NA	NA
1249.9622	NA	NA
1250.4982	NA	NA
1250.5257	NA	NA
1250.5596	NA	NA
1250.5742	NA	NA
1250.6119	NA	NA
1250.6303	NA	NA
1250.6460	NA	NA
1250.6585	NA	NA
1250.6893	NA	NA
1251.5075	NA	NA
1251.5296	NA	NA
1251.5421	NA	NA
1251.6174	NA	NA
1252.1564	NA	NA
1252.6662	NA	NA
1252.6980	NA	NA
1253.4531	NA	NA
1253.5767	NA	NA
1253.5899	NA	NA
1253.6086	NA	NA
1253.6253	NA	NA
1253.6485	NA	NA
1254.1175	NA	NA
1254.2669	NA	NA
1254.7686	NA	NA
1254.7901	NA	NA
1255.3568	NA	NA
1255.3696	NA	NA
1255.3868	NA	NA
1255.4028	NA	NA
1255.4224	NA	NA
1255.4862	NA	NA
1255.4970	NA	NA
1256.0105	NA	NA
1256.0654	NA	NA
1256.0808	NA	NA
1256.1060	NA	NA
1256.2414	NA	NA
1256.2566	NA	NA
1256.2742	NA	NA
1256.2881	NA	NA
1256.4952	NA	NA
1256.7444	NA	NA
1256.7592	NA	NA
1256.8080	NA	NA
1256.9221	NA	NA
1256.9711	NA	NA
1256.9923	NA	NA
1257.0123	NA	NA
1257.0209	NA	NA
1257.1253	NA	NA
1257.8283	NA	NA
1258.3744	NA	NA
1258.3855	NA	NA
1258.4053	NA	NA
1258.4210	NA	NA
1258.4625	NA	NA
1258.7650	NA	NA
1259.2360	NA	NA
1259.6399	NA	NA
1259.7731	NA	NA
1259.7836	NA	NA
1259.8028	NA	NA
1260.0638	NA	NA
1260.6947	NA	NA
1260.7582	NA	NA
1260.7760	NA	NA
1260.8081	NA	NA
1260.9410	NA	NA
1260.9519	NA	NA
1261.7365	NA	NA
1261.7607	NA	NA
1261.7742	NA	NA
1261.8993	NA	NA
1262.3718	NA	NA
1262.4556	NA	NA
1262.9509	NA	NA
1262.9789	NA	NA
1263.6221	NA	NA
1263.6380	NA	NA
1263.6775	NA	NA
1263.6855	NA	NA
1263.6936	NA	NA
1263.7132	NA	NA
1263.7351	NA	NA
1264.0537	NA	NA
1264.2074	NA	NA
1264.5120	NA	NA
1264.5333	NA	NA
1264.5437	NA	NA
1264.5614	NA	NA
1264.5730	NA	NA
1264.5842	NA	NA
1264.8461	NA	NA
1264.8555	NA	NA
1264.8645	NA	NA
1264.9033	NA	NA
1264.9281	NA	NA
1264.9381	NA	NA
1264.9536	NA	NA
1265.2178	NA	NA
1265.2795	NA	NA
1265.3012	NA	NA
1265.4650	NA	NA
1265.6701	NA	NA
1265.6993	NA	NA
1265.7122	NA	NA
1265.8409	NA	NA
1266.4859	NA	NA
1266.6282	NA	NA
1266.6514	NA	NA
1266.6900	NA	NA
1267.0237	NA	NA
1267.3631	NA	NA
1267.5234	NA	NA
1267.5833	NA	NA
1267.6153	NA	NA
1267.6245	NA	NA
1267.6584	NA	NA
1267.7026	NA	NA
1268.2939	NA	NA
1268.3051	NA	NA
1268.3190	NA	NA
1268.3290	NA	NA
1268.3981	NA	NA
1268.4145	NA	NA
1268.5561	NA	NA
1268.6586	NA	NA
1268.7143	NA	NA
1268.7399	NA	NA
1268.7623	NA	NA
1268.7956	NA	NA
1269.5563	NA	NA
1269.7461	NA	NA
1270.0167	NA	NA
1270.1555	NA	NA
1270.3118	NA	NA
1270.4426	NA	NA
1270.8155	NA	NA
1270.9608	NA	NA
1271.2520	NA	NA
1271.2731	NA	NA
1271.3069	NA	NA
1271.3231	NA	NA
1271.3577	NA	NA
1272.0549	NA	NA
1272.1342	NA	NA
1272.2073	NA	NA
1272.3280	NA	NA
1272.3859	NA	NA
1272.3958	NA	NA
1272.8111	NA	NA
1272.8523	NA	NA
1272.8694	NA	NA
1272.9080	NA	NA
1272.9265	NA	NA
1272.9619	NA	NA
1272.9864	NA	NA
1273.0245	NA	NA
1273.0391	NA	NA
1273.0554	NA	NA
1273.2206	NA	NA
1273.2366	NA	NA
1274.0041	NA	NA
1274.0172	NA	NA
1274.0320	NA	NA
1274.4959	NA	NA
1274.5242	NA	NA
1274.7727	NA	NA
1274.8203	NA	NA
1275.7219	NA	NA
1275.7360	NA	NA
1275.8208	NA	NA
1276.0246	NA	NA
1276.0364	NA	NA
1276.0769	NA	NA
1276.0958	NA	NA
1276.1161	NA	NA
1276.5656	NA	NA
1276.7516	NA	NA
1276.7689	NA	NA
1276.9302	NA	NA
1277.0015	NA	NA
1277.2505	NA	NA
1277.3903	NA	NA
1277.5378	NA	NA
1277.9137	NA	NA
1278.1646	NA	NA
1278.1837	NA	NA
1278.1945	NA	NA
1278.5185	NA	NA
1279.1788	NA	NA
1279.9883	NA	NA
1280.5156	NA	NA
1280.5379	NA	NA
1280.7354	NA	NA
1280.7473	NA	NA
1281.7466	NA	NA
1281.7596	NA	NA
1281.7779	NA	NA
1281.8003	NA	NA
1281.9498	NA	NA
1281.9845	NA	NA
1282.6766	NA	NA
1282.7130	NA	NA
1282.7378	NA	NA
1282.7615	NA	NA
1282.7787	NA	NA
1283.0826	NA	NA
1283.1262	NA	NA
1283.4539	NA	NA
1283.4729	NA	NA
1283.5099	NA	NA
1284.1080	NA	NA
1284.1527	NA	NA
1284.1714	NA	NA
1284.2216	NA	NA
1284.4816	NA	NA
1284.5137	NA	NA
1284.6365	NA	NA
1284.9251	NA	NA
1285.8123	NA	NA
1285.8252	NA	NA
1285.8462	NA	NA
1286.1157	NA	NA
1286.3529	NA	NA
1286.3695	NA	NA
1286.4897	NA	NA
1286.5023	NA	NA
1287.6295	NA	NA
1287.6428	NA	NA
1287.6548	NA	NA
1287.7169	NA	NA
1287.7927	NA	NA
1288.0361	NA	NA
1288.0594	NA	NA
1288.1370	NA	NA
1288.9283	NA	NA
1288.9686	NA	NA
1289.0022	NA	NA
1289.0156	NA	NA
1289.2789	NA	NA
1289.2937	NA	NA
1289.3055	NA	NA
1289.4315	NA	NA
1289.4967	NA	NA
1289.6234	NA	NA
1289.7415	NA	NA
1289.7889	NA	NA
1289.8226	NA	NA
1289.8389	NA	NA
1289.8516	NA	NA
1290.1816	NA	NA
1290.3600	NA	NA
1290.8960	NA	NA
1290.9261	NA	NA
1290.9939	NA	NA
1291.0876	NA	NA
1291.1248	NA	NA
1291.5814	NA	NA
1291.6730	NA	NA
1292.0584	NA	NA
1292.1028	NA	NA
1292.2675	NA	NA
1292.5584	NA	NA
1292.6136	NA	NA
1292.6285	NA	NA
1292.6655	NA	NA
1293.4265	NA	NA
1293.4495	NA	NA
1293.6523	NA	NA
1293.6827	NA	NA
1293.7201	NA	NA
1294.1588	NA	NA
1294.2554	NA	NA
1294.5137	NA	NA
1295.5230	NA	NA
1295.8726	NA	NA
1295.8987	NA	NA
1295.9097	NA	NA
1295.9267	NA	NA
1295.9501	NA	NA
1295.9816	NA	NA
1296.3021	NA	NA
1296.3778	NA	NA
1296.3928	NA	NA
1296.6005	NA	NA
1297.1924	NA	NA
1298.1137	NA	NA
1298.4461	NA	NA
1298.7671	NA	NA
1298.7748	NA	NA
1298.7831	NA	NA
1298.9020	NA	NA
1299.1884	NA	NA
1299.3322	NA	NA
1299.5030	NA	NA
1299.5355	NA	NA
1299.5612	NA	NA
1299.5772	NA	NA
1299.5966	NA	NA
1299.9646	NA	NA
1299.9870	NA	NA
1300.0023	NA	NA
1300.1499	NA	NA
1300.1798	NA	NA
1300.2027	NA	NA
1300.2558	NA	NA
1300.6247	NA	NA
1300.7965	NA	NA
1300.8250	NA	NA
1300.8362	NA	NA
1300.8647	NA	NA
1300.8986	NA	NA
1300.9417	NA	NA
1300.9873	NA	NA
1301.4672	NA	NA
1301.4827	NA	NA
1301.8836	NA	NA
1302.2103	NA	NA
1302.2257	NA	NA
1302.2409	NA	NA
1302.2529	NA	NA
1302.2734	NA	NA
1302.3356	NA	NA
1302.4280	NA	NA
1302.5043	NA	NA
1302.5126	NA	NA
1302.5242	NA	NA
1302.5436	NA	NA
1302.9380	NA	NA
1302.9594	NA	NA
1303.9924	NA	NA
1304.0280	NA	NA
1304.0408	NA	NA
1304.1756	NA	NA
1304.3425	NA	NA
1304.4077	NA	NA
1304.8509	NA	NA
1304.8730	NA	NA
1305.4925	NA	NA
1305.5061	NA	NA
1305.5399	NA	NA
1305.6142	NA	NA
1305.9695	NA	NA
1306.0725	NA	NA
1306.1136	NA	NA
1306.7331	NA	NA
1306.7779	NA	NA
1306.7946	NA	NA
1306.8072	NA	NA
1306.8199	NA	NA
1306.8374	NA	NA
1306.8821	NA	NA
1308.2928	NA	NA
1308.3371	NA	NA
1308.3636	NA	NA
1308.3903	NA	NA
1308.5431	NA	NA
1308.5664	NA	NA
1308.5763	NA	NA
1308.6090	NA	NA
1308.6194	NA	NA
1308.6310	NA	NA
1308.6465	NA	NA
1308.7782	NA	NA
1308.7908	NA	NA
1308.9103	NA	NA
1309.3036	NA	NA
1309.5058	NA	NA
1309.5724	NA	NA
1309.9437	NA	NA
1310.0120	NA	NA
1310.1270	NA	NA
1310.7718	NA	NA
1310.8618	NA	NA
1310.8854	NA	NA
1311.2458	NA	NA
1311.8759	NA	NA
1312.7345	NA	NA
1312.7564	NA	NA
1312.7679	NA	NA
1312.7866	NA	NA
1313.0554	NA	NA
1313.0897	NA	NA
1313.1943	NA	NA
1313.7800	NA	NA
1313.8140	NA	NA
1313.8920	NA	NA
1313.9223	NA	NA
1314.5149	NA	NA
1314.5572	NA	NA
1314.5759	NA	NA
1314.8877	NA	NA
1314.9321	NA	NA
1315.2705	NA	NA
1315.2864	NA	NA
1315.3606	NA	NA
1315.5293	NA	NA
1315.5798	NA	NA
1315.8171	NA	NA
1315.8489	NA	NA
1316.4813	NA	NA
1316.4937	NA	NA
1316.5050	NA	NA
1316.6765	NA	NA
1317.6361	NA	NA
1317.6761	NA	NA
1317.6904	NA	NA
1317.7061	NA	NA
1317.7323	NA	NA
1318.2432	NA	NA
1318.3009	NA	NA
1318.3167	NA	NA
1318.3529	NA	NA
1318.6752	NA	NA
1318.8597	NA	NA
1318.8687	NA	NA
1318.8845	NA	NA
1318.9018	NA	NA
1319.3616	NA	NA
1319.3795	NA	NA
1319.4154	NA	NA
1319.7227	NA	NA
1320.0694	NA	NA
1320.0831	NA	NA
1320.0947	NA	NA
1320.1445	NA	NA
1320.7298	NA	NA
1320.7684	NA	NA
1321.0473	NA	NA
1321.2673	NA	NA
1321.7667	NA	NA
1321.8150	NA	NA
1321.8375	NA	NA
1321.8504	NA	NA
1321.8746	NA	NA
1322.5294	NA	NA
1323.8633	NA	NA
1323.8802	NA	NA
1323.9006	NA	NA
1324.0493	NA	NA
1324.0755	NA	NA
1324.0853	NA	NA
1324.1035	NA	NA
1324.1147	NA	NA
1324.6927	NA	NA
1325.4722	NA	NA
1325.6189	NA	NA
1326.3021	NA	NA
1327.0432	NA	NA
1327.3889	NA	NA
1327.4742	NA	NA
1327.5016	NA	NA
1327.7144	NA	NA
1327.7339	NA	NA
1328.3351	NA	NA
1328.4081	NA	NA
1328.4271	NA	NA
1328.5666	NA	NA
1328.5881	NA	NA
1328.6123	NA	NA
1328.6264	NA	NA
1328.9146	NA	NA
1329.5345	NA	NA
1330.0510	NA	NA
1330.5471	NA	NA
1330.8284	NA	NA
1331.0978	NA	NA
1331.3573	NA	NA
1331.5844	NA	NA
1331.6037	NA	NA
1331.6190	NA	NA
1332.0586	NA	NA
1332.4789	NA	NA
1332.4969	NA	NA
1332.9407	NA	NA
1332.9511	NA	NA
1333.0313	NA	NA
1333.0607	NA	NA
1333.0780	NA	NA
1333.1878	NA	NA
1333.1962	NA	NA
1333.5563	NA	NA
1333.7945	NA	NA
1333.8185	NA	NA
1333.8287	NA	NA
1334.1578	NA	NA
1334.4825	NA	NA
1334.4990	NA	NA
1335.0991	NA	NA
1335.1133	NA	NA
1335.1541	NA	NA
1335.1755	NA	NA
1335.1952	NA	NA
1335.2146	NA	NA
1335.8154	NA	NA
1335.9354	NA	NA
1335.9528	NA	NA
1335.9792	NA	NA
1336.0412	NA	NA
1336.0709	NA	NA
1336.2599	NA	NA
1336.4076	NA	NA
1336.8230	NA	NA
1337.3450	NA	NA
1337.9223	NA	NA
1338.4372	NA	NA
1338.7583	NA	NA
1338.7812	NA	NA
1338.8063	NA	NA
1338.8686	NA	NA
1338.9908	NA	NA
1339.0065	NA	NA
1339.2601	NA	NA
1340.4277	NA	NA
1340.4408	NA	NA
1340.4498	NA	NA
1340.6115	NA	NA
1340.6885	NA	NA
1340.7164	NA	NA
1340.8203	NA	NA
1341.2448	NA	NA
1341.2686	NA	NA
1341.3556	NA	NA
1341.3813	NA	NA
1341.4158	NA	NA
1341.4989	NA	NA
1341.6583	NA	NA
1341.6704	NA	NA
1341.6838	NA	NA
1341.9153	NA	NA
1341.9286	NA	NA
1342.4510	NA	NA
1342.4624	NA	NA
1342.4718	NA	NA
1342.4876	NA	NA
1343.0951	NA	NA
1343.2964	NA	NA
1344.6200	NA	NA
1344.6409	NA	NA
1344.6569	NA	NA
1344.6690	NA	NA
1344.6840	NA	NA
1344.8949	NA	NA
1345.6165	NA	NA
1345.8034	NA	NA
1345.8191	NA	NA
1345.8315	NA	NA
1345.9923	NA	NA
1346.0307	NA	NA
1346.0432	NA	NA
1346.1492	NA	NA
1347.0955	NA	NA
1347.1082	NA	NA
1347.1233	NA	NA
1347.1420	NA	NA
1347.7674	NA	NA
1348.1816	NA	NA
1348.2671	NA	NA
1348.8756	NA	NA
1348.9340	NA	NA
1349.0331	NA	NA
1349.2660	NA	NA
1349.2905	NA	NA
1349.5641	NA	NA
1349.5785	NA	NA
1349.6440	NA	NA
1349.6610	NA	NA
1350.0482	NA	NA
1350.1688	NA	NA
1350.1991	NA	NA
1350.8613	NA	NA
1350.8809	NA	NA
1351.0993	NA	NA
1351.1221	NA	NA
1351.6056	NA	NA
1351.7070	NA	NA
1352.4984	NA	NA
1352.8975	NA	NA
1352.9119	NA	NA
1353.1714	NA	NA
1353.2383	NA	NA
1353.2756	NA	NA
1353.9071	NA	NA
1354.1982	NA	NA
1354.4217	NA	NA
1355.1749	NA	NA
1355.2205	NA	NA
1355.2439	NA	NA
1355.2589	NA	NA
1355.2798	NA	NA
1355.4385	NA	NA
1355.6475	NA	NA
1355.6695	NA	NA
1355.7369	NA	NA
1355.8599	NA	NA
1358.0696	NA	NA
1358.0855	NA	NA
1358.1009	NA	NA
1358.1255	NA	NA
1358.1361	NA	NA
1358.4758	NA	NA
1358.8902	NA	NA
1358.9234	NA	NA
1358.9341	NA	NA
1358.9695	NA	NA
1359.5389	NA	NA
1360.1575	NA	NA
1360.1753	NA	NA
1360.1931	NA	NA
1360.2182	NA	NA
1360.2601	NA	NA
1360.3202	NA	NA
1360.3373	NA	NA
1360.3840	NA	NA
1360.5255	NA	NA
1360.5398	NA	NA
1361.2381	NA	NA
1361.7760	NA	NA
1361.8109	NA	NA
1361.8253	NA	NA
1361.8396	NA	NA
1361.8548	NA	NA
1361.9268	NA	NA
1362.0704	NA	NA
1362.0828	NA	NA
1362.1244	NA	NA
1362.3737	NA	NA
1362.4131	NA	NA
1362.4706	NA	NA
1362.7994	NA	NA
1363.5357	NA	NA
1363.9406	NA	NA
1364.0542	NA	NA
1364.0956	NA	NA
1364.3438	NA	NA
1364.4262	NA	NA
1364.7007	NA	NA
1364.7330	NA	NA
1364.9603	NA	NA
1364.9746	NA	NA
1365.6351	NA	NA
1365.6532	NA	NA
1366.8593	NA	NA
1366.8819	NA	NA
1366.9080	NA	NA
1366.9236	NA	NA
1366.9343	NA	NA
1366.9404	NA	NA
1367.4399	NA	NA
1367.4688	NA	NA
1367.7103	NA	NA
1367.9830	NA	NA
1367.9916	NA	NA
1368.0199	NA	NA
1368.3415	NA	NA
1368.3901	NA	NA
1368.4346	NA	NA
1369.0464	NA	NA
1369.4764	NA	NA
1369.4969	NA	NA
1369.6411	NA	NA
1369.7015	NA	NA
1369.7160	NA	NA
1369.7345	NA	NA
1370.1335	NA	NA
1370.3526	NA	NA
1370.5668	NA	NA
1370.9617	NA	NA
1371.0046	NA	NA
1371.0751	NA	NA
1371.4425	NA	NA
1371.4940	NA	NA
1372.0383	NA	NA
1372.0470	NA	NA
1372.0583	NA	NA
1372.0783	NA	NA
1372.1684	NA	NA
1372.1891	NA	NA
1372.4936	NA	NA
1372.5176	NA	NA
1372.5478	NA	NA
1373.1440	NA	NA
1373.2527	NA	NA
1373.3481	NA	NA
1373.5798	NA	NA
1373.8348	NA	NA
1374.0850	NA	NA
1374.2594	NA	NA
1374.7266	NA	NA
1375.6442	NA	NA
1375.9404	NA	NA
1376.0762	NA	NA
1376.4903	NA	NA
1376.5066	NA	NA
1376.6135	NA	NA
1376.6386	NA	NA
1376.6534	NA	NA
1377.2395	NA	NA
1377.2582	NA	NA
1377.4356	NA	NA
1377.4495	NA	NA
1378.1142	NA	NA
1378.1215	NA	NA
1378.1341	NA	NA
1378.1420	NA	NA
1378.1535	NA	NA
1378.2325	NA	NA
1378.3011	NA	NA
1378.9260	NA	NA
1379.5649	NA	NA
1380.0959	NA	NA
1380.1748	NA	NA
1380.2495	NA	NA
1380.2670	NA	NA
1380.8078	NA	NA
1381.1697	NA	NA
1381.2151	NA	NA
1381.2363	NA	NA
1381.6058	NA	NA
1381.9494	NA	NA
1382.1540	NA	NA
1382.1690	NA	NA
1382.4849	NA	NA
1382.6463	NA	NA
1383.3959	NA	NA
1383.4209	NA	NA
1383.4331	NA	NA
1383.5102	NA	NA
1383.5569	NA	NA
1383.5918	NA	NA
1383.6205	NA	NA
1383.6894	NA	NA
1383.7483	NA	NA
1383.9661	NA	NA
1384.8872	NA	NA
1384.9633	NA	NA
1386.0268	NA	NA
1386.6446	NA	NA
1386.8487	NA	NA
1386.8618	NA	NA
1387.4590	NA	NA
1387.5050	NA	NA
1387.5897	NA	NA
1387.6074	NA	NA
1387.6322	NA	NA
1388.3130	NA	NA
1388.6311	NA	NA
1388.6447	NA	NA
1389.2786	NA	NA
1389.2927	NA	NA
1389.3048	NA	NA
1389.3121	NA	NA
1389.3239	NA	NA
1389.7122	NA	NA
1389.9749	NA	NA
1389.9998	NA	NA
1390.0142	NA	NA
1390.2360	NA	NA
1390.6097	NA	NA
1390.6204	NA	NA
1390.6419	NA	NA
1391.8483	NA	NA
1391.8661	NA	NA
1391.9820	NA	NA
1391.9977	NA	NA
1392.0285	NA	NA
1392.2634	NA	NA
1392.2737	NA	NA
1392.2877	NA	NA
1393.3767	NA	NA
1393.5817	NA	NA
1393.6801	NA	NA
1393.7706	NA	NA
1394.0844	NA	NA
1394.6842	NA	NA
1394.7296	NA	NA
1394.7523	NA	NA
1395.4267	NA	NA
1395.4718	NA	NA
1396.2076	NA	NA
1396.2459	NA	NA
1396.2600	NA	NA
1396.2740	NA	NA
1396.3146	NA	NA
1396.4705	NA	NA
1397.0435	NA	NA
1397.0616	NA	NA
1397.1359	NA	NA
1397.4156	NA	NA
1397.4294	NA	NA
1398.8657	NA	NA
1398.9048	NA	NA
1398.9651	NA	NA
1399.0158	NA	NA
1399.0327	NA	NA
1399.0656	NA	NA
1399.0894	NA	NA
1399.1042	NA	NA
1399.1396	NA	NA
1399.1514	NA	NA
1399.4439	NA	NA
1399.4991	NA	NA
1399.8501	NA	NA
1400.6802	NA	NA
1400.6937	NA	NA
1400.7074	NA	NA
1401.1572	NA	NA
1401.4496	NA	NA
1401.5720	NA	NA
1402.2223	NA	NA
1402.4017	NA	NA
1402.4479	NA	NA
1402.7817	NA	NA
1403.1630	NA	NA
1403.1858	NA	NA
1403.6484	NA	NA
1403.6752	NA	NA
1403.7054	NA	NA
1403.8504	NA	NA
1403.9588	NA	NA
1404.2929	NA	NA
1404.3663	NA	NA
1404.3735	NA	NA
1404.9055	NA	NA
1404.9372	NA	NA
1404.9581	NA	NA
1405.3841	NA	NA
1405.5931	NA	NA
1406.0009	NA	NA
1406.0123	NA	NA
1406.3224	NA	NA
1406.4402	NA	NA
1406.4528	NA	NA
1406.4666	NA	NA
1407.2700	NA	NA
1407.3015	NA	NA
1407.3220	NA	NA
1407.3494	NA	NA
1407.5364	NA	NA
1407.6578	NA	NA
1408.1833	NA	NA
1408.4402	NA	NA
1408.9209	NA	NA
1409.0813	NA	NA
1409.0924	NA	NA
1409.1035	NA	NA
1409.1142	NA	NA
1409.1390	NA	NA
1409.2583	NA	NA
1409.2722	NA	NA
1409.4266	NA	NA
1409.4524	NA	NA
1410.2810	NA	NA
1410.7198	NA	NA
1411.2451	NA	NA
1412.2040	NA	NA
1412.2232	NA	NA
1412.2466	NA	NA
1412.2817	NA	NA
1412.3487	NA	NA
1412.4674	NA	NA
1412.4875	NA	NA
1412.5892	NA	NA
1412.6218	NA	NA
1412.6983	NA	NA
1412.8289	NA	NA
1412.8414	NA	NA
1412.9232	NA	NA
1413.3176	NA	NA
1413.3456	NA	NA
1414.1641	NA	NA
1414.2078	NA	NA
1414.3316	NA	NA
1414.3652	NA	NA
1414.7709	NA	NA
1414.7912	NA	NA
1415.7427	NA	NA
1416.3511	NA	NA
1417.8343	NA	NA
1417.8850	NA	NA
1418.7045	NA	NA
1418.7276	NA	NA
1418.7534	NA	NA
1418.7645	NA	NA
1418.7896	NA	NA
1419.4003	NA	NA
1419.4584	NA	NA
1419.4821	NA	NA
1419.4980	NA	NA
1419.7490	NA	NA
1419.7631	NA	NA
1419.7800	NA	NA
1419.7925	NA	NA
1420.0193	NA	NA
1420.3165	NA	NA
1420.4578	NA	NA
1420.4666	NA	NA
1420.4845	NA	NA
1420.5106	NA	NA
1420.5301	NA	NA
1421.5472	NA	NA
1421.6578	NA	NA
1421.7528	NA	NA
1421.8500	NA	NA
1422.3414	NA	NA
1422.3537	NA	NA
1422.4154	NA	NA
1422.5702	NA	NA
1423.7035	NA	NA
1423.9472	NA	NA
1424.2031	NA	NA
1424.2152	NA	NA
1424.2230	NA	NA
1424.2349	NA	NA
1424.9269	NA	NA
1425.4976	NA	NA
1425.5078	NA	NA
1425.5314	NA	NA
1425.5717	NA	NA
1425.6066	NA	NA
1425.9616	NA	NA
1426.3928	NA	NA
1426.4804	NA	NA
1426.8736	NA	NA
1427.3355	NA	NA
1427.5367	NA	NA
1427.5541	NA	NA
1428.5614	NA	NA
1428.5920	NA	NA
1428.9536	NA	NA
1428.9666	NA	NA
1429.9016	NA	NA
1429.9171	NA	NA
1429.9981	NA	NA
1430.2266	NA	NA
1430.7028	NA	NA
1430.7260	NA	NA
1430.7424	NA	NA
1431.8996	NA	NA
1431.9819	NA	NA
1431.9930	NA	NA
1432.0246	NA	NA
1432.4328	NA	NA
1432.7272	NA	NA
1432.7954	NA	NA
1433.1581	NA	NA
1433.1670	NA	NA
1433.5123	NA	NA
1433.5218	NA	NA
1433.5547	NA	NA
1433.6355	NA	NA
1433.8293	NA	NA
1434.1490	NA	NA
1434.1965	NA	NA
1434.2274	NA	NA
1434.4861	NA	NA
1434.6537	NA	NA
1434.6655	NA	NA
1434.6950	NA	NA
1434.7078	NA	NA
1435.4196	NA	NA
1435.4278	NA	NA
1435.4411	NA	NA
1435.8145	NA	NA
1435.8258	NA	NA
1435.8352	NA	NA
1435.8917	NA	NA
1436.3943	NA	NA
1437.2668	NA	NA
1437.2740	NA	NA
1437.2834	NA	NA
1437.3032	NA	NA
1438.3098	NA	NA
1438.3232	NA	NA
1438.3571	NA	NA
1438.3945	NA	NA
1438.5585	NA	NA
1438.5796	NA	NA
1438.7184	NA	NA
1438.7308	NA	NA
1438.9315	NA	NA
1438.9558	NA	NA
1438.9869	NA	NA
1439.0024	NA	NA
1439.3140	NA	NA
1439.3354	NA	NA
1439.3799	NA	NA
1439.4037	NA	NA
1439.4341	NA	NA
1439.6491	NA	NA
1440.2896	NA	NA
1440.4832	NA	NA
1440.8392	NA	NA
1440.8560	NA	NA
1441.0688	NA	NA
1441.2427	NA	NA
1441.7329	NA	NA
1442.1320	NA	NA
1442.1811	NA	NA
1442.3796	NA	NA
1442.5293	NA	NA
1442.6043	NA	NA
1443.6578	NA	NA
1443.8465	NA	NA
1444.2970	NA	NA
1444.4706	NA	NA
1444.4821	NA	NA
1444.8227	NA	NA
1445.2106	NA	NA
1445.2326	NA	NA
1445.5276	NA	NA
1445.5432	NA	NA
1446.1698	NA	NA
1446.1851	NA	NA
1446.2110	NA	NA
1446.2306	NA	NA
1446.2456	NA	NA
1446.2685	NA	NA
1446.3417	NA	NA
1446.3515	NA	NA
1446.3766	NA	NA
1447.7005	NA	NA
1448.0149	NA	NA
1448.2997	NA	NA
1448.5122	NA	NA
1448.5340	NA	NA
1448.5635	NA	NA
1448.6036	NA	NA
1448.7453	NA	NA
1448.7551	NA	NA
1448.7958	NA	NA
1448.8099	NA	NA
1449.2793	NA	NA
1450.1659	NA	NA
1450.2233	NA	NA
1450.2488	NA	NA
1450.4402	NA	NA
1450.4585	NA	NA
1450.9570	NA	NA
1450.9687	NA	NA
1450.9786	NA	NA
1451.4325	NA	NA
1451.4521	NA	NA
1451.9335	NA	NA
1452.1462	NA	NA
1453.4791	NA	NA
1453.7150	NA	NA
1453.7327	NA	NA
1453.7542	NA	NA
1453.7714	NA	NA
1454.1758	NA	NA
1454.6334	NA	NA
1454.6432	NA	NA
1454.6549	NA	NA
1455.4937	NA	NA
1455.5180	NA	NA
1455.5956	NA	NA
1455.6094	NA	NA
1455.6209	NA	NA
1456.1597	NA	NA
1456.1760	NA	NA
1456.1921	NA	NA
1456.9571	NA	NA
1456.9689	NA	NA
1457.0401	NA	NA
1457.0704	NA	NA
1457.0854	NA	NA
1457.1023	NA	NA
1457.1151	NA	NA
1457.2584	NA	NA
1457.3808	NA	NA
1457.4230	NA	NA
1457.5395	NA	NA
1457.8217	NA	NA
1457.8462	NA	NA
1459.5610	NA	NA
1459.5867	NA	NA
1460.3055	NA	NA
1460.3378	NA	NA
1460.7783	NA	NA
1460.8064	NA	NA
1460.8462	NA	NA
1460.8845	NA	NA
1461.3821	NA	NA
1461.4027	NA	NA
1461.4222	NA	NA
1461.4629	NA	NA
1461.5104	NA	NA
1461.7236	NA	NA
1461.8346	NA	NA
1462.0623	NA	NA
1462.9890	NA	NA
1463.1861	NA	NA
1463.2013	NA	NA
1463.4712	NA	NA
1463.5018	NA	NA
1463.5148	NA	NA
1463.5533	NA	NA
1463.6336	NA	NA
1463.7092	NA	NA
1463.7969	NA	NA
1464.7293	NA	NA
1465.6505	NA	NA
1465.6839	NA	NA
1465.7139	NA	NA
1466.1368	NA	NA
1466.1706	NA	NA
1467.7662	NA	NA
1467.9146	NA	NA
1468.5508	NA	NA
1468.5728	NA	NA
1468.5838	NA	NA
1468.5970	NA	NA
1468.6147	NA	NA
1468.6333	NA	NA
1468.7100	NA	NA
1468.7195	NA	NA
1469.6758	NA	NA
1469.7034	NA	NA
1470.6515	NA	NA
1470.6723	NA	NA
1470.6878	NA	NA
1470.7119	NA	NA
1470.8977	NA	NA
1471.0599	NA	NA
1471.2475	NA	NA
1471.2712	NA	NA
1471.4063	NA	NA
1471.4746	NA	NA
1471.5712	NA	NA
1471.5895	NA	NA
1471.8333	NA	NA
1472.6946	NA	NA
1472.7435	NA	NA
1472.8235	NA	NA
1472.8379	NA	NA
1472.8560	NA	NA
1472.8771	NA	NA
1474.2411	NA	NA
1474.2510	NA	NA
1474.2656	NA	NA
1474.2769	NA	NA
1475.6395	NA	NA
1475.6651	NA	NA
1475.6765	NA	NA
1477.2395	NA	NA
1477.4229	NA	NA
1478.7899	NA	NA
1479.4889	NA	NA
1480.1577	NA	NA
1481.0516	NA	NA
1481.1313	NA	NA
1481.1409	NA	NA
1481.2478	NA	NA
1481.9165	NA	NA
1481.9472	NA	NA
1481.9587	NA	NA
1481.9704	NA	NA
1483.4256	NA	NA
1484.0887	NA	NA
1484.0990	NA	NA
1484.1074	NA	NA
1484.1299	NA	NA
1484.1449	NA	NA
1484.1529	NA	NA
1484.6518	NA	NA
1486.2088	NA	NA
1486.4171	NA	NA
1486.4676	NA	NA
1486.5964	NA	NA
1486.6145	NA	NA
1486.6427	NA	NA
1486.6510	NA	NA
1486.6592	NA	NA
1486.6773	NA	NA
1486.6893	NA	NA
1487.0364	NA	NA
1487.1089	NA	NA
1487.2176	NA	NA
1488.5371	NA	NA
1488.9146	NA	NA
1489.1652	NA	NA
1489.7778	NA	NA
1489.7893	NA	NA
1489.8966	NA	NA
1490.4856	NA	NA
1490.4950	NA	NA
1490.5530	NA	NA
1490.5679	NA	NA
1490.5897	NA	NA
1491.0927	NA	NA
1491.3436	NA	NA
1491.3863	NA	NA
1491.4268	NA	NA
1491.4353	NA	NA
1491.4470	NA	NA
1492.4757	NA	NA
1492.6091	NA	NA
1492.6319	NA	NA
1492.7287	NA	NA
1492.8563	NA	NA
1493.8002	NA	NA
1493.8164	NA	NA
1493.8293	NA	NA
1493.8439	NA	NA
1493.8999	NA	NA
1494.4753	NA	NA
1494.7390	NA	NA
1496.3121	NA	NA
1496.6572	NA	NA
1496.6751	NA	NA
1496.9167	NA	NA
1497.7823	NA	NA
1497.9313	NA	NA
1497.9607	NA	NA
1497.9788	NA	NA
1497.9926	NA	NA
1498.0277	NA	NA
1498.2254	NA	NA
1498.2758	NA	NA
1498.2944	NA	NA
1498.6243	NA	NA
1501.1080	NA	NA
1501.8102	NA	NA
1501.8221	NA	NA
1501.8416	NA	NA
1501.8574	NA	NA
1501.8885	NA	NA
1502.5642	NA	NA
1502.6851	NA	NA
1502.6967	NA	NA
1502.8661	NA	NA
1503.3615	NA	NA
1503.5230	NA	NA
1504.4651	NA	NA
1504.4791	NA	NA
1504.5306	NA	NA
1505.1164	NA	NA
1505.8576	NA	NA
1507.2683	NA	NA
1507.7865	NA	NA
1507.8163	NA	NA
1507.8266	NA	NA
1507.8557	NA	NA
1507.8655	NA	NA
1508.1436	NA	NA
1508.4147	NA	NA
1508.5206	NA	NA
1508.8028	NA	NA
1508.8366	NA	NA
1509.7125	NA	NA
1510.1693	NA	NA
1510.1978	NA	NA
1510.3381	NA	NA
1510.3595	NA	NA
1510.4046	NA	NA
1510.4187	NA	NA
1510.5564	NA	NA
1511.6280	NA	NA
1511.8076	NA	NA
1512.1678	NA	NA
1512.4545	NA	NA
1512.6191	NA	NA
1512.6446	NA	NA
1513.3941	NA	NA
1513.4254	NA	NA
1513.9622	NA	NA
1513.9983	NA	NA
1514.0401	NA	NA
1514.0809	NA	NA
1514.1622	NA	NA
1514.2146	NA	NA
1514.3451	NA	NA
1516.3346	NA	NA
1516.5906	NA	NA
1516.8673	NA	NA
1517.0863	NA	NA
1517.1217	NA	NA
1517.4875	NA	NA
1517.5010	NA	NA
1517.5200	NA	NA
1517.5488	NA	NA
1517.5682	NA	NA
1518.3745	NA	NA
1518.5421	NA	NA
1518.7227	NA	NA
1518.7391	NA	NA
1519.2966	NA	NA
1519.3163	NA	NA
1519.3897	NA	NA
1519.4310	NA	NA
1520.7454	NA	NA
1520.7714	NA	NA
1521.0735	NA	NA
1521.4395	NA	NA
1521.7183	NA	NA
1521.7337	NA	NA
1521.7517	NA	NA
1523.1552	NA	NA
1523.5831	NA	NA
1523.6912	NA	NA
1523.7072	NA	NA
1523.7794	NA	NA
1524.0591	NA	NA
1524.2054	NA	NA
1524.3982	NA	NA
1524.4223	NA	NA
1524.4388	NA	NA
1524.4799	NA	NA
1525.9672	NA	NA
1525.9828	NA	NA
1526.0047	NA	NA
1526.0159	NA	NA
1526.0790	NA	NA
1526.1220	NA	NA
1526.1429	NA	NA
1526.4697	NA	NA
1526.4857	NA	NA
1526.5037	NA	NA
1526.7733	NA	NA
1527.7422	NA	NA
1528.0855	NA	NA
1528.0952	NA	NA
1528.2741	NA	NA
1528.4300	NA	NA
1528.5291	NA	NA
1528.5427	NA	NA
1528.5558	NA	NA
1528.5971	NA	NA
1528.9234	NA	NA
1529.2348	NA	NA
1529.2525	NA	NA
1529.2601	NA	NA
1529.2686	NA	NA
1529.2923	NA	NA
1529.3113	NA	NA
1529.5284	NA	NA
1529.5428	NA	NA
1529.7986	NA	NA
1530.2207	NA	NA
1530.2378	NA	NA
1530.6219	NA	NA
1531.4298	NA	NA
1531.4404	NA	NA
1531.7915	NA	NA
1531.9844	NA	NA
1533.3330	NA	NA
1533.3462	NA	NA
1533.3650	NA	NA
1533.3795	NA	NA
1533.4680	NA	NA
1533.4843	NA	NA
1534.2688	NA	NA
1534.2839	NA	NA
1534.3060	NA	NA
1534.3275	NA	NA
1534.3442	NA	NA
1534.3713	NA	NA
1534.5864	NA	NA
1535.1369	NA	NA
1536.8075	NA	NA
1536.9904	NA	NA
1537.0661	NA	NA
1537.0918	NA	NA
1537.4093	NA	NA
1537.4299	NA	NA
1537.8846	NA	NA
1537.8976	NA	NA
1538.1835	NA	NA
1538.1990	NA	NA
1538.2238	NA	NA
1538.6082	NA	NA
1538.6162	NA	NA
1538.6384	NA	NA
1538.6498	NA	NA
1538.6648	NA	NA
1538.7039	NA	NA
1539.1209	NA	NA
1539.3825	NA	NA
1540.3169	NA	NA
1540.6532	NA	NA
1540.6698	NA	NA
1540.6827	NA	NA
1540.6951	NA	NA
1541.1037	NA	NA
1541.2153	NA	NA
1542.8600	NA	NA
1543.1326	NA	NA
1543.3328	NA	NA
1543.3495	NA	NA
1543.5401	NA	NA
1543.8353	NA	NA
1543.9378	NA	NA
1544.2428	NA	NA
1544.6334	NA	NA
1544.6517	NA	NA
1544.6745	NA	NA
1544.7210	NA	NA
1544.7452	NA	NA
1544.9389	NA	NA
1546.5445	NA	NA
1547.0900	NA	NA
1547.2688	NA	NA
1547.3012	NA	NA
1547.4114	NA	NA
1547.4244	NA	NA
1547.6029	NA	NA
1547.9686	NA	NA
1548.1554	NA	NA
1548.1648	NA	NA
1548.3314	NA	NA
1548.3531	NA	NA
1548.4652	NA	NA
1548.9641	NA	NA
1549.8285	NA	NA
1549.8406	NA	NA
1549.8550	NA	NA
1549.8748	NA	NA
1549.9840	NA	NA
1549.9967	NA	NA
1550.2514	NA	NA
1551.0145	NA	NA
1551.0425	NA	NA
1551.0626	NA	NA
1551.0858	NA	NA
1551.1176	NA	NA
1551.1383	NA	NA
1551.1592	NA	NA
1551.2175	NA	NA
1551.4175	NA	NA
1551.5672	NA	NA
1552.4686	NA	NA
1554.5088	NA	NA
1554.5347	NA	NA
1554.5799	NA	NA
1554.6118	NA	NA
1554.7650	NA	NA
1555.1662	NA	NA
1555.2464	NA	NA
1555.2543	NA	NA
1555.9391	NA	NA
1557.8643	NA	NA
1558.3268	NA	NA
1558.3426	NA	NA
1558.3548	NA	NA
1558.3764	NA	NA
1558.4304	NA	NA
1558.4408	NA	NA
1558.4837	NA	NA
1558.4944	NA	NA
1559.5611	NA	NA
1559.5902	NA	NA
1559.6800	NA	NA
1559.8775	NA	NA
1559.8999	NA	NA
1560.8164	NA	NA
1560.8402	NA	NA
1560.8922	NA	NA
1560.9007	NA	NA
1561.1602	NA	NA
1561.6128	NA	NA
1561.9440	NA	NA
1562.3994	NA	NA
1563.1558	NA	NA
1563.1762	NA	NA
1563.9235	NA	NA
1564.0164	NA	NA
1565.3415	NA	NA
1565.3522	NA	NA
1565.3616	NA	NA
1565.3826	NA	NA
1565.4727	NA	NA
1565.4825	NA	NA
1565.5011	NA	NA
1566.2305	NA	NA
1567.0582	NA	NA
1567.0654	NA	NA
1567.0753	NA	NA
1567.0899	NA	NA
1567.1171	NA	NA
1567.5027	NA	NA
1567.5294	NA	NA
1567.5461	NA	NA
1568.7765	NA	NA
1569.3160	NA	NA
1569.3960	NA	NA
1570.3135	NA	NA
1570.9557	NA	NA
1570.9896	NA	NA
1570.9989	NA	NA
1571.0134	NA	NA
1571.6950	NA	NA
1571.8254	NA	NA
1571.8478	NA	NA
1571.8631	NA	NA
1571.8739	NA	NA
1571.9935	NA	NA
1572.9968	NA	NA
1573.9491	NA	NA
1575.1709	NA	NA
1575.1979	NA	NA
1576.0330	NA	NA
1577.2016	NA	NA
1577.2113	NA	NA
1577.2270	NA	NA
1577.2391	NA	NA
1577.2510	NA	NA
1578.0966	NA	NA
1578.3140	NA	NA
1578.3751	NA	NA
1578.7597	NA	NA
1579.6893	NA	NA
1579.7159	NA	NA
1579.7357	NA	NA
1579.7503	NA	NA
1580.7366	NA	NA
1580.7665	NA	NA
1580.8350	NA	NA
1580.8522	NA	NA
1581.5316	NA	NA
1581.5424	NA	NA
1581.5613	NA	NA
1582.4502	NA	NA
1582.6446	NA	NA
1583.0107	NA	NA
1583.7848	NA	NA
1584.0951	NA	NA
1584.3557	NA	NA
1584.6390	NA	NA
1584.6860	NA	NA
1585.1307	NA	NA
1585.1418	NA	NA
1585.1628	NA	NA
1586.0730	NA	NA
1586.0829	NA	NA
1586.1023	NA	NA
1586.1688	NA	NA
1586.5641	NA	NA
1586.5782	NA	NA
1586.5950	NA	NA
1586.6440	NA	NA
1586.6571	NA	NA
1586.8068	NA	NA
1586.8218	NA	NA
1586.8303	NA	NA
1586.8901	NA	NA
1587.4664	NA	NA
1587.5593	NA	NA
1587.6652	NA	NA
1587.6771	NA	NA
1587.9316	NA	NA
1588.2581	NA	NA
1588.2738	NA	NA
1588.7211	NA	NA
1590.3489	NA	NA
1590.3604	NA	NA
1590.3910	NA	NA
1590.6362	NA	NA
1591.5119	NA	NA
1592.1002	NA	NA
1592.1237	NA	NA
1592.4359	NA	NA
1592.4541	NA	NA
1592.5982	NA	NA
1592.6372	NA	NA
1593.0846	NA	NA
1593.8916	NA	NA
1593.9027	NA	NA
1594.1417	NA	NA
1595.5215	NA	NA
1595.9918	NA	NA
1596.5080	NA	NA
1596.5225	NA	NA
1596.5522	NA	NA
1596.5657	NA	NA
1596.5858	NA	NA
1596.5965	NA	NA
1596.6389	NA	NA
1596.6755	NA	NA
1597.8047	NA	NA
1597.8223	NA	NA
1597.8450	NA	NA
1598.6346	NA	NA
1598.6524	NA	NA
1598.7217	NA	NA
1598.7452	NA	NA
1598.7583	NA	NA
1599.0006	NA	NA
1599.4829	NA	NA
1599.6440	NA	NA
1599.8679	NA	NA
1599.8837	NA	NA
1600.0600	NA	NA
1602.1507	NA	NA
1602.1611	NA	NA
1602.1955	NA	NA
1602.2143	NA	NA
1602.5489	NA	NA
1602.5783	NA	NA
1602.8167	NA	NA
1603.1513	NA	NA
1603.1967	NA	NA
1603.6228	NA	NA
1603.6572	NA	NA
1604.5520	NA	NA
1604.5849	NA	NA
1604.6151	NA	NA
1604.6291	NA	NA
1604.6490	NA	NA
1605.4625	NA	NA
1605.4813	NA	NA
1605.5343	NA	NA
1605.5504	NA	NA
1605.7222	NA	NA
1605.8523	NA	NA
1606.4387	NA	NA
1606.6307	NA	NA
1606.6455	NA	NA
1607.0345	NA	NA
1607.9376	NA	NA
1607.9479	NA	NA
1607.9665	NA	NA
1607.9786	NA	NA
1607.9947	NA	NA
1608.0056	NA	NA
1608.6851	NA	NA
1608.8033	NA	NA
1608.8189	NA	NA
1608.8373	NA	NA
1609.0468	NA	NA
1609.0570	NA	NA
1609.7208	NA	NA
1610.6808	NA	NA
1612.9919	NA	NA
1613.0218	NA	NA
1613.5573	NA	NA
1613.5969	NA	NA
1613.9741	NA	NA
1613.9948	NA	NA
1614.4764	NA	NA
1614.5597	NA	NA
1615.6205	NA	NA
1615.6946	NA	NA
1615.7076	NA	NA
1616.1612	NA	NA
1616.8604	NA	NA
1616.9722	NA	NA
1617.6920	NA	NA
1618.2004	NA	NA
1618.2584	NA	NA
1618.6224	NA	NA
1618.6905	NA	NA
1619.2789	NA	NA
1619.3665	NA	NA
1619.7999	NA	NA
1619.8953	NA	NA
1620.4351	NA	NA
1620.9076	NA	NA
1621.2820	NA	NA
1622.2191	NA	NA
1622.2453	NA	NA
1622.3493	NA	NA
1622.8894	NA	NA
1623.1801	NA	NA
1623.2130	NA	NA
1623.2231	NA	NA
1623.2335	NA	NA
1623.2939	NA	NA
1623.4530	NA	NA
1625.8192	NA	NA
1625.9383	NA	NA
1625.9699	NA	NA
1625.9910	NA	NA
1626.4297	NA	NA
1626.4853	NA	NA
1627.1211	NA	NA
1627.8770	NA	NA
1627.9251	NA	NA
1628.0599	NA	NA
1628.5158	NA	NA
1628.5385	NA	NA
1629.1419	NA	NA
1629.1869	NA	NA
1629.3927	NA	NA
1629.4042	NA	NA
1630.5631	NA	NA
1630.8845	NA	NA
1630.9862	NA	NA
1632.3893	NA	NA
1633.6955	NA	NA
1633.9250	NA	NA
1633.9538	NA	NA
1633.9765	NA	NA
1634.0688	NA	NA
1634.4418	NA	NA
1634.4845	NA	NA
1634.5281	NA	NA
1634.5527	NA	NA
1634.7120	NA	NA
1635.3308	NA	NA
1635.6234	NA	NA
1637.4210	NA	NA
1637.8234	NA	NA
1638.3319	NA	NA
1638.5820	NA	NA
1638.6643	NA	NA
1638.6798	NA	NA
1638.7024	NA	NA
1638.7162	NA	NA
1638.7365	NA	NA
1640.2847	NA	NA
1640.3038	NA	NA
1640.3430	NA	NA
1640.3529	NA	NA
1640.3846	NA	NA
1640.8081	NA	NA
1643.1956	NA	NA
1643.4561	NA	NA
1644.5647	NA	NA
1644.8847	NA	NA
1644.8977	NA	NA
1644.9128	NA	NA
1645.3398	NA	NA
1645.8375	NA	NA
1646.7103	NA	NA
1647.3261	NA	NA
1647.3395	NA	NA
1647.7360	NA	NA
1648.2322	NA	NA
1648.2509	NA	NA
1649.0158	NA	NA
1649.8526	NA	NA
1649.9735	NA	NA
1649.9973	NA	NA
1650.0100	NA	NA
1650.0248	NA	NA
1650.2502	NA	NA
1650.4131	NA	NA
1651.9990	NA	NA
1652.0152	NA	NA
1652.2922	NA	NA
1652.3157	NA	NA
1652.3388	NA	NA
1652.3848	NA	NA
1652.8672	NA	NA
1652.8793	NA	NA
1652.9837	NA	NA
1653.2108	NA	NA
1655.6097	NA	NA
1655.6284	NA	NA
1655.7136	NA	NA
1656.0277	NA	NA
1656.1559	NA	NA
1656.2115	NA	NA
1656.5571	NA	NA
1657.4659	NA	NA
1657.4982	NA	NA
1658.0319	NA	NA
1658.1254	NA	NA
1658.1400	NA	NA
1658.1650	NA	NA
1658.2305	NA	NA
1659.5632	NA	NA
1659.7020	NA	NA
1660.0039	NA	NA
1660.0281	NA	NA
1660.0397	NA	NA
1660.0589	NA	NA
1661.1630	NA	NA
1661.1816	NA	NA
1662.4613	NA	NA
1662.4837	NA	NA
1662.5285	NA	NA
1662.6438	NA	NA
1663.6567	NA	NA
1663.6682	NA	NA
1663.7412	NA	NA
1663.7713	NA	NA
1663.9564	NA	NA
1664.0094	NA	NA
1664.2753	NA	NA
1664.2944	NA	NA
1664.3826	NA	NA
1665.4280	NA	NA
1665.4527	NA	NA
1665.4988	NA	NA
1666.7111	NA	NA
1667.0554	NA	NA
1667.0683	NA	NA
1667.0963	NA	NA
1667.8602	NA	NA
1668.9317	NA	NA
1669.5459	NA	NA
1670.0595	NA	NA
1670.1646	NA	NA
1670.1816	NA	NA
1670.4964	NA	NA
1670.6280	NA	NA
1671.4260	NA	NA
1671.9347	NA	NA
1671.9588	NA	NA
1672.0391	NA	NA
1672.0606	NA	NA
1672.0905	NA	NA
1672.6200	NA	NA
1672.9580	NA	NA
1673.0163	NA	NA
1673.1068	NA	NA
1673.1786	NA	NA
1673.5379	NA	NA
1675.4413	NA	NA
1675.4825	NA	NA
1675.5918	NA	NA
1675.6047	NA	NA
1675.8532	NA	NA
1675.9796	NA	NA
1676.0591	NA	NA
1676.0739	NA	NA
1676.0859	NA	NA
1676.6473	NA	NA
1676.7030	NA	NA
1677.1944	NA	NA
1677.2080	NA	NA
1677.2543	NA	NA
1677.2846	NA	NA
1677.3810	NA	NA
1678.5200	NA	NA
1678.5460	NA	NA
1678.6276	NA	NA
1678.6467	NA	NA
1679.5583	NA	NA
1680.3927	NA	NA
1680.7980	NA	NA
1681.8118	NA	NA
1683.2595	NA	NA
1683.4856	NA	NA
1683.5027	NA	NA
1683.7055	NA	NA
1684.0630	NA	NA
1684.0754	NA	NA
1684.1243	NA	NA
1684.5966	NA	NA
1684.6116	NA	NA
1684.6239	NA	NA
1684.6334	NA	NA
1685.2541	NA	NA
1685.2704	NA	NA
1685.9114	NA	NA
1686.2961	NA	NA
1686.4536	NA	NA
1686.4712	NA	NA
1686.4835	NA	NA
1686.4953	NA	NA
1686.7179	NA	NA
1687.2390	NA	NA
1687.2643	NA	NA
1687.2860	NA	NA
1687.3004	NA	NA
1687.5582	NA	NA
1687.5709	NA	NA
1687.5856	NA	NA
1687.6096	NA	NA
1687.8592	NA	NA
1688.8324	NA	NA
1689.0254	NA	NA
1689.1623	NA	NA
1689.2108	NA	NA
1689.2368	NA	NA
1689.3829	NA	NA
1689.4282	NA	NA
1689.4733	NA	NA
1689.4830	NA	NA
1689.4965	NA	NA
1689.7306	NA	NA
1690.4934	NA	NA
1690.5029	NA	NA
1690.5581	NA	NA
1690.5868	NA	NA
1690.8930	NA	NA
1690.9064	NA	NA
1691.0068	NA	NA
1691.7441	NA	NA
1691.7571	NA	NA
1691.7990	NA	NA
1691.8139	NA	NA
1691.8401	NA	NA
1691.8662	NA	NA
1691.8753	NA	NA
1691.9797	NA	NA
1692.0064	NA	NA
1692.0217	NA	NA
1692.0328	NA	NA
1692.4271	NA	NA
1693.0593	NA	NA
1693.0887	NA	NA
1693.1186	NA	NA
1693.1295	NA	NA
1693.1409	NA	NA
1693.1952	NA	NA
1693.8638	NA	NA
1695.7720	NA	NA
1696.8934	NA	NA
1696.9197	NA	NA
1696.9469	NA	NA
1699.0915	NA	NA
1699.3155	NA	NA
1699.3327	NA	NA
1699.3558	NA	NA
1699.3721	NA	NA
1699.4554	NA	NA
1700.4757	NA	NA
1701.3039	NA	NA
1702.2640	NA	NA
1702.6336	NA	NA
1702.6453	NA	NA
1702.6578	NA	NA
1702.6669	NA	NA
1702.7094	NA	NA
1702.7916	NA	NA
1702.8109	NA	NA
1703.2511	NA	NA
1703.6632	NA	NA
1703.8932	NA	NA
1705.0115	NA	NA
1705.5514	NA	NA
1705.5887	NA	NA
1706.4450	NA	NA
1706.9485	NA	NA
1707.0244	NA	NA
1707.2002	NA	NA
1707.2136	NA	NA
1707.2278	NA	NA
1707.2570	NA	NA
1707.2650	NA	NA
1707.4337	NA	NA
1707.6470	NA	NA
1707.6606	NA	NA
1708.2912	NA	NA
1708.3314	NA	NA
1708.7102	NA	NA
1708.7310	NA	NA
1708.7568	NA	NA
1709.3262	NA	NA
1709.3758	NA	NA
1709.4046	NA	NA
1709.8653	NA	NA
1710.3644	NA	NA
1710.3882	NA	NA
1710.3988	NA	NA
1710.4166	NA	NA
1710.4329	NA	NA
1712.2603	NA	NA
1712.2728	NA	NA
1712.3229	NA	NA
1712.3653	NA	NA
1712.4068	NA	NA
1712.4217	NA	NA
1713.0589	NA	NA
1713.5025	NA	NA
1714.2832	NA	NA
1714.2973	NA	NA
1714.6077	NA	NA
1716.2861	NA	NA
1717.2930	NA	NA
1718.0623	NA	NA
1718.4674	NA	NA
1719.1755	NA	NA
1719.3771	NA	NA
1719.4552	NA	NA
1719.4765	NA	NA
1719.4929	NA	NA
1719.5097	NA	NA
1720.8080	NA	NA
1720.8525	NA	NA
1720.9814	NA	NA
1720.9991	NA	NA
1721.2420	NA	NA
1721.5382	NA	NA
1721.5629	NA	NA
1721.5763	NA	NA
1721.6087	NA	NA
1721.6621	NA	NA
1721.8506	NA	NA
1722.1981	NA	NA
1722.3510	NA	NA
1723.0119	NA	NA
1723.4384	NA	NA
1723.5686	NA	NA
1723.6058	NA	NA
1723.8502	NA	NA
1725.1273	NA	NA
1725.3781	NA	NA
1726.7322	NA	NA
1726.7649	NA	NA
1726.7907	NA	NA
1726.8193	NA	NA
1727.8163	NA	NA
1729.3889	NA	NA
1731.4819	NA	NA
1731.6239	NA	NA
1731.6911	NA	NA
1731.7539	NA	NA
1731.8060	NA	NA
1732.1650	NA	NA
1733.1432	NA	NA
1733.1840	NA	NA
1733.3135	NA	NA
1734.1124	NA	NA
1734.1228	NA	NA
1734.1346	NA	NA
1734.1479	NA	NA
1735.2736	NA	NA
1735.7696	NA	NA
1736.1361	NA	NA
1736.2630	NA	NA
1736.4242	NA	NA
1736.4506	NA	NA
1736.6055	NA	NA
1738.2975	NA	NA
1738.3780	NA	NA
1738.3939	NA	NA
1738.4681	NA	NA
1738.5866	NA	NA
1738.6034	NA	NA
1738.9548	NA	NA
1739.9365	NA	NA
1739.9572	NA	NA
1740.0034	NA	NA
1740.0235	NA	NA
1740.0362	NA	NA
1740.0501	NA	NA
1740.0694	NA	NA
1740.9894	NA	NA
1741.0082	NA	NA
1741.0984	NA	NA
1741.2524	NA	NA
1742.3946	NA	NA
1743.4640	NA	NA
1743.4843	NA	NA
1746.6639	NA	NA
1748.1653	NA	NA
1748.1757	NA	NA
1748.2018	NA	NA
1748.3172	NA	NA
1748.8290	NA	NA
1749.7490	NA	NA
1751.1098	NA	NA
1751.1448	NA	NA
1751.2200	NA	NA
1751.4502	NA	NA
1751.7708	NA	NA
1751.7934	NA	NA
1751.8051	NA	NA
1752.7373	NA	NA
1752.7501	NA	NA
1752.7712	NA	NA
1753.0826	NA	NA
1753.1448	NA	NA
1754.2244	NA	NA
1755.3162	NA	NA
1755.9108	NA	NA
1755.9397	NA	NA
1756.0445	NA	NA
1756.4633	NA	NA
1756.4919	NA	NA
1756.5140	NA	NA
1756.7385	NA	NA
1756.7526	NA	NA
1756.7738	NA	NA
1758.9928	NA	NA
1759.0053	NA	NA
1759.0193	NA	NA
1759.1421	NA	NA
1759.1540	NA	NA
1759.2311	NA	NA
1760.2242	NA	NA
1760.2497	NA	NA
1760.5376	NA	NA
1760.5540	NA	NA
1760.5756	NA	NA
1760.5882	NA	NA
1760.6895	NA	NA
1761.1975	NA	NA
1761.2135	NA	NA
1761.2314	NA	NA
1761.2439	NA	NA
1761.2613	NA	NA
1761.6887	NA	NA
1761.8606	NA	NA
1761.8935	NA	NA
1764.9490	NA	NA
1765.6009	NA	NA
1766.1077	NA	NA
1766.1396	NA	NA
1766.3705	NA	NA
1767.1658	NA	NA
1767.3641	NA	NA
1767.3749	NA	NA
1767.3868	NA	NA
1767.4088	NA	NA
1767.4279	NA	NA
1767.9606	NA	NA
1767.9975	NA	NA
1768.1096	NA	NA
1769.9202	NA	NA
1769.9729	NA	NA
1769.9977	NA	NA
1770.9794	NA	NA
1770.9970	NA	NA
1771.0133	NA	NA
1771.0977	NA	NA
1771.4010	NA	NA
1771.4153	NA	NA
1771.4251	NA	NA
1771.4399	NA	NA
1771.4873	NA	NA
1771.5011	NA	NA
1773.5695	NA	NA
1773.8945	NA	NA
1773.9231	NA	NA
1773.9425	NA	NA
1774.0563	NA	NA
1774.0689	NA	NA
1774.0936	NA	NA
1774.1145	NA	NA
1774.1287	NA	NA
1775.1670	NA	NA
1775.7304	NA	NA
1777.4732	NA	NA
1777.5024	NA	NA
1777.5558	NA	NA
1780.2493	NA	NA
1780.2672	NA	NA
1781.4626	NA	NA
1782.7293	NA	NA
1782.7667	NA	NA
1782.7911	NA	NA
1783.0925	NA	NA
1783.3072	NA	NA
1783.3243	NA	NA
1783.5442	NA	NA
1783.5773	NA	NA
1785.2052	NA	NA
1785.2826	NA	NA
1785.7140	NA	NA
1785.7306	NA	NA
1785.7589	NA	NA
1786.4318	NA	NA
1786.8603	NA	NA
1786.8802	NA	NA
1787.0314	NA	NA
1787.0980	NA	NA
1787.9273	NA	NA
1787.9680	NA	NA
1788.2460	NA	NA
1788.2793	NA	NA
1788.9170	NA	NA
1788.9762	NA	NA
1789.2966	NA	NA
1789.4941	NA	NA
1789.5140	NA	NA
1789.8126	NA	NA
1789.8260	NA	NA
1789.9107	NA	NA
1790.3876	NA	NA
1790.4131	NA	NA
1790.4524	NA	NA
1791.2584	NA	NA
1792.0990	NA	NA
1792.2609	NA	NA
1792.3013	NA	NA
1792.3733	NA	NA
1792.4947	NA	NA
1792.5043	NA	NA
1792.5196	NA	NA
1792.5340	NA	NA
1792.6159	NA	NA
1793.2942	NA	NA
1794.5845	NA	NA
1794.7895	NA	NA
1795.0901	NA	NA
1795.1314	NA	NA
1796.2102	NA	NA
1797.7896	NA	NA
1799.4364	NA	NA
1799.6937	NA	NA
1799.7064	NA	NA
1799.7291	NA	NA
1799.8857	NA	NA
1799.9132	NA	NA
1801.3836	NA	NA
1801.6358	NA	NA
1801.6668	NA	NA
1802.0535	NA	NA
1802.4612	NA	NA
1802.9758	NA	NA
1803.3628	NA	NA
1804.1041	NA	NA
1804.1164	NA	NA
1804.1508	NA	NA
1804.1730	NA	NA
1804.1966	NA	NA
1804.2349	NA	NA
1804.2769	NA	NA
1805.9500	NA	NA
1805.9688	NA	NA
1806.0885	NA	NA
1806.6547	NA	NA
1806.6687	NA	NA
1806.7383	NA	NA
1807.1716	NA	NA
1807.2001	NA	NA
1807.3454	NA	NA
1808.2211	NA	NA
1808.2960	NA	NA
1808.5770	NA	NA
1808.6175	NA	NA
1808.6330	NA	NA
1808.7868	NA	NA
1809.4877	NA	NA
1809.8891	NA	NA
1809.9937	NA	NA
1810.0257	NA	NA
1811.4035	NA	NA
1811.4199	NA	NA
1811.4396	NA	NA
1812.6869	NA	NA
1812.6987	NA	NA
1812.7129	NA	NA
1812.9046	NA	NA
1813.0051	NA	NA
1813.9282	NA	NA
1814.2791	NA	NA
1814.3094	NA	NA
1814.3450	NA	NA
1814.3911	NA	NA
1814.4017	NA	NA
1814.4144	NA	NA
1814.4328	NA	NA
1814.9402	NA	NA
1814.9581	NA	NA
1814.9804	NA	NA
1816.1666	NA	NA
1816.5763	NA	NA
1817.4436	NA	NA
1818.2249	NA	NA
1818.6645	NA	NA
1818.7962	NA	NA
1819.3467	NA	NA
1819.3635	NA	NA
1819.3906	NA	NA
1819.5302	NA	NA
1819.5780	NA	NA
1820.0008	NA	NA
1821.4499	NA	NA
1821.4806	NA	NA
1821.7984	NA	NA
1821.8105	NA	NA
1821.8240	NA	NA
1821.8309	NA	NA
1821.8473	NA	NA
1821.8849	NA	NA
1823.0399	NA	NA
1823.9441	NA	NA
1823.9545	NA	NA
1824.2612	NA	NA
1824.3253	NA	NA
1824.3345	NA	NA
1825.1238	NA	NA
1825.1815	NA	NA
1825.6303	NA	NA
1825.6443	NA	NA
1826.5248	NA	NA
1826.8421	NA	NA
1826.8573	NA	NA
1827.0418	NA	NA
1827.0631	NA	NA
1827.1863	NA	NA
1829.0991	NA	NA
1829.1145	NA	NA
1829.1455	NA	NA
1829.1580	NA	NA
1829.1738	NA	NA
1829.2178	NA	NA
1829.2292	NA	NA
1829.2407	NA	NA
