spike times	Vanne1 ON	Vanne1 OFF
29.2963	900.0346	902.0345
29.3107	NA	NA
63.1095	NA	NA
63.1149	NA	NA
63.1208	NA	NA
63.1415	NA	NA
88.8321	NA	NA
88.8379	NA	NA
88.8446	NA	NA
88.8578	NA	NA
88.8800	NA	NA
100.0897	NA	NA
100.0958	NA	NA
100.1023	NA	NA
164.5372	NA	NA
164.5433	NA	NA
164.5494	NA	NA
164.5572	NA	NA
164.5656	NA	NA
164.5835	NA	NA
164.5940	NA	NA
250.4778	NA	NA
250.4826	NA	NA
250.4897	NA	NA
250.4993	NA	NA
360.7451	NA	NA
360.7487	NA	NA
360.7542	NA	NA
360.7598	NA	NA
360.7661	NA	NA
360.7743	NA	NA
420.7298	NA	NA
420.7342	NA	NA
420.7387	NA	NA
420.7427	NA	NA
420.7467	NA	NA
420.7541	NA	NA
422.3956	NA	NA
422.3995	NA	NA
422.4038	NA	NA
422.4086	NA	NA
422.4161	NA	NA
424.7753	NA	NA
424.7795	NA	NA
424.7836	NA	NA
424.7885	NA	NA
424.7937	NA	NA
424.7998	NA	NA
424.8129	NA	NA
433.1460	NA	NA
433.1500	NA	NA
433.1539	NA	NA
433.1584	NA	NA
433.1633	NA	NA
433.1693	NA	NA
433.1755	NA	NA
573.0422	NA	NA
573.0470	NA	NA
573.0520	NA	NA
573.0577	NA	NA
573.0677	NA	NA
619.5722	NA	NA
619.5762	NA	NA
619.5801	NA	NA
619.5844	NA	NA
619.5901	NA	NA
619.5978	NA	NA
619.6053	NA	NA
619.6137	NA	NA
619.7577	NA	NA
619.7620	NA	NA
619.7666	NA	NA
619.7713	NA	NA
619.7784	NA	NA
856.8982	NA	NA
856.9021	NA	NA
856.9063	NA	NA
856.9106	NA	NA
856.9156	NA	NA
856.9239	NA	NA
856.9337	NA	NA
900.0639	NA	NA
900.0678	NA	NA
900.0718	NA	NA
900.0758	NA	NA
900.0804	NA	NA
900.0858	NA	NA
900.0906	NA	NA
900.0968	NA	NA
900.1030	NA	NA
900.1103	NA	NA
900.1174	NA	NA
900.1246	NA	NA
900.1362	NA	NA
900.1466	NA	NA
900.1546	NA	NA
900.1634	NA	NA
900.1755	NA	NA
900.1957	NA	NA
900.2111	NA	NA
900.2293	NA	NA
900.2382	NA	NA
900.2568	NA	NA
900.2827	NA	NA
900.2980	NA	NA
900.3310	NA	NA
900.3446	NA	NA
900.3569	NA	NA
900.3835	NA	NA
900.4325	NA	NA
900.4508	NA	NA
900.4644	NA	NA
900.5078	NA	NA
900.5324	NA	NA
900.5729	NA	NA
900.5822	NA	NA
900.6032	NA	NA
900.6991	NA	NA
900.7308	NA	NA
900.7469	NA	NA
900.7553	NA	NA
900.7674	NA	NA
900.8405	NA	NA
900.8555	NA	NA
900.8802	NA	NA
900.9315	NA	NA
900.9756	NA	NA
901.0224	NA	NA
901.0639	NA	NA
901.0736	NA	NA
901.1152	NA	NA
901.1811	NA	NA
901.1937	NA	NA
901.2242	NA	NA
901.2703	NA	NA
901.2835	NA	NA
901.3664	NA	NA
901.4345	NA	NA
901.4926	NA	NA
901.5052	NA	NA
901.5613	NA	NA
901.5732	NA	NA
901.5812	NA	NA
901.6381	NA	NA
901.6483	NA	NA
901.6747	NA	NA
901.7555	NA	NA
901.7707	NA	NA
901.7783	NA	NA
901.8324	NA	NA
901.8549	NA	NA
901.9335	NA	NA
901.9426	NA	NA
901.9743	NA	NA
901.9875	NA	NA
903.1244	NA	NA
903.1303	NA	NA
903.1359	NA	NA
903.1413	NA	NA
903.1502	NA	NA
905.3209	NA	NA
905.3257	NA	NA
905.3314	NA	NA
905.3394	NA	NA
905.3459	NA	NA
905.9734	NA	NA
905.9790	NA	NA
905.9836	NA	NA
905.9905	NA	NA
905.9977	NA	NA
907.3322	NA	NA
907.3366	NA	NA
907.3414	NA	NA
907.3473	NA	NA
907.3538	NA	NA
908.1602	NA	NA
908.1651	NA	NA
908.1699	NA	NA
908.1756	NA	NA
908.1806	NA	NA
908.3895	NA	NA
908.3953	NA	NA
908.4000	NA	NA
908.4085	NA	NA
908.4152	NA	NA
909.3629	NA	NA
909.3674	NA	NA
909.3725	NA	NA
909.3781	NA	NA
909.3848	NA	NA
910.1437	NA	NA
910.1482	NA	NA
910.1528	NA	NA
910.1579	NA	NA
910.1633	NA	NA
910.1690	NA	NA
910.6415	NA	NA
910.6460	NA	NA
910.6516	NA	NA
910.6572	NA	NA
910.6629	NA	NA
910.8798	NA	NA
910.8849	NA	NA
910.8892	NA	NA
910.8938	NA	NA
910.9006	NA	NA
911.2703	NA	NA
911.2751	NA	NA
911.2800	NA	NA
911.2857	NA	NA
911.2969	NA	NA
911.8852	NA	NA
911.8897	NA	NA
911.8937	NA	NA
911.8989	NA	NA
911.9058	NA	NA
911.9133	NA	NA
912.1692	NA	NA
912.1738	NA	NA
912.1782	NA	NA
912.1834	NA	NA
912.1907	NA	NA
912.6231	NA	NA
912.6274	NA	NA
912.6324	NA	NA
912.6373	NA	NA
912.6436	NA	NA
913.1533	NA	NA
913.1580	NA	NA
913.1635	NA	NA
913.1699	NA	NA
913.1773	NA	NA
913.8328	NA	NA
913.8373	NA	NA
913.8419	NA	NA
913.8485	NA	NA
913.8570	NA	NA
915.7925	NA	NA
915.7970	NA	NA
915.8015	NA	NA
915.8067	NA	NA
915.8122	NA	NA
915.8202	NA	NA
917.1612	NA	NA
917.1661	NA	NA
917.1703	NA	NA
917.1747	NA	NA
917.1810	NA	NA
917.1901	NA	NA
917.1993	NA	NA
917.4632	NA	NA
917.4674	NA	NA
917.4719	NA	NA
917.4770	NA	NA
917.4829	NA	NA
917.4893	NA	NA
917.8399	NA	NA
917.8445	NA	NA
917.8492	NA	NA
917.8548	NA	NA
917.8601	NA	NA
921.5643	NA	NA
921.5685	NA	NA
921.5727	NA	NA
921.5776	NA	NA
921.5839	NA	NA
921.5929	NA	NA
924.9008	NA	NA
924.9060	NA	NA
924.9104	NA	NA
924.9151	NA	NA
924.9206	NA	NA
924.9307	NA	NA
926.0095	NA	NA
926.0143	NA	NA
926.0197	NA	NA
926.0257	NA	NA
926.0366	NA	NA
926.0548	NA	NA
926.8813	NA	NA
926.8858	NA	NA
926.8904	NA	NA
926.8961	NA	NA
926.9093	NA	NA
926.9246	NA	NA
929.3435	NA	NA
929.3486	NA	NA
929.3545	NA	NA
929.3611	NA	NA
929.3662	NA	NA
931.2056	NA	NA
931.2101	NA	NA
931.2150	NA	NA
931.2200	NA	NA
931.2276	NA	NA
932.1053	NA	NA
932.1098	NA	NA
932.1143	NA	NA
932.1187	NA	NA
932.1283	NA	NA
933.0041	NA	NA
933.0095	NA	NA
933.0146	NA	NA
933.0198	NA	NA
933.0292	NA	NA
934.3013	NA	NA
934.3063	NA	NA
934.3119	NA	NA
934.3186	NA	NA
934.3262	NA	NA
936.1132	NA	NA
936.1181	NA	NA
936.1240	NA	NA
936.1289	NA	NA
936.1347	NA	NA
936.1414	NA	NA
937.2986	NA	NA
937.3040	NA	NA
937.3089	NA	NA
937.3146	NA	NA
937.3231	NA	NA
939.2310	NA	NA
939.2355	NA	NA
939.2402	NA	NA
939.2447	NA	NA
939.2507	NA	NA
939.2564	NA	NA
939.2642	NA	NA
940.5641	NA	NA
940.5689	NA	NA
940.5731	NA	NA
940.5785	NA	NA
940.5863	NA	NA
940.5936	NA	NA
942.7585	NA	NA
942.7633	NA	NA
942.7677	NA	NA
942.7726	NA	NA
942.7792	NA	NA
942.7879	NA	NA
944.7415	NA	NA
944.7460	NA	NA
944.7501	NA	NA
944.7545	NA	NA
944.7604	NA	NA
944.7671	NA	NA
945.3465	NA	NA
945.3512	NA	NA
945.3557	NA	NA
945.3605	NA	NA
945.3677	NA	NA
947.7051	NA	NA
947.7100	NA	NA
947.7143	NA	NA
947.7196	NA	NA
947.7286	NA	NA
947.7372	NA	NA
948.3052	NA	NA
948.3093	NA	NA
948.3133	NA	NA
948.3179	NA	NA
948.3240	NA	NA
949.2306	NA	NA
949.2348	NA	NA
949.2392	NA	NA
949.2442	NA	NA
949.2492	NA	NA
949.2582	NA	NA
949.2653	NA	NA
950.3199	NA	NA
950.3247	NA	NA
950.3295	NA	NA
950.3358	NA	NA
950.3430	NA	NA
954.9288	NA	NA
954.9331	NA	NA
954.9375	NA	NA
954.9434	NA	NA
954.9493	NA	NA
954.9572	NA	NA
958.1593	NA	NA
958.1639	NA	NA
958.1688	NA	NA
958.1737	NA	NA
958.1782	NA	NA
958.1929	NA	NA
959.8597	NA	NA
959.8638	NA	NA
959.8684	NA	NA
959.8732	NA	NA
959.8794	NA	NA
959.8859	NA	NA
959.8932	NA	NA
960.1514	NA	NA
960.1560	NA	NA
960.1609	NA	NA
960.1661	NA	NA
960.1712	NA	NA
960.7387	NA	NA
960.7442	NA	NA
960.7489	NA	NA
960.7550	NA	NA
960.7603	NA	NA
962.2685	NA	NA
962.2728	NA	NA
962.2768	NA	NA
962.2814	NA	NA
962.2861	NA	NA
962.2923	NA	NA
962.9284	NA	NA
962.9327	NA	NA
962.9369	NA	NA
962.9421	NA	NA
962.9470	NA	NA
962.9524	NA	NA
963.2669	NA	NA
963.2713	NA	NA
963.2756	NA	NA
963.2807	NA	NA
963.2876	NA	NA
965.4729	NA	NA
965.4768	NA	NA
965.4811	NA	NA
965.4858	NA	NA
965.4919	NA	NA
965.4991	NA	NA
966.0509	NA	NA
966.0551	NA	NA
966.0595	NA	NA
966.0653	NA	NA
966.0709	NA	NA
966.0822	NA	NA
966.0895	NA	NA
966.2859	NA	NA
966.2903	NA	NA
966.2950	NA	NA
966.3005	NA	NA
966.3070	NA	NA
966.8934	NA	NA
966.8975	NA	NA
966.9025	NA	NA
966.9063	NA	NA
966.9119	NA	NA
966.9180	NA	NA
967.9886	NA	NA
967.9930	NA	NA
967.9971	NA	NA
968.0019	NA	NA
968.0091	NA	NA
968.2988	NA	NA
968.3028	NA	NA
968.3068	NA	NA
968.3118	NA	NA
968.3168	NA	NA
968.3216	NA	NA
968.3357	NA	NA
968.8700	NA	NA
968.8747	NA	NA
968.8789	NA	NA
968.8832	NA	NA
968.8896	NA	NA
969.5014	NA	NA
969.5054	NA	NA
969.5096	NA	NA
969.5144	NA	NA
969.5191	NA	NA
969.5273	NA	NA
969.5349	NA	NA
969.8552	NA	NA
969.8598	NA	NA
969.8638	NA	NA
969.8678	NA	NA
969.8736	NA	NA
969.8800	NA	NA
971.2924	NA	NA
971.2966	NA	NA
971.3014	NA	NA
971.3060	NA	NA
971.3128	NA	NA
971.3268	NA	NA
971.8820	NA	NA
971.8860	NA	NA
971.8904	NA	NA
971.8955	NA	NA
971.9024	NA	NA
971.9086	NA	NA
972.7828	NA	NA
972.7870	NA	NA
972.7914	NA	NA
972.7962	NA	NA
972.8009	NA	NA
972.8114	NA	NA
973.1246	NA	NA
973.1288	NA	NA
973.1326	NA	NA
973.1368	NA	NA
973.1418	NA	NA
973.1476	NA	NA
973.1564	NA	NA
974.3973	NA	NA
974.4017	NA	NA
974.4060	NA	NA
974.4110	NA	NA
974.4164	NA	NA
974.4248	NA	NA
977.3170	NA	NA
977.3210	NA	NA
977.3251	NA	NA
977.3294	NA	NA
977.3347	NA	NA
977.3419	NA	NA
977.3577	NA	NA
977.3642	NA	NA
978.0578	NA	NA
978.0620	NA	NA
978.0663	NA	NA
978.0710	NA	NA
978.0768	NA	NA
978.0840	NA	NA
981.3098	NA	NA
981.3144	NA	NA
981.3190	NA	NA
981.3249	NA	NA
981.3298	NA	NA
981.3373	NA	NA
983.1229	NA	NA
983.1270	NA	NA
983.1314	NA	NA
983.1359	NA	NA
983.1407	NA	NA
983.1491	NA	NA
983.1571	NA	NA
984.6114	NA	NA
984.6154	NA	NA
984.6198	NA	NA
984.6245	NA	NA
984.6322	NA	NA
985.1288	NA	NA
985.1328	NA	NA
985.1370	NA	NA
985.1414	NA	NA
985.1463	NA	NA
985.1530	NA	NA
986.1877	NA	NA
986.1919	NA	NA
986.1962	NA	NA
986.2007	NA	NA
986.2063	NA	NA
986.2126	NA	NA
987.6310	NA	NA
987.6355	NA	NA
987.6392	NA	NA
987.6448	NA	NA
987.6515	NA	NA
987.6583	NA	NA
990.7519	NA	NA
990.7567	NA	NA
990.7611	NA	NA
990.7662	NA	NA
990.7744	NA	NA
991.7950	NA	NA
991.7999	NA	NA
991.8056	NA	NA
991.8112	NA	NA
991.8211	NA	NA
993.0687	NA	NA
993.0732	NA	NA
993.0776	NA	NA
993.0823	NA	NA
993.0873	NA	NA
993.0943	NA	NA
993.1038	NA	NA
993.6129	NA	NA
993.6170	NA	NA
993.6220	NA	NA
993.6275	NA	NA
993.6345	NA	NA
1000.3706	NA	NA
1000.3754	NA	NA
1000.3800	NA	NA
1000.3862	NA	NA
1000.3925	NA	NA
1000.4036	NA	NA
1001.9122	NA	NA
1001.9174	NA	NA
1001.9223	NA	NA
1001.9271	NA	NA
1001.9321	NA	NA
1004.3995	NA	NA
1004.4043	NA	NA
1004.4088	NA	NA
1004.4136	NA	NA
1004.4191	NA	NA
1004.4257	NA	NA
1009.4182	NA	NA
1009.4234	NA	NA
1009.4275	NA	NA
1009.4340	NA	NA
1009.4415	NA	NA
1009.4502	NA	NA
1014.7156	NA	NA
1014.7200	NA	NA
1014.7249	NA	NA
1014.7298	NA	NA
1014.7352	NA	NA
1014.7416	NA	NA
1015.3053	NA	NA
1015.3094	NA	NA
1015.3139	NA	NA
1015.3187	NA	NA
1015.3249	NA	NA
1016.6631	NA	NA
1016.6679	NA	NA
1016.6723	NA	NA
1016.6776	NA	NA
1016.6844	NA	NA
1016.6932	NA	NA
1017.6776	NA	NA
1017.6822	NA	NA
1017.6860	NA	NA
1017.6908	NA	NA
1017.6963	NA	NA
1017.7043	NA	NA
1017.7126	NA	NA
1019.5452	NA	NA
1019.5496	NA	NA
1019.5540	NA	NA
1019.5587	NA	NA
1019.5644	NA	NA
1019.9522	NA	NA
1019.9570	NA	NA
1019.9618	NA	NA
1019.9667	NA	NA
1019.9743	NA	NA
1021.6725	NA	NA
1021.6764	NA	NA
1021.6806	NA	NA
1021.6856	NA	NA
1021.6903	NA	NA
1021.6967	NA	NA
1021.7034	NA	NA
1025.4467	NA	NA
1025.4514	NA	NA
1025.4559	NA	NA
1025.4608	NA	NA
1025.4666	NA	NA
1026.9697	NA	NA
1026.9747	NA	NA
1026.9788	NA	NA
1026.9851	NA	NA
1026.9917	NA	NA
1026.9994	NA	NA
1028.6808	NA	NA
1028.6846	NA	NA
1028.6884	NA	NA
1028.6925	NA	NA
1028.6975	NA	NA
1028.7032	NA	NA
1028.7100	NA	NA
1028.7178	NA	NA
1029.1204	NA	NA
1029.1246	NA	NA
1029.1287	NA	NA
1029.1332	NA	NA
1029.1392	NA	NA
1029.1469	NA	NA
1031.8907	NA	NA
1031.8955	NA	NA
1031.9005	NA	NA
1031.9058	NA	NA
1031.9122	NA	NA
1031.9175	NA	NA
1033.8739	NA	NA
1033.8780	NA	NA
1033.8820	NA	NA
1033.8863	NA	NA
1033.8904	NA	NA
1033.8952	NA	NA
1033.9033	NA	NA
1035.7153	NA	NA
1035.7196	NA	NA
1035.7243	NA	NA
1035.7293	NA	NA
1035.7343	NA	NA
1035.7409	NA	NA
1035.7563	NA	NA
1035.7704	NA	NA
1044.1866	NA	NA
1044.1906	NA	NA
1044.1955	NA	NA
1044.2002	NA	NA
1044.2057	NA	NA
1044.2129	NA	NA
1046.4015	NA	NA
1046.4060	NA	NA
1046.4102	NA	NA
1046.4149	NA	NA
1046.4198	NA	NA
1046.4285	NA	NA
1048.2683	NA	NA
1048.2731	NA	NA
1048.2773	NA	NA
1048.2818	NA	NA
1048.2887	NA	NA
1048.2971	NA	NA
1048.3068	NA	NA
1050.5749	NA	NA
1050.5801	NA	NA
1050.5849	NA	NA
1050.5901	NA	NA
1050.5961	NA	NA
1054.3111	NA	NA
1054.3154	NA	NA
1054.3196	NA	NA
1054.3243	NA	NA
1054.3297	NA	NA
1054.3401	NA	NA
1054.3466	NA	NA
1056.8928	NA	NA
1056.8973	NA	NA
1056.9016	NA	NA
1056.9060	NA	NA
1056.9114	NA	NA
1056.9164	NA	NA
1057.9051	NA	NA
1057.9094	NA	NA
1057.9131	NA	NA
1057.9173	NA	NA
1057.9223	NA	NA
1057.9379	NA	NA
1057.9466	NA	NA
1059.0900	NA	NA
1059.0943	NA	NA
1059.0989	NA	NA
1059.1031	NA	NA
1059.1081	NA	NA
1059.1144	NA	NA
1060.1095	NA	NA
1060.1145	NA	NA
1060.1189	NA	NA
1060.1244	NA	NA
1060.1310	NA	NA
1060.1386	NA	NA
1060.9583	NA	NA
1060.9625	NA	NA
1060.9667	NA	NA
1060.9707	NA	NA
1060.9764	NA	NA
1060.9825	NA	NA
1062.4859	NA	NA
1062.4898	NA	NA
1062.4943	NA	NA
1062.4993	NA	NA
1062.5044	NA	NA
1062.5130	NA	NA
1076.6777	NA	NA
1076.6824	NA	NA
1076.6871	NA	NA
1076.6918	NA	NA
1076.6986	NA	NA
1077.9015	NA	NA
1077.9062	NA	NA
1077.9105	NA	NA
1077.9155	NA	NA
1077.9234	NA	NA
1080.7429	NA	NA
1080.7477	NA	NA
1080.7526	NA	NA
1080.7576	NA	NA
1080.7633	NA	NA
1080.7707	NA	NA
1081.2025	NA	NA
1081.2071	NA	NA
1081.2112	NA	NA
1081.2165	NA	NA
1081.2221	NA	NA
1081.2280	NA	NA
1082.9937	NA	NA
1082.9980	NA	NA
1083.0020	NA	NA
1083.0065	NA	NA
1083.0121	NA	NA
1084.5723	NA	NA
1084.5771	NA	NA
1084.5822	NA	NA
1084.5871	NA	NA
1084.5956	NA	NA
1089.2858	NA	NA
1089.2905	NA	NA
1089.2942	NA	NA
1089.3002	NA	NA
1089.3050	NA	NA
1089.3106	NA	NA
1094.5746	NA	NA
1094.5798	NA	NA
1094.5846	NA	NA
1094.5901	NA	NA
1094.5955	NA	NA
1094.6019	NA	NA
1094.6126	NA	NA
1097.8073	NA	NA
1097.8131	NA	NA
1097.8184	NA	NA
1097.8228	NA	NA
1097.8286	NA	NA
1101.8820	NA	NA
1101.8871	NA	NA
1101.8916	NA	NA
1101.8965	NA	NA
1101.9013	NA	NA
1101.9103	NA	NA
1102.8007	NA	NA
1102.8052	NA	NA
1102.8094	NA	NA
1102.8138	NA	NA
1102.8186	NA	NA
1102.8260	NA	NA
1103.9108	NA	NA
1103.9152	NA	NA
1103.9196	NA	NA
1103.9246	NA	NA
1103.9303	NA	NA
1103.9426	NA	NA
1104.3449	NA	NA
1104.3498	NA	NA
1104.3545	NA	NA
1104.3592	NA	NA
1104.3650	NA	NA
1104.3735	NA	NA
1108.4129	NA	NA
1108.4173	NA	NA
1108.4213	NA	NA
1108.4270	NA	NA
1108.4325	NA	NA
1108.4403	NA	NA
1108.4463	NA	NA
1108.8637	NA	NA
1108.8678	NA	NA
1108.8724	NA	NA
1108.8773	NA	NA
1108.8828	NA	NA
1108.8897	NA	NA
1109.9792	NA	NA
1109.9835	NA	NA
1109.9875	NA	NA
1109.9925	NA	NA
1109.9981	NA	NA
1110.0056	NA	NA
1110.0162	NA	NA
1110.5491	NA	NA
1110.5531	NA	NA
1110.5575	NA	NA
1110.5625	NA	NA
1110.5694	NA	NA
1110.5784	NA	NA
1111.7472	NA	NA
1111.7518	NA	NA
1111.7567	NA	NA
1111.7614	NA	NA
1111.7691	NA	NA
1111.7750	NA	NA
1112.3414	NA	NA
1112.3460	NA	NA
1112.3514	NA	NA
1112.3565	NA	NA
1112.3641	NA	NA
1112.3732	NA	NA
1113.0215	NA	NA
1113.0258	NA	NA
1113.0302	NA	NA
1113.0352	NA	NA
1113.0403	NA	NA
1113.0473	NA	NA
1114.5469	NA	NA
1114.5514	NA	NA
1114.5558	NA	NA
1114.5609	NA	NA
1114.5662	NA	NA
1114.5784	NA	NA
1114.5863	NA	NA
1115.1946	NA	NA
1115.1988	NA	NA
1115.2031	NA	NA
1115.2076	NA	NA
1115.2133	NA	NA
1115.2197	NA	NA
1115.2346	NA	NA
1115.8768	NA	NA
1115.8810	NA	NA
1115.8855	NA	NA
1115.8898	NA	NA
1115.8947	NA	NA
1115.9014	NA	NA
1120.1603	NA	NA
1120.1652	NA	NA
1120.1698	NA	NA
1120.1749	NA	NA
1120.1823	NA	NA
1120.1919	NA	NA
1126.8800	NA	NA
1126.8848	NA	NA
1126.8894	NA	NA
1126.8941	NA	NA
1126.8997	NA	NA
1126.9065	NA	NA
1126.9168	NA	NA
1135.7481	NA	NA
1135.7525	NA	NA
1135.7570	NA	NA
1135.7623	NA	NA
1135.7680	NA	NA
1135.7748	NA	NA
1137.7022	NA	NA
1137.7068	NA	NA
1137.7111	NA	NA
1137.7164	NA	NA
1137.7218	NA	NA
1137.7325	NA	NA
1138.1409	NA	NA
1138.1451	NA	NA
1138.1495	NA	NA
1138.1545	NA	NA
1138.1595	NA	NA
1138.1664	NA	NA
1138.1728	NA	NA
1139.0800	NA	NA
1139.0845	NA	NA
1139.0888	NA	NA
1139.0939	NA	NA
1139.0988	NA	NA
1139.1057	NA	NA
1140.4354	NA	NA
1140.4403	NA	NA
1140.4447	NA	NA
1140.4495	NA	NA
1140.4547	NA	NA
1141.1237	NA	NA
1141.1334	NA	NA
1141.2359	NA	NA
1141.2399	NA	NA
1141.2438	NA	NA
1141.2479	NA	NA
1141.2532	NA	NA
1141.2597	NA	NA
1143.4989	NA	NA
1143.5040	NA	NA
1143.5091	NA	NA
1143.5139	NA	NA
1143.5193	NA	NA
1143.5264	NA	NA
1146.6259	NA	NA
1146.6302	NA	NA
1146.6342	NA	NA
1146.6391	NA	NA
1146.6449	NA	NA
1146.6503	NA	NA
1152.2325	NA	NA
1152.2370	NA	NA
1152.2413	NA	NA
1152.2460	NA	NA
1152.2513	NA	NA
1152.2591	NA	NA
1152.2706	NA	NA
1153.1286	NA	NA
1153.1333	NA	NA
1153.1376	NA	NA
1153.1421	NA	NA
1153.1475	NA	NA
1153.1610	NA	NA
1154.1559	NA	NA
1154.1596	NA	NA
1154.1636	NA	NA
1154.1682	NA	NA
1154.1734	NA	NA
1158.8958	NA	NA
1158.9002	NA	NA
1158.9048	NA	NA
1158.9097	NA	NA
1158.9145	NA	NA
1158.9205	NA	NA
1159.9492	NA	NA
1159.9536	NA	NA
1159.9581	NA	NA
1159.9628	NA	NA
1159.9678	NA	NA
1159.9747	NA	NA
1159.9810	NA	NA
1159.9907	NA	NA
1160.6884	NA	NA
1160.6927	NA	NA
1160.6972	NA	NA
1160.7030	NA	NA
1160.7098	NA	NA
1160.7220	NA	NA
1162.1583	NA	NA
1162.1651	NA	NA
1162.1726	NA	NA
1162.1806	NA	NA
1162.1888	NA	NA
1162.2025	NA	NA
1165.3331	NA	NA
1165.3374	NA	NA
1165.3416	NA	NA
1165.3464	NA	NA
1165.3516	NA	NA
1165.3580	NA	NA
1169.3156	NA	NA
1169.3247	NA	NA
1169.3297	NA	NA
1169.3349	NA	NA
1169.3445	NA	NA
1169.3524	NA	NA
1169.3628	NA	NA
1169.3662	NA	NA
1169.3730	NA	NA
1173.7832	NA	NA
1173.7878	NA	NA
1173.7925	NA	NA
1173.7973	NA	NA
1173.8034	NA	NA
1174.0012	NA	NA
1174.0081	NA	NA
1174.0133	NA	NA
1174.0195	NA	NA
1174.0331	NA	NA
1175.4492	NA	NA
1175.4563	NA	NA
1175.4721	NA	NA
1175.4875	NA	NA
1175.4980	NA	NA
1177.0153	NA	NA
1177.0199	NA	NA
1177.0247	NA	NA
1177.0296	NA	NA
1177.0356	NA	NA
1177.0409	NA	NA
1181.5918	NA	NA
1181.5958	NA	NA
1181.5998	NA	NA
1181.6040	NA	NA
1181.6095	NA	NA
1181.6149	NA	NA
1181.6203	NA	NA
1181.6303	NA	NA
1182.5797	NA	NA
1182.5875	NA	NA
1182.5919	NA	NA
1182.5966	NA	NA
1182.6027	NA	NA
1182.6131	NA	NA
1184.0669	NA	NA
1184.0712	NA	NA
1184.0753	NA	NA
1184.0802	NA	NA
1184.0855	NA	NA
1184.0909	NA	NA
1184.1009	NA	NA
1187.2635	NA	NA
1187.2681	NA	NA
1187.2725	NA	NA
1187.2769	NA	NA
1187.2817	NA	NA
1187.2895	NA	NA
1190.5580	NA	NA
1190.5617	NA	NA
1190.5661	NA	NA
1190.5703	NA	NA
1190.5772	NA	NA
1190.5834	NA	NA
1190.5974	NA	NA
1191.3652	NA	NA
1191.3692	NA	NA
1191.3735	NA	NA
1191.3780	NA	NA
1191.3826	NA	NA
1191.3889	NA	NA
1193.7172	NA	NA
1193.7214	NA	NA
1193.7257	NA	NA
1193.7308	NA	NA
1193.7351	NA	NA
1193.7402	NA	NA
1197.7296	NA	NA
1197.7340	NA	NA
1197.7392	NA	NA
1197.7441	NA	NA
1197.7508	NA	NA
1197.7612	NA	NA
1197.7700	NA	NA
1198.9690	NA	NA
1198.9742	NA	NA
1198.9789	NA	NA
1198.9842	NA	NA
1198.9907	NA	NA
1201.5333	NA	NA
1201.5377	NA	NA
1201.5421	NA	NA
1201.5467	NA	NA
1201.5534	NA	NA
1203.9448	NA	NA
1203.9492	NA	NA
1203.9534	NA	NA
1203.9585	NA	NA
1203.9640	NA	NA
1203.9752	NA	NA
1204.3482	NA	NA
1204.3536	NA	NA
1204.3584	NA	NA
1204.3632	NA	NA
1204.3696	NA	NA
1208.4578	NA	NA
1208.4620	NA	NA
1208.4665	NA	NA
1208.4716	NA	NA
1208.4766	NA	NA
1208.4823	NA	NA
1208.4898	NA	NA
1209.3733	NA	NA
1209.3779	NA	NA
1209.3821	NA	NA
1209.3869	NA	NA
1209.3927	NA	NA
1209.3980	NA	NA
1210.1339	NA	NA
1210.1388	NA	NA
1210.1429	NA	NA
1210.1482	NA	NA
1210.1547	NA	NA
1210.1623	NA	NA
1211.3729	NA	NA
1211.3781	NA	NA
1211.3823	NA	NA
1211.3872	NA	NA
1211.3919	NA	NA
1211.4010	NA	NA
1214.6898	NA	NA
1214.6941	NA	NA
1214.6982	NA	NA
1214.7034	NA	NA
1214.7094	NA	NA
1214.7155	NA	NA
1216.1528	NA	NA
1216.1581	NA	NA
1216.1628	NA	NA
1216.1673	NA	NA
1216.1726	NA	NA
1216.1784	NA	NA
1222.7160	NA	NA
1222.7234	NA	NA
1222.7312	NA	NA
1222.7471	NA	NA
1222.7549	NA	NA
1222.7662	NA	NA
1222.7766	NA	NA
1222.7857	NA	NA
1224.4538	NA	NA
1224.4634	NA	NA
1224.4685	NA	NA
1224.4749	NA	NA
1224.4854	NA	NA
1224.4933	NA	NA
1224.5026	NA	NA
1224.5148	NA	NA
1227.8399	NA	NA
1227.8447	NA	NA
1227.8498	NA	NA
1227.8547	NA	NA
1227.8606	NA	NA
1227.8670	NA	NA
1228.7537	NA	NA
1228.7590	NA	NA
1228.7634	NA	NA
1228.7685	NA	NA
1228.7739	NA	NA
1228.7825	NA	NA
1230.1494	NA	NA
1230.1540	NA	NA
1230.1586	NA	NA
1230.1637	NA	NA
1230.1693	NA	NA
1230.1749	NA	NA
1230.1830	NA	NA
1231.2346	NA	NA
1231.2394	NA	NA
1231.2439	NA	NA
1231.2487	NA	NA
1231.2553	NA	NA
1231.2628	NA	NA
1233.0411	NA	NA
1233.0501	NA	NA
1233.0543	NA	NA
1233.0598	NA	NA
1233.0669	NA	NA
1233.3896	NA	NA
1233.3943	NA	NA
1233.3987	NA	NA
1233.4048	NA	NA
1233.4100	NA	NA
1233.4195	NA	NA
1238.3880	NA	NA
1238.3927	NA	NA
1238.3975	NA	NA
1238.4019	NA	NA
1238.4072	NA	NA
1238.4135	NA	NA
1238.4232	NA	NA
1238.4296	NA	NA
1239.9991	NA	NA
1240.0039	NA	NA
1240.0085	NA	NA
1240.0129	NA	NA
1240.0188	NA	NA
1240.0249	NA	NA
1240.9182	NA	NA
1240.9231	NA	NA
1240.9277	NA	NA
1240.9328	NA	NA
1240.9379	NA	NA
1240.9462	NA	NA
1240.9537	NA	NA
1241.7753	NA	NA
1241.7795	NA	NA
1241.7839	NA	NA
1241.7887	NA	NA
1241.7960	NA	NA
1244.7746	NA	NA
1244.7791	NA	NA
1244.7837	NA	NA
1244.7883	NA	NA
1244.7931	NA	NA
1244.8005	NA	NA
1244.8067	NA	NA
1245.2885	NA	NA
1245.2953	NA	NA
1245.3037	NA	NA
1245.3116	NA	NA
1245.3211	NA	NA
1246.3405	NA	NA
1246.3449	NA	NA
1246.3490	NA	NA
1246.3541	NA	NA
1246.3590	NA	NA
1246.3653	NA	NA
1246.3715	NA	NA
1248.3646	NA	NA
1248.3688	NA	NA
1248.3731	NA	NA
1248.3772	NA	NA
1248.3818	NA	NA
1248.3878	NA	NA
1248.3949	NA	NA
1248.8514	NA	NA
1248.8559	NA	NA
1248.8603	NA	NA
1248.8650	NA	NA
1248.8701	NA	NA
1248.8757	NA	NA
1251.3974	NA	NA
1251.4044	NA	NA
1251.4112	NA	NA
1251.4186	NA	NA
1251.4256	NA	NA
1251.4325	NA	NA
1251.4432	NA	NA
1251.4504	NA	NA
1251.4598	NA	NA
1251.4713	NA	NA
1251.9787	NA	NA
1251.9846	NA	NA
1251.9893	NA	NA
1251.9949	NA	NA
1252.0006	NA	NA
1252.0070	NA	NA
1259.2516	NA	NA
1259.2559	NA	NA
1259.2605	NA	NA
1259.2654	NA	NA
1259.2716	NA	NA
1259.2860	NA	NA
1259.4640	NA	NA
1259.4714	NA	NA
1259.4803	NA	NA
1259.4873	NA	NA
1259.4952	NA	NA
1259.5081	NA	NA
1261.4097	NA	NA
1261.4148	NA	NA
1261.4190	NA	NA
1261.4234	NA	NA
1261.4292	NA	NA
1261.4359	NA	NA
1261.4429	NA	NA
1265.2272	NA	NA
1265.2338	NA	NA
1265.2398	NA	NA
1265.2463	NA	NA
1265.2534	NA	NA
1265.2594	NA	NA
1265.2687	NA	NA
1265.2852	NA	NA
1268.8603	NA	NA
1268.8648	NA	NA
1268.8693	NA	NA
1268.8742	NA	NA
1268.8792	NA	NA
1268.8854	NA	NA
1268.8947	NA	NA
1276.1895	NA	NA
1276.1965	NA	NA
1276.2027	NA	NA
1276.2093	NA	NA
1276.2164	NA	NA
1276.2251	NA	NA
1276.2350	NA	NA
1276.2497	NA	NA
1276.8672	NA	NA
1276.8723	NA	NA
1276.8772	NA	NA
1276.8824	NA	NA
1276.8894	NA	NA
1276.8953	NA	NA
1279.3011	NA	NA
1279.3060	NA	NA
1279.3107	NA	NA
1279.3151	NA	NA
1279.3207	NA	NA
1279.3273	NA	NA
1279.3363	NA	NA
1279.9394	NA	NA
1279.9440	NA	NA
1279.9486	NA	NA
1279.9529	NA	NA
1279.9581	NA	NA
1279.9668	NA	NA
1279.9738	NA	NA
1281.7561	NA	NA
1281.7607	NA	NA
1281.7650	NA	NA
1281.7701	NA	NA
1281.7754	NA	NA
1281.7826	NA	NA
1281.7888	NA	NA
1282.8234	NA	NA
1282.8310	NA	NA
1282.8379	NA	NA
1282.8440	NA	NA
1282.8501	NA	NA
1282.8576	NA	NA
1282.8652	NA	NA
1282.8786	NA	NA
1284.2509	NA	NA
1284.2553	NA	NA
1284.2598	NA	NA
1284.2640	NA	NA
1284.2690	NA	NA
1284.2763	NA	NA
1286.4859	NA	NA
1286.4935	NA	NA
1286.5001	NA	NA
1286.5074	NA	NA
1286.5151	NA	NA
1286.5226	NA	NA
1286.5302	NA	NA
1286.5389	NA	NA
1286.5489	NA	NA
1289.8651	NA	NA
1289.8718	NA	NA
1289.8783	NA	NA
1289.8856	NA	NA
1289.8938	NA	NA
1289.9010	NA	NA
1289.9128	NA	NA
1301.3153	NA	NA
1301.3198	NA	NA
1301.3245	NA	NA
1301.3294	NA	NA
1301.3345	NA	NA
1301.3410	NA	NA
1301.6203	NA	NA
1301.6253	NA	NA
1301.6297	NA	NA
1301.6353	NA	NA
1301.6410	NA	NA
1301.6494	NA	NA
1304.6848	NA	NA
1304.6890	NA	NA
1304.6935	NA	NA
1304.6984	NA	NA
1304.7040	NA	NA
1304.7118	NA	NA
1306.0863	NA	NA
1306.0916	NA	NA
1306.0959	NA	NA
1306.1011	NA	NA
1306.1073	NA	NA
1306.1414	NA	NA
1306.1473	NA	NA
1306.1549	NA	NA
1306.1619	NA	NA
1306.1698	NA	NA
1306.1777	NA	NA
1308.3482	NA	NA
1308.3566	NA	NA
1308.3631	NA	NA
1308.3720	NA	NA
1308.3819	NA	NA
1308.3962	NA	NA
1308.4077	NA	NA
1308.9436	NA	NA
1308.9481	NA	NA
1308.9526	NA	NA
1308.9571	NA	NA
1308.9614	NA	NA
1308.9675	NA	NA
1308.9759	NA	NA
1308.9838	NA	NA
1310.2914	NA	NA
1310.2962	NA	NA
1310.3007	NA	NA
1310.3054	NA	NA
1310.3105	NA	NA
1310.3187	NA	NA
1310.3248	NA	NA
1310.3332	NA	NA
1312.1650	NA	NA
1312.1693	NA	NA
1312.1738	NA	NA
1312.1778	NA	NA
1312.1831	NA	NA
1312.1887	NA	NA
1312.1955	NA	NA
1315.5609	NA	NA
1315.5651	NA	NA
1315.5687	NA	NA
1315.5728	NA	NA
1315.5776	NA	NA
1315.5842	NA	NA
1315.5921	NA	NA
1316.8701	NA	NA
1316.8775	NA	NA
1316.8848	NA	NA
1316.8919	NA	NA
1316.8985	NA	NA
1316.9062	NA	NA
1316.9180	NA	NA
1316.9423	NA	NA
1316.9501	NA	NA
1319.6412	NA	NA
1319.6533	NA	NA
1319.6724	NA	NA
1319.6853	NA	NA
1321.2258	NA	NA
1321.2305	NA	NA
1321.2349	NA	NA
1321.2393	NA	NA
1321.2449	NA	NA
1321.2511	NA	NA
1325.6076	NA	NA
1325.6137	NA	NA
1325.6211	NA	NA
1325.6280	NA	NA
1325.6337	NA	NA
1325.6402	NA	NA
1325.6476	NA	NA
1325.6568	NA	NA
1325.6648	NA	NA
1325.6810	NA	NA
1326.8297	NA	NA
1326.8385	NA	NA
1326.8461	NA	NA
1326.8547	NA	NA
1326.8677	NA	NA
1330.6924	NA	NA
1330.6986	NA	NA
1330.7032	NA	NA
1330.7088	NA	NA
1330.7145	NA	NA
1330.7212	NA	NA
1331.5764	NA	NA
1331.5847	NA	NA
1331.5917	NA	NA
1331.5997	NA	NA
1331.6102	NA	NA
1333.5075	NA	NA
1333.5141	NA	NA
1333.5206	NA	NA
1333.5277	NA	NA
1333.5350	NA	NA
1333.5440	NA	NA
1333.5526	NA	NA
1336.3578	NA	NA
1336.3648	NA	NA
1336.3712	NA	NA
1336.3794	NA	NA
1336.3864	NA	NA
1336.3928	NA	NA
1336.4006	NA	NA
1336.4083	NA	NA
1336.4181	NA	NA
1336.7151	NA	NA
1336.7195	NA	NA
1336.7242	NA	NA
1336.7302	NA	NA
1336.7369	NA	NA
1338.6842	NA	NA
1338.6889	NA	NA
1338.6933	NA	NA
1338.6978	NA	NA
1338.7025	NA	NA
1338.7098	NA	NA
1338.7168	NA	NA
1339.6195	NA	NA
1339.6270	NA	NA
1339.6330	NA	NA
1339.6400	NA	NA
1339.6487	NA	NA
1339.6619	NA	NA
1344.2794	NA	NA
1344.2836	NA	NA
1344.2881	NA	NA
1344.2930	NA	NA
1344.2982	NA	NA
1344.3053	NA	NA
1344.3163	NA	NA
1345.3819	NA	NA
1345.3868	NA	NA
1345.3914	NA	NA
1345.3964	NA	NA
1345.4013	NA	NA
1345.4093	NA	NA
1345.8091	NA	NA
1345.8153	NA	NA
1345.8211	NA	NA
1345.8276	NA	NA
1345.8341	NA	NA
1345.8414	NA	NA
1345.8493	NA	NA
1345.8605	NA	NA
1345.8712	NA	NA
1345.8829	NA	NA
1350.8209	NA	NA
1350.8255	NA	NA
1350.8308	NA	NA
1350.8365	NA	NA
1350.8430	NA	NA
1350.8531	NA	NA
1350.8605	NA	NA
1350.8692	NA	NA
1353.1994	NA	NA
1353.2040	NA	NA
1353.2080	NA	NA
1353.2127	NA	NA
1353.2179	NA	NA
1353.2242	NA	NA
1353.2369	NA	NA
1353.2470	NA	NA
1354.8176	NA	NA
1354.8219	NA	NA
1354.8261	NA	NA
1354.8315	NA	NA
1354.8379	NA	NA
1354.8463	NA	NA
1359.6732	NA	NA
1359.6779	NA	NA
1359.6823	NA	NA
1359.6868	NA	NA
1359.6923	NA	NA
1359.6990	NA	NA
1359.7097	NA	NA
1363.2349	NA	NA
1363.2421	NA	NA
1363.2496	NA	NA
1363.2579	NA	NA
1363.2651	NA	NA
1363.2727	NA	NA
1363.2814	NA	NA
1363.2925	NA	NA
1368.4097	NA	NA
1368.4149	NA	NA
1368.4191	NA	NA
1368.4243	NA	NA
1368.4306	NA	NA
1368.4372	NA	NA
1368.4440	NA	NA
1370.0302	NA	NA
1370.0341	NA	NA
1370.0379	NA	NA
1370.0424	NA	NA
1370.0475	NA	NA
1370.0525	NA	NA
1370.0601	NA	NA
1374.9139	NA	NA
1374.9183	NA	NA
1374.9228	NA	NA
1374.9274	NA	NA
1374.9330	NA	NA
1374.9385	NA	NA
1374.9487	NA	NA
1375.6674	NA	NA
1375.6718	NA	NA
1375.6758	NA	NA
1375.6802	NA	NA
1375.6855	NA	NA
1375.6919	NA	NA
1375.7002	NA	NA
1383.4434	NA	NA
1383.4481	NA	NA
1383.4522	NA	NA
1383.4569	NA	NA
1383.4617	NA	NA
1383.4662	NA	NA
1383.4735	NA	NA
1383.4818	NA	NA
1384.2970	NA	NA
1384.3044	NA	NA
1384.3118	NA	NA
1384.3253	NA	NA
1386.7670	NA	NA
1386.7713	NA	NA
1386.7754	NA	NA
1386.7802	NA	NA
1386.7847	NA	NA
1386.7901	NA	NA
1386.8037	NA	NA
1386.8123	NA	NA
1387.7197	NA	NA
1387.7243	NA	NA
1387.7286	NA	NA
1387.7335	NA	NA
1387.7387	NA	NA
1387.7454	NA	NA
1387.7573	NA	NA
1389.2826	NA	NA
1389.2870	NA	NA
1389.2915	NA	NA
1389.2961	NA	NA
1389.3008	NA	NA
1389.3071	NA	NA
1389.3137	NA	NA
1390.7098	NA	NA
1390.7140	NA	NA
1390.7182	NA	NA
1390.7222	NA	NA
1390.7280	NA	NA
1390.7341	NA	NA
1390.7440	NA	NA
1397.9971	NA	NA
1398.0060	NA	NA
1398.0129	NA	NA
1398.0198	NA	NA
1398.0283	NA	NA
1398.0373	NA	NA
1398.0474	NA	NA
1398.4261	NA	NA
1398.4309	NA	NA
1398.4358	NA	NA
1398.4409	NA	NA
1398.4463	NA	NA
1398.4523	NA	NA
1398.4627	NA	NA
1400.2468	NA	NA
1400.2518	NA	NA
1400.2560	NA	NA
1400.2605	NA	NA
1400.2660	NA	NA
1400.2724	NA	NA
1400.6532	NA	NA
1400.6578	NA	NA
1400.6621	NA	NA
1400.6670	NA	NA
1400.6731	NA	NA
1400.6822	NA	NA
1406.8892	NA	NA
1406.8937	NA	NA
1406.8977	NA	NA
1406.9020	NA	NA
1406.9069	NA	NA
1406.9127	NA	NA
1406.9213	NA	NA
1418.9961	NA	NA
1419.0004	NA	NA
1419.0052	NA	NA
1419.0101	NA	NA
1419.0150	NA	NA
1419.0212	NA	NA
1419.0279	NA	NA
1419.0464	NA	NA
1421.6000	NA	NA
1421.6041	NA	NA
1421.6087	NA	NA
1421.6133	NA	NA
1421.6196	NA	NA
1421.6259	NA	NA
1421.6331	NA	NA
1422.7806	NA	NA
1422.7851	NA	NA
1422.7892	NA	NA
1422.7937	NA	NA
1422.7984	NA	NA
1422.8041	NA	NA
1422.8128	NA	NA
1427.1914	NA	NA
1427.1961	NA	NA
1427.2006	NA	NA
1427.2057	NA	NA
1427.2114	NA	NA
1427.2168	NA	NA
1427.2286	NA	NA
1427.2370	NA	NA
1430.5035	NA	NA
1430.5094	NA	NA
1430.5153	NA	NA
1430.5215	NA	NA
1430.5287	NA	NA
1430.5360	NA	NA
1430.5442	NA	NA
1430.5526	NA	NA
1430.5662	NA	NA
1435.6041	NA	NA
1435.6115	NA	NA
1435.6212	NA	NA
1435.6371	NA	NA
1435.6415	NA	NA
1435.6457	NA	NA
1435.6500	NA	NA
1435.6555	NA	NA
1435.6624	NA	NA
1435.6725	NA	NA
1436.6189	NA	NA
1436.6237	NA	NA
1436.6285	NA	NA
1436.6334	NA	NA
1436.6387	NA	NA
1436.6490	NA	NA
1436.6569	NA	NA
1437.6968	NA	NA
1437.7012	NA	NA
1437.7061	NA	NA
1437.7116	NA	NA
1437.7174	NA	NA
1438.1296	NA	NA
1438.1365	NA	NA
1438.1435	NA	NA
1438.1502	NA	NA
1438.1572	NA	NA
1438.1663	NA	NA
1438.1777	NA	NA
1438.1907	NA	NA
1439.9709	NA	NA
1439.9753	NA	NA
1439.9803	NA	NA
1439.9852	NA	NA
1439.9916	NA	NA
1439.9998	NA	NA
1442.1595	NA	NA
1442.1645	NA	NA
1442.1686	NA	NA
1442.1736	NA	NA
1442.1799	NA	NA
1444.6351	NA	NA
1444.6398	NA	NA
1444.6447	NA	NA
1444.6503	NA	NA
1444.6559	NA	NA
1444.6684	NA	NA
1444.6766	NA	NA
1448.7792	NA	NA
1448.7842	NA	NA
1448.7895	NA	NA
1448.7957	NA	NA
1448.8018	NA	NA
1448.8125	NA	NA
1449.9720	NA	NA
1449.9764	NA	NA
1449.9809	NA	NA
1449.9862	NA	NA
1449.9914	NA	NA
1449.9984	NA	NA
1450.0093	NA	NA
1450.7730	NA	NA
1450.7777	NA	NA
1450.7820	NA	NA
1450.7880	NA	NA
1450.7941	NA	NA
1451.2946	NA	NA
1451.2989	NA	NA
1451.3031	NA	NA
1451.3084	NA	NA
1451.3140	NA	NA
1451.3203	NA	NA
1452.0286	NA	NA
1452.0330	NA	NA
1452.0375	NA	NA
1452.0423	NA	NA
1452.0477	NA	NA
1452.0541	NA	NA
1452.0621	NA	NA
1452.6662	NA	NA
1452.6713	NA	NA
1452.6757	NA	NA
1452.6806	NA	NA
1452.6869	NA	NA
1452.6943	NA	NA
1452.7070	NA	NA
1457.3967	NA	NA
1457.4025	NA	NA
1457.4046	NA	NA
1457.4110	NA	NA
1457.4177	NA	NA
1457.4212	NA	NA
1457.4272	NA	NA
1457.4339	NA	NA
1457.4459	NA	NA
1458.9240	NA	NA
1458.9280	NA	NA
1458.9323	NA	NA
1458.9371	NA	NA
1458.9417	NA	NA
1458.9479	NA	NA
1458.9543	NA	NA
1467.9746	NA	NA
1467.9827	NA	NA
1467.9903	NA	NA
1467.9969	NA	NA
1468.0039	NA	NA
1468.0133	NA	NA
1468.0232	NA	NA
1468.0332	NA	NA
1468.0515	NA	NA
1468.0612	NA	NA
1469.5141	NA	NA
1469.5208	NA	NA
1469.5274	NA	NA
1469.5344	NA	NA
1469.5425	NA	NA
1469.5495	NA	NA
1469.5583	NA	NA
1469.5655	NA	NA
1469.5740	NA	NA
1471.3175	NA	NA
1471.3218	NA	NA
1471.3261	NA	NA
1471.3305	NA	NA
1471.3355	NA	NA
1471.3429	NA	NA
1471.3516	NA	NA
1474.6101	NA	NA
1474.6164	NA	NA
1474.6225	NA	NA
1474.6294	NA	NA
1474.6369	NA	NA
1474.6439	NA	NA
1474.6517	NA	NA
1474.6613	NA	NA
1480.1748	NA	NA
1480.1817	NA	NA
1480.1888	NA	NA
1480.1955	NA	NA
1480.2031	NA	NA
1483.5712	NA	NA
1483.5755	NA	NA
1483.5804	NA	NA
1483.5857	NA	NA
1483.5923	NA	NA
1483.5985	NA	NA
1485.1414	NA	NA
1485.1480	NA	NA
1485.1553	NA	NA
1485.1627	NA	NA
1485.1741	NA	NA
1485.1901	NA	NA
1486.4730	NA	NA
1486.4783	NA	NA
1486.4833	NA	NA
1486.4882	NA	NA
1486.4934	NA	NA
1486.4986	NA	NA
1488.1543	NA	NA
1488.1585	NA	NA
1488.1637	NA	NA
1488.1694	NA	NA
1488.1756	NA	NA
1488.1832	NA	NA
1488.1895	NA	NA
1496.6069	NA	NA
1496.6131	NA	NA
1496.6199	NA	NA
1496.6264	NA	NA
1496.6349	NA	NA
1496.6433	NA	NA
1513.5472	NA	NA
1513.5581	NA	NA
1513.5658	NA	NA
1513.5750	NA	NA
1513.5849	NA	NA
1513.5934	NA	NA
1513.6154	NA	NA
1517.5890	NA	NA
1517.5952	NA	NA
1517.6015	NA	NA
1517.6072	NA	NA
1517.6140	NA	NA
1517.6204	NA	NA
1517.6277	NA	NA
1517.6376	NA	NA
1517.6474	NA	NA
1519.9737	NA	NA
1519.9786	NA	NA
1519.9840	NA	NA
1519.9897	NA	NA
1519.9967	NA	NA
1520.0036	NA	NA
1521.7099	NA	NA
1521.7143	NA	NA
1521.7183	NA	NA
1521.7230	NA	NA
1521.7281	NA	NA
1521.7338	NA	NA
1532.7712	NA	NA
1532.7763	NA	NA
1532.7804	NA	NA
1532.7851	NA	NA
1532.7906	NA	NA
1532.7983	NA	NA
1534.4736	NA	NA
1534.4780	NA	NA
1534.4824	NA	NA
1534.4870	NA	NA
1534.4918	NA	NA
1534.4983	NA	NA
1534.5060	NA	NA
1534.8339	NA	NA
1534.8400	NA	NA
1534.8461	NA	NA
1534.8521	NA	NA
1534.8585	NA	NA
1534.8647	NA	NA
1534.8716	NA	NA
1534.8796	NA	NA
1534.8875	NA	NA
1534.8960	NA	NA
1538.0192	NA	NA
1538.0236	NA	NA
1538.0280	NA	NA
1538.0328	NA	NA
1538.0376	NA	NA
1538.0441	NA	NA
1538.0516	NA	NA
1539.1703	NA	NA
1539.1750	NA	NA
1539.1791	NA	NA
1539.1842	NA	NA
1539.1894	NA	NA
1539.1951	NA	NA
1542.6185	NA	NA
1542.6232	NA	NA
1542.6273	NA	NA
1542.6321	NA	NA
1542.6378	NA	NA
1542.6446	NA	NA
1546.4923	NA	NA
1546.4965	NA	NA
1546.5012	NA	NA
1546.5057	NA	NA
1546.5107	NA	NA
1546.5176	NA	NA
1548.1496	NA	NA
1548.1578	NA	NA
1548.1649	NA	NA
1548.1726	NA	NA
1548.1797	NA	NA
1548.1876	NA	NA
1548.1963	NA	NA
1549.9011	NA	NA
1549.9059	NA	NA
1549.9110	NA	NA
1549.9164	NA	NA
1549.9231	NA	NA
1552.9207	NA	NA
1552.9279	NA	NA
1552.9381	NA	NA
1552.9468	NA	NA
1552.9596	NA	NA
1552.9711	NA	NA
1553.2885	NA	NA
1553.2972	NA	NA
1553.3068	NA	NA
1553.3160	NA	NA
1553.3252	NA	NA
1553.3412	NA	NA
1554.7373	NA	NA
1554.7419	NA	NA
1554.7466	NA	NA
1554.7519	NA	NA
1554.7569	NA	NA
1554.7630	NA	NA
1554.7745	NA	NA
1557.6468	NA	NA
1557.6526	NA	NA
1557.6604	NA	NA
1557.6690	NA	NA
1557.6798	NA	NA
1563.0841	NA	NA
1563.0889	NA	NA
1563.0933	NA	NA
1563.0980	NA	NA
1563.1035	NA	NA
1563.1103	NA	NA
1565.2835	NA	NA
1565.2882	NA	NA
1565.2926	NA	NA
1565.2978	NA	NA
1565.3032	NA	NA
1565.3111	NA	NA
1565.4383	NA	NA
1565.4455	NA	NA
1565.4528	NA	NA
1565.4602	NA	NA
1565.4684	NA	NA
1565.4794	NA	NA
1567.3696	NA	NA
1567.3775	NA	NA
1567.3863	NA	NA
1567.3962	NA	NA
1567.4050	NA	NA
1569.4656	NA	NA
1569.4749	NA	NA
1569.4858	NA	NA
1571.0832	NA	NA
1571.0876	NA	NA
1571.0922	NA	NA
1571.0973	NA	NA
1571.1025	NA	NA
1571.1098	NA	NA
1571.2460	NA	NA
1571.2533	NA	NA
1571.2650	NA	NA
1571.2780	NA	NA
1571.2863	NA	NA
1571.2950	NA	NA
1571.3062	NA	NA
1571.6159	NA	NA
1571.6216	NA	NA
1571.6272	NA	NA
1571.6323	NA	NA
1571.6414	NA	NA
1572.0567	NA	NA
1572.0614	NA	NA
1572.0661	NA	NA
1572.0707	NA	NA
1572.0775	NA	NA
1572.0842	NA	NA
1575.3115	NA	NA
1575.3160	NA	NA
1575.3202	NA	NA
1575.3254	NA	NA
1575.3318	NA	NA
1575.3378	NA	NA
1575.3447	NA	NA
1575.3550	NA	NA
1581.9770	NA	NA
1581.9846	NA	NA
1581.9914	NA	NA
1581.9980	NA	NA
1582.0050	NA	NA
1582.0139	NA	NA
1582.0228	NA	NA
1582.0320	NA	NA
1584.7770	NA	NA
1584.7839	NA	NA
1584.7909	NA	NA
1584.8001	NA	NA
1584.8104	NA	NA
1584.8198	NA	NA
1587.7468	NA	NA
1587.7510	NA	NA
1587.7554	NA	NA
1587.7602	NA	NA
1587.7653	NA	NA
1587.7714	NA	NA
1587.7791	NA	NA
1589.1006	NA	NA
1589.1049	NA	NA
1589.1097	NA	NA
1589.1148	NA	NA
1589.1197	NA	NA
1589.1259	NA	NA
1595.4071	NA	NA
1595.4118	NA	NA
1595.4160	NA	NA
1595.4208	NA	NA
1595.4260	NA	NA
1595.4320	NA	NA
1595.4422	NA	NA
1607.4695	NA	NA
1607.4742	NA	NA
1607.4792	NA	NA
1607.4846	NA	NA
1607.4901	NA	NA
1607.4972	NA	NA
1608.0160	NA	NA
1608.0209	NA	NA
1608.0256	NA	NA
1608.0314	NA	NA
1608.0391	NA	NA
1608.0468	NA	NA
1609.8044	NA	NA
1609.8105	NA	NA
1609.8165	NA	NA
1609.8235	NA	NA
1609.8312	NA	NA
1609.8397	NA	NA
1609.8467	NA	NA
1609.8597	NA	NA
1609.8696	NA	NA
1611.2152	NA	NA
1611.2240	NA	NA
1611.2328	NA	NA
1611.2414	NA	NA
1611.2491	NA	NA
1611.2624	NA	NA
1611.2723	NA	NA
1612.2886	NA	NA
1612.2931	NA	NA
1612.2980	NA	NA
1612.3036	NA	NA
1612.3088	NA	NA
1612.3155	NA	NA
1616.7360	NA	NA
1616.7411	NA	NA
1616.7459	NA	NA
1616.7502	NA	NA
1616.7550	NA	NA
1616.7607	NA	NA
1616.7684	NA	NA
1618.8291	NA	NA
1618.8336	NA	NA
1618.8387	NA	NA
1618.8437	NA	NA
1618.8484	NA	NA
1618.8538	NA	NA
1618.8618	NA	NA
1621.1811	NA	NA
1621.1859	NA	NA
1621.1900	NA	NA
1621.1961	NA	NA
1621.2012	NA	NA
1621.2072	NA	NA
1621.5933	NA	NA
1621.5979	NA	NA
1621.6021	NA	NA
1621.6065	NA	NA
1621.6114	NA	NA
1621.6182	NA	NA
1621.6262	NA	NA
1628.6246	NA	NA
1628.6288	NA	NA
1628.6328	NA	NA
1628.6372	NA	NA
1628.6465	NA	NA
1628.6537	NA	NA
1628.6638	NA	NA
1638.9143	NA	NA
1638.9189	NA	NA
1638.9237	NA	NA
1638.9285	NA	NA
1638.9334	NA	NA
1638.9390	NA	NA
1638.9447	NA	NA
1648.2318	NA	NA
1648.2383	NA	NA
1648.2449	NA	NA
1648.2523	NA	NA
1648.2603	NA	NA
1648.2691	NA	NA
1648.6674	NA	NA
1648.6745	NA	NA
1648.6824	NA	NA
1648.6901	NA	NA
1648.7003	NA	NA
1648.7114	NA	NA
1648.7248	NA	NA
1649.0362	NA	NA
1649.0416	NA	NA
1649.0460	NA	NA
1649.0515	NA	NA
1649.0576	NA	NA
1649.0645	NA	NA
1649.0768	NA	NA
1651.6498	NA	NA
1651.6543	NA	NA
1651.6587	NA	NA
1651.6633	NA	NA
1651.6683	NA	NA
1651.6745	NA	NA
1651.6819	NA	NA
1651.6967	NA	NA
1651.7031	NA	NA
1651.7100	NA	NA
1651.7183	NA	NA
1651.7268	NA	NA
1651.7347	NA	NA
1651.7442	NA	NA
1651.7622	NA	NA
1655.1641	NA	NA
1655.1713	NA	NA
1655.2059	NA	NA
1658.1633	NA	NA
1658.1698	NA	NA
1658.1764	NA	NA
1658.1839	NA	NA
1658.1910	NA	NA
1658.1975	NA	NA
1658.2152	NA	NA
1660.6862	NA	NA
1660.6951	NA	NA
1660.7065	NA	NA
1661.1902	NA	NA
1661.1968	NA	NA
1661.2042	NA	NA
1661.2119	NA	NA
1661.2200	NA	NA
1661.2283	NA	NA
1661.2394	NA	NA
1667.3861	NA	NA
1667.3922	NA	NA
1667.3983	NA	NA
1667.4059	NA	NA
1667.4130	NA	NA
1667.4206	NA	NA
1667.4278	NA	NA
1667.4376	NA	NA
1667.4485	NA	NA
1668.0228	NA	NA
1668.0276	NA	NA
1668.0324	NA	NA
1668.0373	NA	NA
1668.0423	NA	NA
1668.0498	NA	NA
1668.0613	NA	NA
1678.4894	NA	NA
1678.4942	NA	NA
1678.4980	NA	NA
1678.5026	NA	NA
1678.5073	NA	NA
1678.5132	NA	NA
1678.5207	NA	NA
1678.5304	NA	NA
1681.2616	NA	NA
1681.2657	NA	NA
1681.2701	NA	NA
1681.2754	NA	NA
1681.2809	NA	NA
1681.2870	NA	NA
1681.2994	NA	NA
1691.1023	NA	NA
1691.1075	NA	NA
1691.1126	NA	NA
1691.1175	NA	NA
1691.1226	NA	NA
1691.1305	NA	NA
1692.3189	NA	NA
1692.3327	NA	NA
1692.3434	NA	NA
1692.3530	NA	NA
1692.3648	NA	NA
1692.9939	NA	NA
1692.9983	NA	NA
1693.0030	NA	NA
1693.0092	NA	NA
1693.0140	NA	NA
1693.0184	NA	NA
1693.0306	NA	NA
1695.6887	NA	NA
1695.6935	NA	NA
1695.6980	NA	NA
1695.7028	NA	NA
1695.7077	NA	NA
1695.7140	NA	NA
1695.7253	NA	NA
1704.9710	NA	NA
1704.9777	NA	NA
1704.9852	NA	NA
1704.9923	NA	NA
1705.0005	NA	NA
1705.0085	NA	NA
1705.0169	NA	NA
1705.0249	NA	NA
1705.0352	NA	NA
1716.6759	NA	NA
1716.6803	NA	NA
1716.6851	NA	NA
1716.6897	NA	NA
1716.6952	NA	NA
1716.7014	NA	NA
1716.7092	NA	NA
1716.7180	NA	NA
1717.6465	NA	NA
1717.6520	NA	NA
1717.6564	NA	NA
1717.6626	NA	NA
1717.6681	NA	NA
1717.6742	NA	NA
1719.8659	NA	NA
1719.8734	NA	NA
1719.8827	NA	NA
1719.8899	NA	NA
1719.9019	NA	NA
1719.9112	NA	NA
1719.9314	NA	NA
1719.9436	NA	NA
1723.3236	NA	NA
1723.3281	NA	NA
1723.3326	NA	NA
1723.3381	NA	NA
1723.3430	NA	NA
1723.3483	NA	NA
1723.3540	NA	NA
1723.3618	NA	NA
1725.0383	NA	NA
1725.0453	NA	NA
1725.0527	NA	NA
1725.0613	NA	NA
1725.0708	NA	NA
1725.0765	NA	NA
1725.0816	NA	NA
1725.0859	NA	NA
1725.0918	NA	NA
1725.1006	NA	NA
1725.1178	NA	NA
1726.5357	NA	NA
1726.5404	NA	NA
1726.5450	NA	NA
1726.5495	NA	NA
1726.5549	NA	NA
1726.5617	NA	NA
1726.5749	NA	NA
1729.4243	NA	NA
1729.4294	NA	NA
1729.4344	NA	NA
1729.4396	NA	NA
1729.4467	NA	NA
1729.4555	NA	NA
1729.7539	NA	NA
1729.7582	NA	NA
1729.7627	NA	NA
1729.7678	NA	NA
1729.7740	NA	NA
1731.4965	NA	NA
1731.5014	NA	NA
1731.5056	NA	NA
1731.5105	NA	NA
1731.5162	NA	NA
1731.5241	NA	NA
1735.8377	NA	NA
1735.8443	NA	NA
1735.8493	NA	NA
1735.8548	NA	NA
1735.8618	NA	NA
1739.0882	NA	NA
1739.0932	NA	NA
1739.0985	NA	NA
1739.1039	NA	NA
1739.1117	NA	NA
1745.9007	NA	NA
1745.9093	NA	NA
1745.9171	NA	NA
1745.9248	NA	NA
1745.9350	NA	NA
1745.9460	NA	NA
1745.9617	NA	NA
1745.9743	NA	NA
1748.7650	NA	NA
1748.7722	NA	NA
1748.7826	NA	NA
1749.4505	NA	NA
1749.4551	NA	NA
1749.4600	NA	NA
1749.4654	NA	NA
1749.4747	NA	NA
1749.4814	NA	NA
1749.4927	NA	NA
1751.7569	NA	NA
1751.7612	NA	NA
1751.7657	NA	NA
1751.7705	NA	NA
1751.7762	NA	NA
1751.7835	NA	NA
1751.7933	NA	NA
1756.3280	NA	NA
1756.3329	NA	NA
1756.3376	NA	NA
1756.3428	NA	NA
1756.3499	NA	NA
1756.3664	NA	NA
1759.3827	NA	NA
1759.3877	NA	NA
1759.3923	NA	NA
1759.3968	NA	NA
1759.4020	NA	NA
1759.4085	NA	NA
1762.5088	NA	NA
1762.5183	NA	NA
1762.5262	NA	NA
1765.1148	NA	NA
1765.1196	NA	NA
1765.1245	NA	NA
1765.1288	NA	NA
1765.1338	NA	NA
1765.1403	NA	NA
1766.5058	NA	NA
1766.5098	NA	NA
1766.5136	NA	NA
1766.5180	NA	NA
1766.5234	NA	NA
1766.5295	NA	NA
1766.5374	NA	NA
1766.5469	NA	NA
1771.3508	NA	NA
1771.3558	NA	NA
1771.3605	NA	NA
1771.3661	NA	NA
1771.3714	NA	NA
1771.3781	NA	NA
1772.0360	NA	NA
1772.0411	NA	NA
1772.0457	NA	NA
1772.0508	NA	NA
1772.0566	NA	NA
1772.0623	NA	NA
1774.1238	NA	NA
1774.1281	NA	NA
1774.1326	NA	NA
1774.1375	NA	NA
1774.1422	NA	NA
1774.1482	NA	NA
1774.1545	NA	NA
1774.1658	NA	NA
1774.1719	NA	NA
1790.3506	NA	NA
1790.3551	NA	NA
1790.3597	NA	NA
1790.3645	NA	NA
1790.3703	NA	NA
1790.3757	NA	NA
1790.3895	NA	NA
1792.5470	NA	NA
1792.5546	NA	NA
1792.5617	NA	NA
1792.5692	NA	NA
1792.5791	NA	NA
1792.5925	NA	NA
1793.6831	NA	NA
1793.6903	NA	NA
1793.6975	NA	NA
1793.7256	NA	NA
1793.9522	NA	NA
1793.9626	NA	NA
1793.9714	NA	NA
1793.9962	NA	NA
1807.7180	NA	NA
1807.7229	NA	NA
1807.7275	NA	NA
1807.7325	NA	NA
1807.7378	NA	NA
1807.7443	NA	NA
1807.7524	NA	NA
1807.7590	NA	NA
1815.2086	NA	NA
1815.2135	NA	NA
1815.2181	NA	NA
1815.2226	NA	NA
1815.2283	NA	NA
1815.2338	NA	NA
1815.2405	NA	NA
1815.2542	NA	NA
1819.1184	NA	NA
1819.1236	NA	NA
1819.1281	NA	NA
1819.1332	NA	NA
1819.1393	NA	NA
1819.1448	NA	NA
1819.1558	NA	NA
1819.1660	NA	NA
1821.3117	NA	NA
1821.3183	NA	NA
1821.3242	NA	NA
1821.3402	NA	NA
1821.3543	NA	NA
1822.5724	NA	NA
1822.5774	NA	NA
1822.5818	NA	NA
1822.5866	NA	NA
1822.5925	NA	NA
1822.6001	NA	NA
1823.6474	NA	NA
1823.6529	NA	NA
1823.6579	NA	NA
1823.6628	NA	NA
1823.6713	NA	NA
1823.6801	NA	NA
1827.6614	NA	NA
1827.6661	NA	NA
1827.6707	NA	NA
1827.6758	NA	NA
1827.6809	NA	NA
1827.6866	NA	NA
1827.6925	NA	NA
1828.1139	NA	NA
1828.1188	NA	NA
1828.1239	NA	NA
1828.1291	NA	NA
1828.1355	NA	NA
1828.1427	NA	NA
1828.2113	NA	NA
1828.2189	NA	NA
1828.2273	NA	NA
1828.2359	NA	NA
1828.2436	NA	NA
1828.2548	NA	NA
1828.2698	NA	NA
