spike times
0.081800
0.091000
2.215400
2.222300
2.232100
3.914100
3.920800
3.939400
5.717500
5.731200
5.740600
5.749100
7.659300
7.670400
7.681700
7.693700
7.703400
12.341900
12.350400
12.357900
21.197800
21.207700
21.224300
21.235500
24.313500
24.322700
24.644600
24.656600
24.672500
28.238300
28.251600
28.685300
28.693700
30.032600
30.035400
30.038500
30.041600
30.044700
30.048100
30.051600
30.055600
30.059200
30.063600
30.067800
30.074400
30.079100
30.085800
30.101200
30.116600
30.290600
30.302000
30.694400
30.703400
31.274800
31.280400
32.486600
32.507100
35.992200
36.002400
36.014400
40.294000
40.302800
41.709800
41.716700
41.735700
48.811200
48.818900
48.833900
48.845600
49.390200
49.414000
62.077600
62.088600
71.759400
71.768800
71.789500
71.797900
71.808900
78.927400
78.949800
78.959600
89.509600
89.520000
89.531500
89.554700
89.567600
95.509100
95.516800
95.526200
95.536100
95.544500
97.338600
97.355200
97.372400
99.288600
99.304000
99.310100
99.318900
99.327200
113.017100
113.029300
113.036900
115.400500
115.406900
115.414100
115.426200
