spike times
30.113300
30.120500
30.126500
30.132600
30.138300
30.145000
30.154000
30.181100
30.202000
30.217700
30.284800
30.361800
30.368200
30.403100
30.472700
30.481500
30.491500
30.591300
30.597000
30.674000
30.697900
30.771600
30.913700
30.921800
30.930700
30.940400
30.957400
30.974500
30.983500
30.990600
31.093600
31.117800
31.209500
31.228200
31.309200
31.494700
31.542100
31.598000
31.691000
31.889500
31.908100
31.917000
31.923100
31.936200
31.943800
32.136700
32.237200
32.251800
32.265000
32.379100
32.491900
32.707800
32.717900
32.837700
32.857300
32.871600
32.888200
33.064300
33.111300
33.322700
33.354600
33.371000
33.403600
33.410900
33.497500
33.566200
33.679000
33.689300
33.737200
33.779000
33.801400
34.022700
34.148500
34.156800
34.220200
34.228600
34.384500
34.440700
34.451600
34.473200
34.782500
34.862000
34.910900
34.919100
35.002700
35.098700
35.604000
36.022800
38.111600
38.132100
39.962500
39.977900
48.381400
48.389800
49.244400
54.141100
70.914600
75.906400
86.471300
88.246400
88.263600
88.274200
88.284300
88.302100
91.905900
93.924700
94.615900
97.639000
