spike times
4.285800
4.304200
4.312500
4.323300
8.181300
8.189700
8.194900
8.201500
9.854700
9.860000
9.865900
9.884500
22.420300
22.428100
22.458000
22.468200
25.597900
25.606400
31.213800
31.220900
31.233300
31.244900
32.842500
32.849800
32.858600
32.868700
32.882900
32.890900
36.326600
36.332800
36.357700
38.113200
38.118800
38.129100
38.140100
38.151400
39.368600
39.374800
39.381300
44.953300
44.963500
44.969100
58.139200
58.146600
58.154300
58.177200
58.188900
58.967000
58.972800
58.980000
58.995200
59.145400
63.743500
63.748700
63.756900
63.768200
63.776400
63.782100
63.788500
63.801800
67.323000
67.334000
70.381800
70.388600
70.672100
70.682500
70.689200
70.694900
70.724500
72.307400
72.323800
84.194100
84.205100
84.220700
84.230000
