spike times
0.172200
0.203100
0.642500
0.658000
1.221700
1.232200
1.246400
3.398700
3.408700
3.646700
3.881000
3.894100
3.907200
3.923400
5.006200
6.094500
6.104200
6.115700
6.956000
7.667800
7.674300
7.684000
7.694200
7.712700
12.116000
12.673400
12.681300
12.689300
14.442300
14.455500
14.463300
14.742200
14.752700
15.963500
15.972600
15.998400
17.719000
17.729800
17.739200
17.750500
18.375100
18.383400
19.295400
19.313800
19.528200
21.508000
21.523400
24.038500
24.045600
24.051900
24.067500
24.301700
24.309700
24.321100
25.750000
25.762000
25.776700
25.790800
26.747300
26.755700
26.765300
26.778700
26.797200
27.468100
27.475800
27.492800
27.591300
28.110600
28.117700
28.151700
29.150100
29.214700
29.226900
29.750200
29.762000
29.768600
29.779500
29.787000
30.021700
30.027400
30.034300
30.041000
30.051000
30.058700
30.065200
30.074300
32.755000
32.796800
33.557000
33.567800
33.578100
34.132900
34.139800
34.147000
34.404400
35.518300
35.530100
35.538000
35.547900
36.246700
39.537200
39.659000
39.667700
39.675100
39.695200
40.164400
40.174700
40.184300
41.535400
41.542400
41.838400
42.806200
42.821700
43.890100
43.911700
45.805200
46.501800
48.187100
48.197700
50.961300
50.978000
50.997900
51.009900
54.531600
56.189500
56.198500
56.213800
57.700300
57.706000
57.713900
57.719700
57.725300
57.731800
57.739800
58.532600
58.543600
58.555800
60.342600
62.535900
62.617400
62.632900
63.101800
63.134200
64.625700
64.632700
64.647200
64.661400
64.670800
64.679800
67.561300
67.569400
67.576600
68.753500
69.103500
69.111000
69.126900
70.331100
70.352300
70.358000
70.363800
70.375400
71.622000
71.628200
71.651900
72.253600
72.264500
72.284900
72.942000
72.950600
72.960500
74.277200
75.899100
75.909700
75.917200
75.925100
77.370100
79.734500
79.742500
79.749100
79.774100
79.781800
79.789000
81.026200
81.425700
81.432700
81.463600
82.205400
82.217200
82.225300
83.045000
83.055900
84.035500
84.046100
85.231000
85.255800
85.734400
85.744600
85.760100
85.771600
86.763000
86.770400
86.776900
86.783800
86.792400
87.926600
87.952000
