spike times
0.056900
30.040800
30.045200
30.048800
30.052400
30.056100
30.060300
30.064600
30.068800
30.072900
30.077000
30.082300
30.087700
30.092800
30.097400
30.102700
30.108500
30.114400
30.122100
30.130800
30.137200
30.148100
30.154700
30.164700
30.205200
30.216200
30.224900
30.266400
30.309500
30.319200
30.326900
30.364600
30.469800
30.480100
30.488400
30.510600
30.589400
30.604300
30.752500
30.795200
30.819800
30.872800
30.883900
30.900600
30.965400
30.996900
31.535500
32.907300
32.916600
32.926100
33.620800
35.354200
37.716700
39.286100
43.847700
49.811900
51.107000
55.307100
83.781700
90.652100
106.939800
106.956900
108.553900
111.587300
111.600100
114.493200
