spike times
0.863100
2.930800
2.939000
2.952200
4.407600
6.549400
8.610000
10.129800
10.140200
10.660500
15.649400
15.664800
17.333100
20.362800
30.055300
30.060600
30.065600
30.069800
30.074400
30.078900
30.083000
30.087100
30.091700
30.097600
30.102400
30.108800
30.115300
30.128000
30.136700
30.168600
34.297400
34.306600
34.322500
34.335200
34.951100
34.963000
34.977100
35.839100
39.774500
39.829700
40.779600
42.374800
43.276100
49.172300
49.183600
49.272200
49.756600
49.764500
51.440900
51.456100
52.908500
52.942900
54.040000
54.071800
64.865100
64.874900
66.728400
66.738700
66.768600
67.643300
67.663200
72.383100
78.744700
82.662800
88.600400
89.399000
93.107700
93.125000
93.549800
94.879800
100.762000
102.510500
104.472200
107.471700
117.875000
117.891800
118.927200
119.876100
