spike times
8.312100
11.274600
14.013900
26.304800
30.037200
30.042200
30.046300
30.050800
30.055400
30.060300
30.065200
30.069800
30.074600
30.079300
30.083800
30.089300
30.094900
30.100500
30.108800
30.114800
30.120700
30.127800
30.134700
30.143400
30.153600
30.167000
30.175800
30.186100
30.194800
30.208500
30.216600
30.231600
30.241200
30.328100
30.338600
30.347900
30.361500
30.399100
30.408900
30.488200
30.499500
30.552400
30.587200
30.608700
30.630800
30.717800
30.736600
30.796000
30.810400
30.818800
30.832600
30.889200
30.907800
30.943700
31.001900
31.030300
34.320300
34.335800
34.350300
34.689500
34.704700
34.714000
37.125000
41.073000
46.119400
46.152600
48.639800
48.655300
50.161300
