spike times
0.048600
0.222200
0.356200
0.633300
0.661100
0.670800
0.689900
0.850100
1.270000
1.276900
1.293300
1.306100
1.315400
1.330300
1.517300
1.541200
1.846800
1.899400
2.237600
2.338400
2.508800
2.718400
2.743400
2.905500
3.285800
3.321800
3.364000
3.380200
3.434600
3.482200
3.568800
3.647300
3.854000
3.970000
4.021300
4.535700
4.781200
4.803700
4.844900
5.987800
6.139000
6.231900
6.248000
6.397000
6.463500
6.541700
6.904000
6.915100
6.962200
6.981600
7.202500
7.311100
7.599700
8.086900
8.459800
8.468500
8.478300
8.799700
8.817900
8.859800
9.377800
9.470200
9.481300
9.495600
9.521500
9.747600
9.867700
9.910800
9.963400
10.057400
10.269500
10.281200
10.337400
10.362200
10.460100
10.470800
10.548000
10.639400
10.727600
10.778100
10.818600
10.866100
10.960700
11.272800
11.620800
11.768700
12.016500
12.153600
12.422600
12.476400
13.142800
13.184000
13.299800
13.462300
13.510700
13.524400
13.564700
13.581100
13.622400
13.636200
13.786900
13.795200
13.826500
14.147300
14.348900
14.378800
14.907700
14.954600
15.118100
15.179400
15.282900
15.297400
15.463100
15.471800
15.768400
15.972100
16.008200
16.018000
16.030200
16.039200
16.105100
16.482400
16.536300
16.548300
16.558000
16.614000
16.633000
16.643400
17.104500
17.565800
17.591400
17.696000
17.724400
17.735400
18.082100
18.098800
18.110400
18.120800
18.166200
18.229500
18.539800
18.715600
19.157400
19.207800
19.267600
19.650800
19.688600
19.754000
19.812300
20.129500
20.173200
20.332900
20.346000
20.385600
20.579800
20.857800
20.971000
21.145700
21.200900
21.535700
21.549400
21.577300
21.587900
21.617300
21.624900
21.635800
21.648900
21.673500
21.941400
21.959800
21.992000
22.007400
22.149100
22.191000
23.156300
23.171000
23.197000
23.247900
23.424300
23.569100
23.692400
24.031600
24.067300
24.116000
24.564700
24.681400
25.341300
25.440900
25.466500
25.483800
25.498600
25.708000
25.717100
26.080800
26.244000
26.490000
26.602300
26.784100
26.926400
27.047400
27.230600
27.247400
27.382400
27.412700
27.686000
27.697300
27.709600
27.738400
27.794700
28.063900
28.121500
28.179200
28.223400
28.232300
28.244200
28.259200
28.299500
28.399900
28.654400
28.665100
28.768200
29.163600
29.275600
29.289600
29.377500
29.968500
29.979800
29.986300
29.995800
30.053800
30.059600
30.065300
30.071900
30.079100
30.085300
30.093900
30.101800
30.161200
30.175200
30.236500
30.246600
30.376900
30.612300
30.937500
30.948500
30.969400
31.015700
31.062600
31.097700
31.107800
31.125200
31.272700
31.338700
31.352400
31.365500
31.375800
31.501100
31.514100
31.705400
31.882800
31.892800
31.901100
31.929800
32.644900
32.814600
33.603100
33.703600
34.275300
34.421400
34.445300
34.949500
35.226600
35.272700
35.315800
35.333900
35.364500
35.379600
35.451100
35.712000
35.741800
36.108300
36.197400
36.797600
36.842200
36.945200
37.107800
37.355100
37.376600
37.411300
37.501900
37.684700
37.694900
38.399100
38.701200
38.716300
38.870200
38.882200
39.198800
39.382100
39.391500
39.423800
40.272000
40.353500
40.436400
40.449500
40.477500
40.675200
40.683800
40.697600
40.726900
40.765900
41.094900
41.339000
41.742600
41.782900
42.028100
42.036800
42.067500
42.105800
42.117400
42.123100
42.445800
42.472700
42.691200
42.700300
42.974000
43.017500
43.649300
43.743600
43.825600
43.833600
43.842600
43.851500
44.119200
44.165500
44.231700
44.438000
44.450400
44.613500
44.630200
44.643400
44.669000
44.674200
44.699800
44.870100
45.268300
45.285500
45.345600
45.449600
45.467200
45.520800
45.681800
45.879000
45.910100
45.923100
46.194600
46.310100
46.695600
46.721900
46.789200
46.940100
46.953100
47.005100
47.114900
47.481300
47.534200
47.565500
47.719600
47.740400
47.912900
48.097000
48.233500
48.242900
48.254500
48.281100
48.487700
48.524100
48.537300
48.565700
49.030700
49.104900
49.115200
49.128900
49.142300
49.150100
49.155900
49.169400
49.256800
49.324300
49.363900
49.383000
49.402000
49.561300
49.663000
49.695600
49.753600
49.855600
49.899700
49.907400
50.098300
50.278200
50.437400
50.579900
50.757200
50.880600
51.063700
51.097800
51.106100
51.169200
51.176700
51.450000
51.643200
51.726700
51.736700
51.746800
51.766900
51.784100
51.859500
51.868500
51.960000
51.967500
52.169300
52.177300
52.199100
52.521700
52.632500
52.778200
52.953200
53.271900
53.283100
53.366600
53.385900
53.404200
53.465700
53.488600
53.623700
53.632900
53.935400
54.159300
54.164400
54.172300
54.439600
54.454600
54.506100
54.522200
55.252700
55.431600
55.446200
55.636900
55.778600
55.825500
55.856100
55.867900
55.879400
55.962100
56.602600
56.617400
57.007100
57.201400
57.554000
57.632400
57.671300
57.752600
57.773400
57.795500
57.837500
57.845100
57.852700
57.915100
58.041200
58.062100
58.270100
58.425200
58.446400
58.670900
58.686000
59.168300
59.333900
59.556400
59.675800
59.769100
59.960900
59.972500
59.982400
60.007900
60.067800
60.081600
60.092400
60.118400
60.187500
60.939900
61.017800
61.177600
61.304200
61.363900
61.421300
61.438600
61.458400
61.468400
61.489300
61.618500
61.925300
61.932000
61.998900
62.228400
62.468100
62.663900
62.675400
62.785600
63.393300
63.640800
63.996500
64.008100
64.089900
64.194700
64.421300
64.479700
64.737900
64.753100
64.851200
64.899800
64.918700
64.994400
65.483500
65.525700
65.930800
65.942200
65.983700
66.100800
66.203000
66.655900
66.890000
66.898600
67.112000
67.276400
67.596000
67.604900
67.643000
67.800900
67.818300
67.841200
67.864900
67.918600
68.269200
68.278500
68.410100
68.898600
68.907900
68.914900
68.931700
68.942800
68.961500
69.569100
69.581500
70.092900
70.221700
70.233300
70.327100
70.335400
70.624500
70.662300
70.671200
70.678700
70.689300
70.732700
70.830300
70.850000
71.255300
71.286200
71.399300
72.141300
72.161600
72.373700
72.461100
72.532400
72.615300
72.623000
73.651600
73.654700
73.707700
73.922600
73.934900
74.256600
74.311400
74.348100
74.375600
74.382500
74.392900
75.113300
75.408500
75.711700
76.379100
76.850400
77.110900
77.136100
77.158900
77.180000
77.198200
77.264100
77.272700
77.288200
77.720400
77.773500
77.816300
77.827900
78.182700
78.243800
78.263800
78.432900
78.885000
79.046000
79.252400
79.362700
79.452100
79.460700
79.551700
79.625400
79.655700
79.663900
80.247900
80.395100
80.680100
81.014700
81.293500
81.319300
81.678700
81.684700
81.693400
81.703100
81.903300
82.096300
82.243200
83.305000
83.590400
83.859700
84.185600
84.272200
84.379500
84.492800
84.614900
84.628200
84.639300
84.793300
85.092600
85.100400
85.111800
85.307600
85.551500
85.638500
85.651600
85.664600
85.695800
85.747000
85.824200
86.013400
86.095700
86.104100
86.156300
86.754700
86.777600
86.874400
86.887600
87.147500
87.302700
87.494500
87.796400
87.969900
87.975700
87.987000
88.019900
88.093400
88.110800
88.125500
88.210300
88.427900
88.473700
88.660100
88.677400
88.687800
88.831000
89.391200
89.855900
89.872400
89.886600
90.087300
90.113400
90.128800
90.183300
90.352000
90.500100
90.524100
90.641400
90.791400
90.801600
90.809300
90.816600
90.845600
90.903000
91.048500
91.218000
91.405400
91.642000
91.653200
91.672400
91.708700
91.783900
91.917100
92.376500
