spike times
0.488700
5.720900
15.140500
27.644500
27.652700
27.659800
27.669200
27.688500
30.051300
30.056100
30.060800
30.064900
30.069200
30.073600
30.078200
30.083600
30.088500
30.093000
30.098800
30.104100
30.109100
30.115900
30.124500
30.134500
30.143000
30.158100
30.167000
30.198400
30.216600
30.241600
30.254100
30.266100
30.278600
30.311800
30.365800
30.373100
30.387100
30.402100
30.415000
30.454000
30.520400
30.539400
30.678700
30.762700
30.797600
30.808600
30.949800
31.019500
31.109600
31.155300
31.171900
31.241300
31.251300
31.272400
31.325400
31.392100
31.459700
31.486300
31.498500
31.511100
31.604800
31.625700
31.678800
31.695500
31.741900
31.870900
32.037100
32.045000
32.057600
32.137000
32.145900
32.172900
32.347200
32.356700
32.421400
32.431200
32.518100
32.702200
32.775500
32.796100
32.857900
32.881300
32.891900
32.919300
32.951800
33.052200
33.305700
33.322500
33.486600
33.531700
33.592000
33.659400
33.749300
33.855100
33.890600
33.978300
34.081800
34.181800
34.200300
34.412700
34.426900
34.563700
34.570800
34.734300
34.751200
34.909500
35.683300
35.695200
36.366700
37.015200
37.716700
38.403200
38.646000
39.631100
39.647800
39.881800
40.276400
41.238200
42.143700
42.983700
43.157500
43.170100
45.138600
45.801900
46.445200
47.209000
47.633400
48.320300
48.331300
49.187300
49.572200
49.751300
51.113300
51.512800
51.827900
56.000900
57.032900
57.830100
60.071600
60.081700
60.579200
61.929900
63.158600
65.237000
65.471200
65.489200
65.723800
66.168800
66.781900
67.357400
68.247600
68.647600
68.995400
70.939300
71.757500
73.796100
76.739600
77.198900
79.014300
79.021000
79.154300
79.176500
81.368600
82.162100
82.171500
83.171900
83.274600
83.615500
84.974300
88.248600
88.272600
88.590200
92.744400
92.766300
94.109900
104.891300
106.738500
108.421800
111.197700
112.821200
116.256400
117.478000
