spike times
0.196000
0.538500
0.552900
0.566800
0.986900
1.977100
2.126100
2.814400
3.972600
4.182500
4.254700
4.420200
5.087200
5.101600
5.135500
6.822200
6.839800
6.897500
9.123800
9.155600
11.058500
11.079900
11.671100
11.698500
12.697100
12.737200
16.967200
17.001300
17.026300
18.372700
18.415700
18.504900
18.963200
19.248200
21.498300
21.820200
23.784000
26.638500
26.669400
27.277400
27.303400
27.665600
27.861300
27.990800
28.019400
30.044600
30.048900
30.052900
30.057100
30.060700
30.064500
30.069200
30.074200
30.078900
30.083300
30.088100
30.093000
30.098700
30.104300
30.120100
30.128000
30.174600
30.191200
30.384100
30.849000
30.896800
31.317600
31.334800
32.848900
33.442700
33.795800
33.968600
34.141200
34.311200
34.325600
36.316600
36.333000
36.440500
36.450600
37.084800
37.098600
37.379200
37.402400
38.223600
38.425800
38.913200
38.936700
39.262000
39.305200
41.072000
41.355100
41.641800
42.114900
42.134000
42.260600
43.192800
43.213300
43.353000
46.011200
46.028000
46.189400
46.320800
48.433100
48.444000
50.433700
50.738000
50.759600
50.774500
50.799200
50.811800
51.343900
51.381200
53.691100
54.351600
54.377400
55.152600
55.197600
57.677600
58.211300
58.221000
58.234500
58.248400
58.279000
58.307600
60.307200
60.333200
60.749200
60.760200
61.904800
61.964800
63.051400
63.207200
64.852200
67.338900
68.844800
70.580700
71.065700
71.602100
71.800200
72.953000
72.989500
73.015900
73.193600
74.009300
74.038700
74.068000
75.339500
75.843900
75.853500
75.982500
77.557000
77.580700
77.593400
77.606300
77.781800
81.186400
81.220300
81.343800
81.370100
81.441100
82.212100
82.247600
82.429500
83.516000
83.534600
83.879900
85.016900
