spike times
2.675100
10.220900
10.236900
10.250700
10.278400
10.297200
10.425600
10.525300
10.542800
10.556100
10.694300
10.713100
11.816300
11.824800
11.834800
11.849600
25.806800
25.848900
27.391000
29.116300
30.028400
30.033700
30.038600
30.042900
30.046700
30.051000
30.055500
30.059700
30.064400
30.069300
30.073700
30.078800
30.084400
30.090200
30.096200
30.104100
30.113100
30.119700
30.130200
30.138500
30.151000
30.157900
30.167000
30.185100
30.195500
30.208000
30.216400
30.226800
30.238400
30.259100
30.269800
30.279500
30.288600
30.296700
30.322800
30.333500
30.347000
30.373500
30.385000
30.411700
30.419200
30.431900
30.447000
30.459900
30.496700
30.503900
30.516400
30.528700
30.539600
30.568800
30.581500
30.595600
30.607500
30.673600
30.681400
30.692700
30.702300
30.712100
30.722300
30.736300
30.744300
30.779900
30.803900
30.815100
30.823500
30.864800
30.874700
30.954200
30.963500
31.010000
31.018400
31.031500
31.050200
31.062300
31.083100
31.096300
31.109800
31.129100
31.193500
31.249700
31.263900
31.276300
31.289400
31.317900
31.337000
31.351100
31.370200
31.434200
31.447500
31.469100
31.476200
31.486100
31.517500
31.541800
31.573000
31.594300
31.617500
31.633500
31.689300
31.703800
31.712200
31.718300
31.731200
31.782300
31.809500
31.818900
31.834200
31.952500
31.960300
31.971500
31.983800
32.051500
32.096800
32.113000
32.129500
32.138000
32.159700
32.167100
32.224800
32.238800
32.337400
32.349800
32.412000
32.423500
32.438100
32.509100
32.520500
32.532000
32.563600
32.605900
32.621900
32.638400
32.652300
32.661600
32.729000
32.747500
32.776700
32.818600
32.832700
32.855600
32.873100
32.890800
32.949100
33.010700
33.021800
33.050700
33.059600
33.073100
33.089400
33.124600
33.136100
33.206500
33.235400
33.312800
33.327900
33.345900
33.423900
33.431700
33.490800
33.499000
33.509100
33.531800
33.622200
33.636000
33.696500
33.713000
33.751400
33.768500
33.788100
33.803200
33.910100
33.980900
34.074900
34.083000
34.145900
34.156600
34.188800
34.202900
34.213200
34.324500
34.334100
34.364400
34.381500
34.481400
34.545700
34.558200
34.573700
34.584700
34.598000
34.614100
34.628000
34.687800
34.700400
34.724300
34.744100
34.848900
34.857400
34.870300
34.932300
34.939700
34.987600
35.019000
36.530500
36.540000
36.999900
37.013700
37.376600
37.445200
37.476300
37.971300
37.981800
38.311100
39.643100
39.657700
39.839400
39.848000
40.030200
40.502900
41.196500
41.414900
41.431100
41.632900
41.720800
41.735600
42.058800
42.326900
42.555700
42.576500
42.954900
42.972600
43.170800
43.533400
43.552600
43.759500
44.084200
44.441800
44.455600
44.768900
44.843500
44.902300
44.986900
45.698000
45.709300
45.722200
45.738300
45.901100
46.090700
46.281800
46.636600
47.498400
47.795800
47.810200
47.895600
48.353900
48.567200
48.590900
48.764400
49.006700
49.665700
49.745900
49.895800
50.321200
50.416100
50.656900
51.741300
51.760800
51.887800
52.868800
53.135700
53.288400
53.793500
54.284500
54.428600
55.046700
56.110100
56.147400
56.622800
58.064500
58.079000
58.931900
58.956900
60.606100
60.935000
61.197300
61.207200
61.221200
61.470100
61.571700
62.111000
62.540100
63.662900
64.118500
64.134800
65.200600
65.763800
67.312000
67.918900
68.005100
69.266700
69.607100
70.135500
70.156600
70.640100
70.993500
71.020900
71.035400
71.048800
71.068100
71.182300
71.196200
71.502400
71.674900
71.865600
72.424200
72.442400
73.158100
73.428000
74.049500
74.480400
74.488700
74.499200
75.095400
76.828400
79.453400
79.659300
80.129500
80.722100
80.732900
80.758800
80.864200
81.302800
81.321400
81.341600
81.461400
81.751800
82.693000
83.201300
85.921500
86.201000
86.450600
87.106800
87.491300
87.546900
87.559200
88.160600
89.536600
89.609200
89.651600
89.988600
90.766200
90.881300
90.896800
91.344500
92.131300
92.471700
93.430000
93.668600
94.158900
95.155000
95.415600
95.558400
96.635100
96.642400
96.654400
96.663800
96.670700
96.679000
96.708500
96.773400
96.795400
96.910000
97.052200
97.067300
97.854000
98.536100
98.558900
98.580800
99.054700
99.197700
100.270900
100.661300
101.533300
101.756300
103.280700
103.293600
103.803900
103.851200
104.180100
105.183900
105.220500
105.231900
105.258400
105.590900
105.686500
106.174500
106.197300
106.292600
107.246900
107.456300
108.185800
109.347100
110.623800
110.665600
110.755600
110.779500
110.799900
111.046900
111.594800
112.423300
112.433300
112.441200
112.449700
112.460100
112.474200
112.564300
113.099100
113.405400
114.452800
114.464100
114.517000
114.646800
115.570100
115.787700
116.247400
116.500100
116.528100
116.548000
118.938100
119.940300
