spike times
0.041500
0.050600
0.313500
0.729600
1.172800
1.437700
1.619900
1.763200
2.018000
2.043700
2.313800
2.420800
2.783800
2.796000
2.816500
2.824500
3.013300
3.080700
3.248100
3.257700
3.490800
3.641200
3.659000
3.668200
3.738500
3.752900
3.760000
3.771000
3.851900
3.999900
4.046000
4.124300
4.137300
4.185400
4.192100
4.216600
4.642000
4.719100
4.936800
4.984000
4.989400
4.996500
5.343800
5.411500
5.620000
5.660700
6.119500
6.228000
6.240300
6.264000
6.636600
6.643600
6.938200
6.955700
7.172200
7.190400
7.360800
7.391700
7.399700
7.481900
7.497500
7.530900
7.924200
7.934000
8.050600
8.267600
8.280100
8.490200
8.840900
8.911000
9.802500
9.860300
10.180900
10.302500
10.390500
10.648800
10.660200
10.670400
10.699500
10.986300
11.000800
11.115100
11.278500
11.557800
12.095100
12.269500
12.291900
12.444500
12.483300
12.652500
12.665700
12.680400
12.963200
12.978000
12.987500
13.007000
13.146300
13.190500
13.201000
13.223300
13.301200
13.560700
13.571100
13.593500
13.603400
13.651900
13.779600
13.886000
13.895900
14.138300
14.247000
14.506200
14.519000
14.786400
14.969700
14.986400
14.999300
15.040300
15.059400
15.335600
15.344900
15.361200
15.655100
15.726800
15.740900
15.760100
15.768300
15.782800
16.144100
16.312900
16.347300
16.456300
16.577200
16.661600
16.677600
16.716800
16.725300
17.185600
17.291500
17.296300
17.304700
17.313100
17.451200
17.460800
17.481300
17.492800
17.718500
17.732100
18.075400
18.301400
18.376000
18.387500
18.759100
18.906200
19.066200
19.088200
19.097000
19.275700
19.327000
19.405700
19.452900
19.471800
19.642900
19.906200
19.977900
20.127600
20.495800
20.539000
20.609100
20.697100
20.925800
20.944000
20.958200
20.983500
21.128400
21.141300
21.329000
21.356700
21.369300
21.377600
21.882100
21.889100
21.900700
22.135500
22.283400
22.354400
22.792400
22.808100
22.855400
23.057400
23.417000
23.436700
23.445700
23.887800
23.907100
24.203500
24.219000
24.944600
25.386700
25.489600
25.522300
26.155000
26.197100
26.337700
26.360700
26.375600
26.400300
26.516400
26.540100
26.835300
26.943100
26.954600
27.082700
27.163800
27.260200
27.371100
27.450300
27.616900
27.699800
27.711500
27.732800
27.964900
27.976200
28.084600
28.208000
28.461500
28.626000
28.649200
28.658800
28.667500
28.681600
28.712200
28.776100
28.815000
28.975500
29.006300
29.028800
29.095400
29.366000
29.658900
29.983900
29.996200
30.005300
30.014300
30.032500
30.039100
30.044700
30.049900
30.055400
30.060700
30.066100
30.071600
30.079100
30.085700
30.093600
30.099200
30.104900
30.109700
30.115700
30.121300
30.126500
30.133100
30.139500
30.145500
30.155300
30.162800
30.169300
30.179500
30.188300
30.203700
30.245800
30.256000
30.263300
30.274800
30.291400
30.303800
30.329300
30.338200
30.345900
30.357000
30.379900
30.408000
30.426200
30.460700
30.472600
30.482100
30.492500
30.536000
30.592600
30.601100
30.625500
30.655300
30.667900
30.718400
30.732900
30.762300
30.768700
30.833500
30.882500
30.938000
30.978300
30.994500
31.003000
31.015500
31.023500
31.091900
31.112400
31.157000
31.177800
31.189800
31.218700
31.250700
31.276600
31.352400
31.431100
31.459400
31.484300
31.498300
31.531100
31.538000
31.633800
31.648900
31.739000
31.790300
31.800600
31.825100
31.838800
31.907000
32.599800
32.617300
33.058500
33.352600
33.412800
33.617700
33.832000
34.499900
34.678500
35.043300
35.345700
35.491600
35.623500
35.905700
35.918100
36.410700
36.576000
36.899200
37.021500
37.156600
37.546300
37.637200
37.658300
37.774100
37.889700
37.977100
38.176900
38.204200
38.610000
38.663300
38.782100
38.823200
38.982300
38.989600
39.000000
39.025100
39.043000
39.054800
39.065000
39.142300
39.333300
39.344300
39.358800
39.397200
39.437900
39.744400
39.881500
39.987800
40.035400
40.289000
40.363700
40.500700
40.780400
40.788800
40.796900
40.803200
41.138700
41.185600
41.193200
41.200700
41.474100
41.510500
41.754600
41.857000
41.868900
42.296500
42.310200
42.597700
42.610700
43.501900
44.199800
44.392600
44.413200
44.528000
44.627800
44.659700
44.675400
44.690600
44.699700
44.827400
45.069000
45.115200
45.192800
45.203200
45.218300
45.264900
45.461400
45.515800
45.676900
45.796600
45.854400
45.870100
46.158500
46.171500
46.491700
46.860600
46.868300
47.278800
47.349500
47.434000
47.460000
47.602500
47.610900
47.734300
47.745800
47.758300
47.772700
47.783000
48.479000
48.495900
48.507400
48.527200
48.536700
48.697600
48.826100
48.913800
49.163400
49.242500
49.512800
49.993900
50.190900
50.207800
50.453300
50.559700
50.571300
50.582800
50.605800
51.005800
51.015900
51.222900
51.364600
51.546400
51.559400
51.712300
51.960500
52.062600
52.257600
52.279000
52.333300
52.344600
52.394200
53.293400
53.307500
53.417600
53.524400
53.548700
53.600900
53.962800
54.226700
54.247000
54.278700
54.592000
54.601200
55.229700
55.240900
55.737700
55.750400
55.911300
56.009700
56.015400
56.035400
56.050200
56.064200
56.080400
56.091500
56.317600
56.673600
56.762200
56.770500
56.969000
57.032600
57.043000
57.268800
57.296000
57.410100
57.431400
57.480400
57.585800
57.684100
57.711500
57.753400
57.760900
57.778200
58.289000
58.501700
58.604700
58.621500
59.001500
59.011900
59.298800
59.640600
59.651800
59.719900
59.910100
60.132300
60.371600
60.379400
60.452800
60.465400
60.919700
60.996500
61.260300
61.281100
61.621000
61.628400
61.636100
62.034400
62.140100
62.151900
62.164800
62.188600
62.710900
63.062000
63.131300
63.411100
63.580200
63.644900
63.803600
64.114400
64.125900
64.135500
64.152200
64.183100
64.218300
64.238000
64.254000
64.316600
64.363700
64.378300
64.635800
64.647000
64.742900
64.849100
64.924200
64.978600
65.004800
65.023200
65.099700
65.106100
65.118200
65.194600
65.759500
65.796800
65.808200
65.816500
65.865100
66.183900
66.191000
66.199200
66.211100
66.223400
66.311300
66.320300
66.467200
66.620800
66.877200
66.996200
67.291700
67.321700
67.609100
67.811600
67.839800
68.061500
68.090100
68.211300
68.400600
68.463700
68.473500
68.480000
68.496100
68.880000
69.190400
69.334400
69.550200
69.569400
69.808600
69.862100
69.879100
69.915900
69.987400
70.200700
70.653400
70.841800
71.262000
71.539100
71.560900
71.707400
71.878600
71.902500
71.909400
72.129400
72.280000
72.414600
72.879100
73.018400
73.051100
73.157200
73.475400
74.371400
74.384800
74.440300
74.763000
74.777000
75.128300
75.224600
75.235600
75.245100
75.428900
75.536500
75.601100
75.651700
75.660400
75.670000
75.680300
75.804300
75.904400
76.056400
76.157200
76.226700
76.560000
76.867900
76.891400
77.180500
77.504900
77.584600
77.593800
77.866200
77.919200
77.945900
78.052100
78.288200
78.518700
78.783800
78.795700
79.105300
79.396900
79.478200
79.493600
79.572200
79.796900
79.919200
80.149100
80.451000
80.503300
80.522300
80.530300
80.584900
80.712600
80.906400
80.918600
80.978900
81.299800
81.463400
81.953700
81.977900
82.408400
82.463600
82.478100
82.709900
82.960400
83.147500
83.413700
83.641500
83.808400
83.837400
83.914300
84.171800
84.182100
84.234000
84.240900
84.251200
84.259300
84.266700
84.342500
84.353700
84.871000
84.892100
84.979500
85.193300
85.624500
85.643300
85.711200
85.800600
86.585200
86.763600
87.083700
87.169500
87.345200
87.353600
87.543800
87.552900
87.818500
87.839000
87.860000
88.115500
88.409200
88.729100
89.008800
89.161900
89.274300
89.491500
89.512800
89.521900
89.549200
89.558800
89.643800
89.790400
89.815500
89.862600
89.900700
89.916900
90.316200
90.499900
90.518100
90.528000
90.941100
90.949700
91.047900
91.413000
91.422200
91.435900
91.446100
91.595800
91.677500
91.822500
92.171000
92.508200
92.777100
93.059500
93.137300
93.143200
93.152000
93.188600
93.220700
93.513000
93.546200
93.553700
93.914400
93.940200
94.056200
94.113000
94.216400
94.291000
94.305100
94.354900
94.393600
94.981100
94.995600
95.108400
95.125500
95.349500
95.486000
95.603600
95.707100
96.116100
96.380300
96.559100
96.842100
96.865600
96.962500
97.104800
97.120800
97.582100
97.591200
98.043100
98.055300
98.077600
98.850100
98.989100
99.147100
99.154600
99.171400
99.479000
99.489300
99.747000
99.759800
99.789000
99.800100
99.815000
99.929200
99.992800
100.231100
100.259600
100.440200
100.448500
100.536100
100.720900
100.925200
100.937200
101.499900
101.565800
101.856000
101.866700
102.367800
102.480100
102.834000
102.841300
102.866200
103.144300
103.868200
103.877700
103.956100
103.965900
104.020400
104.226600
104.237300
104.323100
104.398600
104.514000
104.836800
105.109100
105.481900
105.771400
106.130700
106.261100
106.495700
106.505900
106.772100
106.791100
106.806900
106.880200
107.114000
107.631500
108.010800
108.445100
108.504400
108.553700
108.669500
108.925400
108.941300
108.964700
109.082400
109.382400
109.487900
109.764700
109.871300
109.887800
109.989400
110.271700
110.280100
110.425000
110.736600
110.755500
110.880600
111.045600
111.373400
111.390000
111.413200
111.430700
111.637500
111.688500
111.977900
112.302700
112.380500
112.711000
112.782200
113.272300
113.282300
113.295900
113.470400
113.487500
113.733700
113.753100
113.775300
113.902300
113.918700
114.323100
114.338900
114.714200
114.827200
114.842300
114.853000
115.185300
115.972400
116.227200
116.257600
116.434400
116.444900
116.464400
116.474200
116.845100
117.321200
117.392400
117.684900
117.826100
117.848000
118.211100
118.224500
118.361000
118.620000
118.688000
118.841700
118.914200
119.299900
119.308600
119.814500
119.975200
119.992700
