spike times
3.375700
3.896500
9.997800
10.740400
20.675000
20.799100
23.093000
23.115600
27.478600
30.043900
30.049200
30.054100
30.058700
30.063300
30.067900
30.073000
30.078400
30.083600
30.088300
30.092900
30.098100
30.104300
30.111000
30.118500
30.126400
30.135200
30.146700
30.157800
30.172300
30.191500
30.204000
30.226000
30.254300
30.262800
30.295900
30.332000
30.343200
30.359500
30.431500
30.442100
30.492600
30.503000
30.515800
30.564700
30.583400
30.682300
30.707800
30.719000
30.729100
30.814300
30.822800
30.863700
30.911200
30.989800
30.998000
33.434100
33.449700
38.583300
44.160700
45.379600
45.407400
52.591800
52.677300
53.715300
58.083900
64.249000
64.275100
65.264100
65.283300
68.885900
70.140400
72.106900
73.488200
73.515600
76.237400
81.038300
84.264300
89.039100
93.128200
99.508500
99.519200
99.531200
106.400600
108.622300
113.649400
