spike times
0.609700
0.614400
0.619100
0.624800
0.629600
0.650500
0.776000
1.109500
1.119600
1.127200
1.287900
1.800800
1.806400
2.023400
2.028500
2.035100
2.159300
2.932500
2.938400
2.944600
4.098800
4.104400
4.115600
4.234200
4.239600
4.248100
5.290000
5.295400
5.300900
5.309300
5.333600
6.640000
6.654700
6.662000
8.430400
8.437500
8.446800
8.454600
8.460800
8.475300
8.486300
8.648900
11.666200
11.699000
11.704400
11.711700
12.517400
12.524000
12.631300
12.639100
12.758400
13.789600
13.794700
13.803300
13.810700
13.823900
17.673300
17.680600
17.688100
17.695500
17.704200
17.711300
17.720100
19.972700
19.979000
19.988600
19.996300
20.007500
21.008000
21.023600
21.774600
21.779600
21.785300
21.791600
24.418200
24.427100
24.447800
27.024900
27.035700
27.253300
27.260900
27.266900
27.436000
27.444400
27.484200
29.237400
29.242600
29.249200
29.255100
29.271500
30.034600
30.037300
30.039900
30.042700
30.045200
30.047800
30.050300
30.052800
30.055200
30.057800
30.060400
30.062900
30.065700
30.068300
30.071200
30.074000
30.076900
30.079800
30.082700
30.085800
30.088700
30.092100
30.095600
30.099200
30.103100
30.106700
30.109900
30.113600
30.117700
30.121700
30.126400
30.130200
30.134300
30.138900
30.143500
30.149800
30.154600
30.159000
30.164800
30.178200
30.188000
30.270600
30.281600
30.683700
30.692500
30.697500
30.704600
30.844300
30.849300
30.855200
30.859800
30.974300
30.984500
30.995200
31.003800
31.322100
31.779100
31.785700
31.792400
31.799000
31.807200
32.498900
32.507600
32.520600
32.542300
33.004100
33.121800
33.128600
33.137700
33.232200
33.238400
33.247800
33.809900
33.823700
33.832500
33.846100
33.852800
34.000400
34.008900
34.017200
34.026000
34.606700
34.611400
34.615800
34.621000
34.626600
34.694800
34.796300
34.804200
34.812800
35.975100
35.981100
35.987100
35.993200
36.005400
36.872700
36.881400
37.246300
37.270500
38.957700
38.963400
38.969200
39.027500
39.033800
39.040700
40.104100
40.109300
40.117500
40.134100
40.142500
40.507000
40.522800
41.785000
45.235000
45.241300
45.248800
47.922500
47.927300
47.931600
47.936700
47.941900
47.946700
49.443600
49.449700
49.458000
49.464200
49.470600
49.476700
49.484100
49.491300
49.499400
49.611300
50.580900
50.595800
60.339200
60.344900
60.353700
60.361600
60.373800
63.412600
63.419000
63.430500
64.055700
64.062400
64.067700
64.077500
64.086000
64.100600
67.477300
67.483100
67.488300
67.494000
67.504200
67.521400
68.172800
68.188300
68.195700
68.208000
70.529300
70.548600
77.722100
79.191100
79.199000
79.479300
79.484700
79.490500
82.563300
82.569200
82.575000
82.580800
82.586900
82.593200
82.601800
83.336400
83.344400
83.357200
83.368700
86.196800
86.202200
86.208200
86.218000
87.610900
87.616700
87.630500
87.642300
87.740300
87.751000
87.758200
87.874200
