spike times
0.246500
0.257700
1.193500
1.218200
2.249300
2.578900
3.925800
4.593100
4.600300
4.759200
4.980400
5.012600
5.152800
5.326600
6.202300
6.214100
6.228500
6.247400
6.339600
6.633900
6.643200
7.991200
8.986600
8.995500
9.003800
9.010800
9.029100
9.036800
9.337700
10.321300
10.329300
10.995100
11.004900
11.023300
11.032900
12.132500
12.149200
12.339800
13.267700
13.384100
13.500800
13.744100
13.748700
13.753400
13.768500
14.472500
15.109000
15.767100
15.788200
15.820400
16.215800
16.238100
17.766100
17.777000
17.785300
18.680500
18.696700
19.224200
19.508600
20.471500
20.483000
20.860600
20.876800
20.895700
21.917100
22.269400
22.386600
22.429300
23.084700
23.214400
24.210100
24.999000
25.241800
25.276600
26.767400
26.788500
26.888500
27.333200
29.858500
30.035200
30.039500
30.043500
30.046600
30.050000
30.053100
30.056500
30.059600
30.062800
30.066200
30.069400
30.073300
30.077100
30.081500
30.086700
30.091000
30.096500
30.101500
30.106000
30.110800
30.115800
30.122200
30.127400
30.133200
30.138800
30.146800
30.157400
30.166300
30.173400
30.179300
30.188500
30.196100
30.206600
30.216200
30.224000
30.230800
30.242000
30.849200
31.063700
31.833800
32.317600
32.905300
32.928300
33.112600
33.130800
33.348600
33.370800
33.858900
33.873100
33.885700
33.901000
34.758100
35.221600
36.036200
36.802700
36.815600
36.830800
36.937200
37.282100
37.312100
37.589300
37.598900
37.864800
37.881300
38.208400
38.767100
38.779600
39.614600
39.625300
40.418900
40.671900
40.768100
40.789500
40.966100
42.031400
42.041600
42.236600
42.454200
42.874400
44.002800
44.013100
44.109700
44.437700
44.456000
46.312700
46.825900
46.865300
46.873700
46.888700
46.900100
46.926000
47.223500
47.286000
47.694800
47.709100
48.301200
48.329200
48.345700
48.777700
48.801100
48.824300
48.841400
51.467700
51.586200
51.599800
53.234500
56.136100
56.529900
57.248400
57.258100
57.820200
57.832900
57.856400
58.731200
59.543800
59.552700
60.409700
60.433700
61.099000
62.147400
63.044000
63.058200
63.483800
64.881100
64.890500
64.905400
67.644500
67.669000
67.703900
69.757200
69.771400
69.934900
72.163200
72.174900
72.668800
72.680500
72.686100
72.699300
72.877900
74.990500
75.000700
75.712400
75.740700
76.325300
76.339500
76.949900
76.958600
76.966500
76.977200
76.998100
79.565700
79.582800
79.589900
79.599700
79.614600
79.939200
79.969200
80.407500
80.428200
80.692900
80.735200
81.593600
82.901600
82.908600
82.918700
82.929700
82.976200
83.688400
83.707700
85.333900
85.355100
85.370500
86.220800
88.530400
88.547600
89.614600
89.754300
91.195000
91.695800
92.542900
92.740700
95.119700
95.137600
95.346900
95.376300
95.904100
96.582500
96.644300
97.837500
97.848000
97.860700
98.102500
98.679800
99.301000
99.313600
99.363100
99.396800
99.405200
100.329400
100.628200
101.076600
101.199900
102.945400
103.056000
103.452200
103.464400
104.060300
104.647900
104.662000
105.134300
106.313900
106.664000
106.698400
107.473600
108.872100
109.047400
109.058000
109.070400
110.032800
110.050300
110.282000
110.305200
110.322500
110.400700
112.194900
112.622700
113.124700
113.141300
113.306300
113.353900
113.364900
113.888300
113.896700
113.905600
113.914500
114.476200
114.492000
114.500900
115.291100
115.298700
115.344300
115.627300
116.115200
116.798200
117.340000
117.816800
118.476700
118.498000
118.524500
118.827500
119.146300
119.153600
119.169300
