spike times
0.061500
8.313700
8.693000
13.647200
13.669900
13.682600
13.701300
13.713400
14.521000
15.779100
15.788400
16.554200
23.541600
23.558800
29.594800
30.043600
30.048100
30.052400
30.056100
30.059500
30.062700
30.065600
30.068700
30.071700
30.074900
30.078200
30.081300
30.084800
30.088900
30.092700
30.096500
30.100800
30.105200
30.109200
30.114700
30.120000
30.126600
30.132800
30.138700
30.146300
30.159400
30.166500
30.196000
30.207900
30.225500
30.245600
30.253700
30.262100
30.274800
30.290700
30.344900
30.358800
30.396200
30.429100
30.449200
30.457000
30.493900
30.507800
30.539200
30.573300
30.635900
30.734000
30.762600
30.776500
30.787600
30.836800
30.854000
30.926300
30.946300
30.996500
32.383000
32.467200
32.800300
33.161100
33.782700
34.052900
34.066400
34.082100
34.588600
34.760000
34.778300
34.793600
36.376700
36.389000
38.320900
38.726000
38.960100
39.025000
39.395700
39.846900
40.516000
42.756800
43.330700
43.398900
47.600400
50.596200
50.618800
50.631500
52.444100
54.944600
57.208400
58.519000
60.183800
61.078100
61.098900
61.111500
66.440500
69.960300
69.971100
70.507100
72.705800
72.717200
73.871700
73.931500
75.517300
76.084800
76.119500
80.256400
80.397000
83.698000
84.409600
86.487000
86.505000
86.511500
86.519000
86.564300
87.108400
89.874300
89.889700
98.402900
98.952200
98.962600
100.160900
100.172800
100.191400
100.216000
100.832100
101.918800
101.952100
102.540100
111.521800
115.086000
115.167500
116.440800
