spike times
3.877400
3.885000
3.892800
3.899400
3.948400
3.957100
4.477600
4.482600
4.493100
9.852300
9.858000
9.867000
9.873400
9.880100
18.938700
18.949500
18.959600
18.965800
25.236400
25.246700
29.284200
30.033300
30.036300
30.039000
30.041700
30.044500
30.047500
30.050600
30.053300
30.056400
30.059600
30.063300
30.067000
30.071300
30.077400
30.082400
30.091900
30.110300
30.115600
30.978800
30.987200
31.000200
32.076800
32.089000
32.589600
32.595100
32.602900
32.620100
32.627400
33.620600
33.633200
34.569300
34.574800
34.582200
34.590100
34.622400
34.630600
42.126500
42.133800
43.349200
43.354900
43.361600
43.370900
43.876900
43.886400
43.892100
43.905000
43.988600
43.996800
49.707000
49.712600
49.724000
52.972700
52.979500
53.034500
58.077000
58.084600
58.091400
59.979900
59.988300
59.994500
60.003600
60.129900
65.568800
65.578100
65.584200
65.589600
65.596400
69.008900
69.024600
69.032400
69.041200
69.109500
69.121200
70.684200
70.697900
70.712200
70.731300
70.740600
70.748700
72.548000
72.553100
72.558900
72.581100
72.696400
76.762500
76.767400
76.771800
76.777800
76.783300
76.789000
76.793600
76.801500
76.824700
77.315500
77.322300
77.331800
77.338700
77.348500
77.362600
78.064400
78.072600
78.080300
78.092900
78.103300
80.621800
80.627600
80.634800
80.644200
80.656000
80.663000
89.331800
89.339100
89.345500
89.350900
89.357600
89.364700
89.373100
