spike times
0.627200
0.632800
0.641500
2.675400
2.684500
3.272400
3.279200
3.287200
3.300800
4.614000
4.627800
5.571900
5.586600
8.948800
9.317900
11.294900
11.316800
11.326600
11.655800
11.846700
13.791500
13.798700
13.809200
14.535000
14.543500
17.414200
17.424200
18.857900
18.865500
19.661400
19.673900
19.696500
20.246900
20.253300
20.262400
23.016500
24.381700
24.387700
24.397300
24.669500
24.677100
24.684800
25.472400
25.481500
25.519900
25.780200
26.751200
27.592800
27.600800
28.161200
28.169000
30.035800
30.039100
30.042500
30.045300
30.048200
30.051000
30.054000
30.056900
30.059800
30.062700
30.065800
30.068700
30.071900
30.075300
30.078600
30.082100
30.085500
30.089200
30.092800
30.096800
30.100900
30.105000
30.108900
30.113000
30.117400
30.121400
30.125500
30.129900
30.133900
30.138200
30.142400
30.146400
30.150900
30.155300
30.159800
30.164600
30.169400
30.174100
30.178800
30.184200
30.189400
30.193800
30.199400
30.204400
30.210500
30.215300
30.219900
30.225800
30.231200
30.236100
30.241500
30.247600
30.253100
30.260400
30.266100
30.276600
30.281300
30.288200
30.293400
30.294500
30.302400
30.315400
30.321200
30.329200
30.335600
30.344500
30.359900
30.368000
30.375700
30.382100
30.390900
30.402700
30.417300
30.432700
30.439000
30.446200
30.455100
30.462600
30.471400
30.480800
30.488500
30.502700
30.510200
30.519500
30.529500
30.535900
30.554000
30.562300
30.569400
30.579200
30.586800
30.594700
30.608100
30.623400
30.635600
30.643500
30.653700
30.666300
30.675700
30.683300
30.694800
30.707200
30.713700
30.726200
30.733200
30.750300
30.763500
30.775300
30.789500
30.799300
30.809600
30.829000
30.852400
30.875900
30.889700
30.896900
30.916200
30.922600
30.929500
30.941500
30.950700
30.959700
30.974300
30.994600
31.010000
31.029200
31.047800
31.060000
31.069200
31.081400
31.092500
31.105700
31.120900
31.136400
31.154400
31.171900
31.183000
31.198800
31.221800
31.259700
31.272500
31.283600
31.294100
31.320700
31.335400
31.344700
31.365400
31.389500
31.405500
31.418000
31.429800
31.452300
31.481100
31.499400
31.518900
31.533100
31.546600
31.576100
31.586800
31.599000
31.629900
31.685900
31.697500
31.710300
31.748900
31.756800
31.786000
31.805800
31.816800
31.826000
31.858100
31.891300
31.907400
31.918900
31.939200
31.951300
32.015000
32.046800
32.505900
32.792600
32.884600
33.280900
33.333500
33.723500
33.740600
33.818200
33.887200
33.902300
34.071600
34.082600
34.544100
34.550700
34.577100
34.583800
34.624300
35.240900
35.488500
35.711700
35.780600
35.804000
35.938500
36.001000
36.268900
36.503700
36.523300
36.534300
36.767300
36.797500
36.821600
37.104200
37.195800
37.708800
37.729300
37.858000
38.166500
38.342100
38.379100
38.874200
38.943200
38.953400
39.746800
40.849500
40.935300
41.116100
41.128600
41.424200
41.461700
41.469700
42.029700
42.039000
42.063400
42.656900
43.086600
43.094200
43.141200
43.307700
43.315200
43.334700
43.679800
43.778900
44.301000
44.557200
44.578600
45.008800
45.295000
45.320900
45.438200
45.449400
45.457100
45.486200
45.708300
46.718600
47.199500
47.208400
47.219900
47.461000
47.476700
47.729800
47.984000
48.569200
48.581100
48.632600
48.998900
49.105900
49.112800
49.130300
49.281100
49.750900
49.757100
49.870300
50.055200
51.066800
51.074200
51.736800
51.747700
52.334400
52.361900
52.476300
53.580100
53.587000
53.603500
54.070000
54.078500
54.090300
54.710500
54.794500
54.818200
55.599000
56.176600
56.206000
56.215400
56.462900
56.475100
56.718600
56.729500
56.904700
57.062400
57.069200
57.080600
57.263100
57.272400
57.282400
57.897900
58.174000
58.183900
58.539800
58.966400
59.317200
59.324500
59.660200
59.670600
59.943500
59.952700
59.967100
59.976100
60.207200
60.215100
60.226700
60.346300
60.351900
60.358100
60.367300
61.429400
61.434600
61.442900
61.730100
61.737700
61.765400
62.286200
62.859400
62.908300
63.087300
63.267200
63.800400
63.813000
63.921800
64.357000
64.363500
64.375300
64.386600
64.876800
64.884600
64.892800
65.222900
65.254800
65.654200
65.677600
66.001300
66.011200
66.038000
66.051100
66.136400
66.146300
66.171700
66.601200
66.611400
67.259700
67.278600
67.289900
67.619500
67.643600
67.651700
67.983000
68.233500
68.242000
68.923600
69.265800
69.600400
69.605600
70.236200
70.244300
70.255300
71.066900
71.073000
71.106300
71.334400
71.994200
72.004000
72.312700
72.318000
72.676900
72.714900
72.722600
72.732300
72.827400
73.339700
73.347100
73.797900
73.840000
74.288700
74.296700
74.640400
74.648900
74.658300
74.669200
74.688600
74.907000
75.285900
75.292900
75.302800
75.312300
75.716200
75.724400
75.733100
76.305900
76.314300
76.326100
76.334300
77.151900
77.449900
77.849000
77.858800
77.869000
77.965600
78.328700
78.667200
78.681900
78.697700
79.221100
79.233500
79.251900
79.491700
79.502200
80.002000
80.301800
80.328400
80.454900
81.010300
81.159800
81.398900
81.405800
82.030300
82.037200
82.057300
82.346500
82.360400
82.767200
83.074700
83.937500
83.946000
84.409800
84.786400
85.121500
85.521100
85.533700
85.818200
85.954000
86.534800
86.671100
87.542500
87.549500
87.563300
87.628700
87.785400
87.793700
88.611200
89.187600
89.201700
89.208800
89.533400
90.150900
90.311000
90.323500
90.420500
90.920900
91.651400
91.664100
91.784700
92.019900
92.028100
92.079800
92.485100
93.266400
93.274000
93.288800
94.096700
94.707200
95.000000
95.128800
95.361500
96.022600
96.486800
97.297800
97.305000
97.312100
97.324800
97.345200
98.153900
98.167800
98.360000
98.399000
98.412400
98.681700
99.580200
99.587700
102.167200
102.181100
103.030500
103.048300
104.030100
104.037000
104.047000
104.196100
104.204300
105.037800
105.047000
105.477300
105.486200
105.531000
105.543400
106.110600
106.119300
106.128600
106.138100
106.315200
106.321200
106.346800
106.363600
107.283400
107.294000
107.300400
107.315600
107.325200
107.755000
107.760500
107.766800
107.774900
107.899900
108.849600
109.094700
109.108500
109.147200
110.265900
110.289300
110.301900
110.925600
110.934200
110.944300
111.105300
111.331900
111.780600
112.290100
113.536400
114.186200
114.193200
114.203900
114.213500
114.568000
114.580000
115.078300
115.278500
115.549400
115.559500
116.144500
117.865400
117.873000
117.895600
119.074300
119.250600
119.440700
119.452300
119.537100
119.557300
