spike times
0.952900
0.973000
0.985900
0.994300
1.002100
1.811000
1.820600
1.840800
2.313400
2.320300
2.997600
3.007100
3.018800
3.027700
3.035100
3.042800
3.544400
3.571600
3.589000
3.865700
3.872100
3.881300
3.894000
3.900000
4.153900
4.854900
4.868200
5.333700
5.349000
5.777600
5.785900
5.794700
5.826300
6.793300
6.816900
7.552700
7.560500
7.571200
7.580500
7.713100
7.724100
7.999600
8.699300
8.720000
9.831600
9.841800
9.856500
10.151000
10.184500
11.267200
11.278000
11.284200
11.530700
12.415800
12.429700
13.534800
13.550500
13.570900
13.940900
13.948800
13.956200
14.924200
14.939800
17.443100
17.731800
17.738100
17.766700
17.774400
17.783700
18.765100
19.748700
19.766500
19.777400
20.381900
20.400200
20.408900
20.414100
20.419700
20.430100
20.440800
20.912600
20.931300
20.939200
21.371700
21.380500
21.413000
22.350900
22.356700
22.378400
22.383900
22.415100
22.426300
22.843200
23.222500
23.228700
23.237700
23.245900
23.255400
23.266100
24.182000
25.966400
25.972600
25.977900
25.983600
25.990300
28.384500
28.393000
28.400500
28.406700
28.413000
29.600900
29.775900
30.046000
30.049900
30.053500
30.056800
30.060000
30.063300
30.066700
30.069900
30.073100
30.076700
30.080200
30.083400
30.086900
30.090600
30.094100
30.097700
30.101700
30.105900
30.110200
30.114500
30.119300
30.124500
30.129500
30.135900
30.143200
30.151500
30.157800
30.163100
30.169700
30.176700
30.186700
30.195700
30.207500
30.220700
30.228700
30.238000
30.248900
30.256300
30.268400
30.297500
30.347000
30.356400
30.383800
30.427400
30.468900
30.495600
30.503300
30.513900
30.533000
31.229000
31.349800
31.389100
31.528500
31.542100
32.090300
32.120000
32.132000
32.400700
32.414500
32.460100
32.468200
32.773100
33.485300
33.506600
33.517000
33.687700
33.901100
33.908400
33.916700
33.926100
33.933500
33.958200
33.969800
34.359600
34.909800
34.917800
34.925600
34.934700
34.946000
35.726000
36.229000
37.506000
37.520400
37.820400
38.500700
38.510900
38.524300
40.800400
41.155900
41.165600
41.174500
41.903700
41.911300
41.936800
41.942900
42.184100
42.192100
42.202400
44.106100
44.112400
44.122700
44.132400
44.227800
44.243200
45.552200
45.567500
46.912500
46.923900
46.937700
46.946100
47.857600
48.083600
48.541500
48.551000
48.556800
48.570800
48.891600
50.490500
51.225300
51.738600
51.762700
52.478300
52.998500
53.012300
53.021200
54.090200
54.424700
54.436700
55.438200
55.475000
56.042700
56.052900
56.385400
56.402900
56.414300
57.359600
57.836400
57.848100
57.856800
57.864300
58.748500
58.763500
58.772000
58.787900
58.798600
59.611700
59.618600
59.627800
59.639100
59.954400
59.963800
60.575500
60.586800
60.884500
60.897100
61.151000
62.402500
62.409000
62.419800
62.771300
63.756300
65.009500
65.017400
65.038300
65.760000
65.770600
65.792300
67.796100
70.771200
71.052500
71.329000
71.341100
71.350500
71.382100
71.610200
71.635900
71.654400
72.408200
72.420700
73.204600
73.212000
73.219000
73.377200
73.383000
74.424400
75.455900
75.465800
75.481700
75.932400
75.937500
75.942000
75.946700
75.954400
75.961200
77.057000
77.066900
77.503200
77.509700
78.823300
78.830600
78.837300
78.845300
78.854400
78.863600
78.870600
78.994500
79.396300
79.412700
79.714100
79.730700
80.747600
80.756800
80.783000
80.982200
80.989400
81.762400
81.768700
81.777200
81.784900
82.058300
82.065700
82.086200
82.360000
82.575800
82.584500
82.596900
82.604800
83.597800
83.609200
83.620600
84.355700
84.364100
84.372200
84.383100
85.705500
85.711000
85.727200
85.733200
85.743900
85.757700
85.767700
85.888300
85.897200
85.905900
86.226900
86.234800
86.251100
87.088700
87.096200
87.644900
90.629100
90.637600
90.662400
90.732800
90.739900
90.753100
91.227900
91.235600
91.250300
92.121800
92.143700
92.159800
92.498100
92.512600
92.887200
93.107900
93.116900
93.135000
93.147100
94.470600
94.480700
94.708400
94.716100
94.724000
94.761000
95.072600
95.894000
95.912600
96.360600
96.368400
96.388200
96.849500
96.859600
96.865600
96.874700
96.883500
97.577400
97.584300
97.591600
98.663400
98.672100
98.683500
98.876900
101.200700
101.210800
104.776200
104.783000
104.791800
104.799200
104.810200
107.030400
107.044200
107.054400
107.283900
107.292500
107.902900
107.911700
108.485700
109.075200
109.081800
110.647700
110.657400
110.666400
110.724700
110.731200
110.809200
111.043600
111.068200
112.591000
113.351600
116.255000
116.262500
118.883600
118.900500
118.924300
119.158600
