spike times
0.863400
0.872000
6.379200
6.388000
9.661300
9.669100
11.523100
11.545300
12.941500
12.954000
12.983100
15.143300
19.182700
19.197200
21.713100
21.720800
21.727200
22.815900
22.822600
22.836400
26.925800
27.938000
27.946000
29.357200
30.025800
30.039300
30.042400
30.045600
30.048800
30.051500
30.054400
30.057200
30.060100
30.063000
30.066000
30.068900
30.072100
30.075200
30.078300
30.084900
30.091800
30.095500
30.103300
30.107300
30.111200
30.115400
30.119800
30.124300
30.132400
30.136200
30.140500
30.145000
30.150000
30.154000
30.163600
30.174200
30.183300
30.194100
30.199500
30.204400
30.209300
30.216000
30.220800
30.226700
30.232200
30.237800
30.243100
30.248300
30.255200
30.261700
30.269800
30.275700
30.282700
30.301900
30.308000
30.315800
30.322100
30.330100
30.336200
30.343800
30.350800
30.360300
30.366900
30.374200
30.382600
30.390300
30.401200
30.412200
30.419000
30.426100
30.434000
30.442800
30.456300
30.466500
30.472800
30.482500
30.491600
30.499000
30.516700
30.531100
30.535800
30.543300
30.922800
30.934100
31.028600
31.033400
31.318800
31.328000
31.340900
31.462300
31.467500
31.474700
31.485800
31.503800
31.889800
31.916200
31.930900
32.215600
32.312000
32.322900
32.330000
32.607800
32.614900
32.623300
32.711100
32.722100
33.353600
33.368500
33.399700
33.408700
33.417300
33.569900
33.576600
33.582000
33.594700
33.602900
33.950200
33.960300
35.655000
35.735800
35.744200
36.022500
36.372600
36.381000
36.388000
36.394300
36.860700
36.867000
37.358000
37.363700
37.746800
37.932500
38.754400
38.761300
38.769500
38.778500
39.017600
39.023400
39.036900
40.574000
40.582200
40.590900
41.938000
41.953900
41.963600
42.792600
42.799900
43.644600
43.779200
43.787500
45.405800
45.412800
47.302100
47.310200
48.904600
48.942600
48.959600
48.976400
49.332100
49.354800
50.036000
50.053000
51.894600
51.900600
51.913500
51.925500
52.071400
52.080700
52.097500
52.650900
52.683100
53.528800
53.546300
53.554400
53.572000
55.139100
55.148200
55.154800
55.163700
55.175300
55.874400
56.967300
56.980500
57.150500
57.333000
57.342000
57.603700
58.011200
58.018200
58.028700
58.206000
58.223600
59.307000
59.314800
59.327100
59.341400
59.825600
59.836100
59.848200
60.263700
60.279700
61.633200
61.642000
61.650800
61.656900
61.679100
61.686300
61.697500
61.724000
62.387700
64.237200
64.247900
64.258300
65.849600
65.858000
65.869200
65.874500
65.886200
66.562900
66.568500
66.576700
66.588200
67.622600
67.628400
68.211800
68.223900
68.241600
69.036400
69.047700
75.089000
75.101000
75.853500
77.059600
77.864500
77.877900
78.198900
78.888700
79.300400
79.317300
80.486200
81.928500
81.937300
83.011000
83.022600
83.040000
84.941400
84.988100
85.674900
85.684300
85.691800
86.226900
86.236800
88.128100
90.333100
90.349700
91.207600
91.916600
91.927200
93.287200
93.294500
93.301600
93.308000
93.316100
93.328800
93.344000
94.019000
94.587500
94.594600
94.606600
94.615100
95.589500
95.598500
95.910100
95.924300
95.932000
99.329600
99.338000
99.353900
99.985200
99.991500
100.001800
100.018800
100.736000
100.748000
100.756400
101.495700
101.503500
101.511400
102.821500
102.828300
102.835200
102.882300
103.740400
104.773800
104.783100
105.882200
105.892200
110.535100
111.017100
111.803900
111.809200
111.820600
111.830200
113.360100
113.375100
113.541200
113.550700
113.571800
113.586800
114.001900
114.195500
114.203300
114.539700
114.548200
114.558400
114.565900
116.216900
116.225000
118.467700
118.492000
118.738500
118.749600
118.758600
119.981100
119.992600
