spike times
0.466500
0.495000
2.199300
2.215800
2.223200
3.585300
3.601500
6.556000
6.577100
7.017500
9.348200
10.193700
12.285800
17.562200
19.657000
20.044200
23.151400
23.158900
23.224700
26.218200
26.611400
27.894000
27.903600
27.914400
30.040000
30.043400
30.047200
30.050700
30.054200
30.057600
30.061200
30.064900
30.068400
30.072000
30.075700
30.079700
30.084200
30.088000
30.092200
30.097300
30.103300
31.797000
31.804300
31.813100
31.825600
31.835300
31.871600
37.608500
37.621900
38.550900
38.560600
43.995200
44.020300
46.589600
46.599300
68.118800
69.527300
69.534400
69.542700
69.565900
69.573500
71.579800
74.098100
76.962000
77.743100
77.756500
80.786200
88.212300
91.636700
91.652000
93.171700
94.176600
94.201300
94.339300
94.372200
95.392600
99.313100
100.703300
103.729300
103.780100
