spike times
1.162900
1.218100
10.293500
12.009800
12.020900
12.035500
14.699200
25.396200
30.040500
30.044900
30.049800
30.053500
30.056900
30.060500
30.064500
30.068400
30.072300
30.076000
30.079800
30.083900
30.087700
30.093600
30.099200
30.104800
30.109900
30.115100
30.122900
30.135400
30.150200
30.158200
30.167300
30.180300
30.217700
30.231700
30.259100
30.279200
30.289800
30.333900
30.354900
30.371900
30.389600
30.401000
30.407400
30.440900
30.447800
30.483900
30.537900
30.546300
30.584000
30.602800
30.685000
30.708100
30.716200
30.731000
30.772700
30.786900
30.810600
30.909200
30.991900
31.030200
31.112000
31.163500
31.178200
31.277100
31.282500
31.288200
31.294900
31.305800
31.395700
31.422800
31.479100
31.526400
31.537100
31.544500
31.560700
31.575200
31.656800
31.665400
31.678400
31.756400
31.771100
31.843000
31.910300
31.966100
31.996100
32.200100
32.232600
32.241600
32.250200
32.380700
32.472100
32.486900
32.494600
32.502300
32.587800
32.597600
32.654200
32.665200
32.673900
32.700700
32.728700
32.884900
32.990100
32.998800
33.257000
33.269600
33.275600
33.311000
33.328900
33.370700
33.501400
33.608700
33.618200
33.630100
33.697000
33.705800
33.726700
33.827500
33.836700
33.847400
34.055500
34.092100
34.170200
34.203100
34.210100
34.268900
34.277100
34.314200
34.323300
34.502400
34.515100
34.522500
34.598700
34.611300
34.676100
34.776800
34.812800
34.848500
34.955500
35.004700
35.302300
35.863500
35.878300
35.885400
37.142500
37.850100
37.866500
37.923700
37.934800
38.571900
39.040600
39.059200
40.993000
41.008700
42.602500
44.485800
44.853900
45.857200
46.920400
48.610900
49.408500
49.419900
49.950300
50.329600
50.365000
52.031900
52.497500
53.241200
53.984900
56.378600
56.385200
58.197400
58.847200
59.430900
61.800300
62.240700
62.266600
62.816100
62.856400
64.432000
64.998800
65.010500
65.018300
65.026500
66.985500
67.077900
68.029400
69.023300
69.193500
69.476500
69.494400
70.566800
71.865000
72.081700
72.092800
74.555200
74.571100
74.585900
74.601500
74.619900
76.930900
77.801600
77.812300
77.855900
77.880800
78.727000
79.130500
80.443900
82.665800
82.955100
83.841100
85.140900
85.808800
85.984300
87.585100
87.792100
88.013300
88.615600
90.895700
90.912100
90.922300
90.932800
92.366000
92.378200
92.402700
92.775900
93.252600
97.959900
98.617400
100.944600
100.958000
100.974100
101.092200
102.634300
102.669700
103.207300
104.173200
106.579400
107.624200
110.355200
110.369200
112.270700
113.246200
116.595500
116.624100
116.652100
116.676200
117.532100
118.534700
119.338000
