spike times
0.145500
1.624200
5.034100
6.277300
6.299900
6.390100
8.317800
8.824100
11.672400
14.801900
14.820500
14.847400
14.863600
17.477200
17.874800
17.941600
19.533400
19.546200
19.566800
19.585000
19.609000
21.179600
21.849300
21.861600
23.824300
23.836600
24.634900
24.680300
28.858400
28.866800
28.894600
30.037100
30.041000
30.044600
30.047700
30.050700
30.053700
30.057200
30.060600
30.064000
30.067900
30.071800
30.076400
30.080500
30.085100
30.091400
30.096300
30.101600
30.106800
30.113600
30.124000
30.130900
30.135700
30.142100
30.152500
30.160100
30.167900
30.184100
30.201400
30.214400
30.221500
30.254900
30.263100
30.269600
30.278500
30.310500
30.320800
30.335100
30.349000
30.357700
30.365600
30.382200
30.392300
30.405600
30.448900
30.480300
30.503800
30.541400
30.553500
30.592100
30.643600
30.682500
30.689400
30.725600
30.743700
30.755000
30.762400
30.773000
30.875000
30.888400
30.913600
30.921500
30.928300
30.943200
31.073000
31.085800
31.137600
31.163400
31.255700
31.264500
31.282600
31.304500
31.409600
31.420000
31.428300
31.446800
31.461200
31.578800
31.584700
31.594100
31.610200
31.704500
31.715900
31.726500
31.735600
31.836400
31.849500
31.896500
31.919800
31.967100
32.016100
32.037900
32.051100
32.071600
32.178900
32.217500
32.225500
32.231700
32.272700
32.339200
32.409300
32.430900
32.440900
32.492100
32.536400
32.547300
32.565200
32.709400
32.717700
32.726700
32.741300
32.806700
32.914600
32.925100
32.934300
33.034100
33.101600
33.145800
33.211700
33.268300
33.340600
33.358900
33.403300
33.409300
33.426400
33.490200
33.512500
33.542300
33.588500
33.649600
33.660000
33.668800
33.685900
33.741100
33.886400
33.933900
33.943800
33.957900
34.050500
34.073500
34.107100
34.226300
34.243900
34.268400
34.324500
34.342400
34.376200
34.544500
34.586100
34.610300
34.619500
34.667200
34.681700
34.700400
34.722800
34.746700
34.758700
34.768800
34.798800
34.924700
34.953400
35.021800
35.505800
35.731600
35.815800
36.177000
36.190100
36.274700
36.305600
36.433200
36.610300
37.328600
37.552500
37.856700
37.871300
37.906500
37.919700
37.927900
38.104600
38.112400
38.122800
38.132900
38.367600
38.378200
38.540700
38.677400
38.686300
39.074400
39.364000
39.383100
39.390800
39.470400
39.650000
39.761200
39.772700
40.406200
40.416500
40.866500
40.983600
40.990400
41.010600
41.019600
41.609800
41.742700
41.753700
41.990100
42.004900
42.041100
42.336400
43.490900
43.773000
44.108400
44.392300
44.993300
45.292500
45.733900
46.053900
46.707000
47.214600
47.223900
47.240800
47.865900
48.295300
48.322400
49.336300
49.358600
49.446000
50.400000
50.521100
50.537000
51.787100
51.812700
52.149500
52.457100
52.821500
52.936100
54.161100
54.177800
54.392100
54.413600
54.426700
55.428500
57.298400
57.494400
57.563200
58.124400
58.160500
60.906800
60.915900
61.728900
61.738100
62.464200
62.471300
62.495600
62.914200
63.256000
63.701500
64.649000
64.880100
65.847800
65.863300
65.951800
65.970900
66.288300
66.306500
67.054400
67.070700
67.427000
68.578300
68.712100
68.762200
69.316600
69.342300
69.377500
69.517800
69.878400
70.994700
71.004800
71.574800
71.600400
71.628000
71.644900
71.993100
72.028100
72.532100
72.539200
73.798200
73.819400
73.831600
74.330100
75.201000
75.616500
76.339300
76.346800
76.356600
76.634800
76.657600
76.957700
77.136900
77.385100
77.400500
77.421400
78.749500
78.761600
78.786700
79.798600
79.840700
79.861100
80.964100
81.685200
81.701000
81.720200
81.731700
81.752000
82.007100
82.890200
82.898200
82.905400
83.457900
84.396500
84.412500
84.428800
84.600100
85.073500
85.585600
86.433000
86.439700
86.450400
86.757700
88.497700
88.710300
89.119600
90.024900
90.806300
90.835100
91.111600
91.122900
91.462000
91.673900
92.149300
92.192100
92.362500
92.377300
93.450600
93.462100
93.517400
93.558900
93.988600
95.024500
95.512600
95.531600
95.636600
95.649300
97.316800
97.593500
97.639700
97.761600
98.208500
98.391000
98.672000
100.920400
100.943200
100.960600
100.973900
102.792800
102.802300
102.968200
102.979700
102.997800
103.917800
103.927100
105.380100
106.205400
106.702500
107.016600
107.770900
107.782600
107.807700
108.342200
108.599300
108.612300
108.622300
110.102900
110.110900
110.123000
110.137000
110.153700
110.476000
110.489200
110.500400
111.083600
111.926000
111.973500
112.100800
112.541400
112.577900
112.966700
112.995700
113.197500
113.508200
114.265100
114.986200
115.015500
115.586800
115.603500
116.147900
117.791500
117.810800
