spike times
1.096300
3.275400
3.322500
4.388600
4.403200
4.418500
4.432900
7.353000
7.376800
8.106300
8.136400
10.258500
12.286500
12.370700
12.384900
12.420800
15.524000
15.549600
15.567800
15.649400
30.037000
30.040700
30.043800
30.046900
30.050200
30.053200
30.056400
30.059200
30.062100
30.065300
30.068900
30.072200
30.075800
30.079400
30.083200
30.087400
30.091400
30.096800
30.102600
30.111500
30.454600
30.470200
30.483700
30.512800
30.718600
30.773900
31.094000
31.585900
32.916800
39.948600
42.176800
42.194300
42.225500
42.254100
42.810200
44.434600
44.457900
44.468200
44.489600
52.582800
52.603100
52.622500
52.641000
52.686700
55.182200
70.200500
70.223300
70.285200
70.343000
70.424700
77.765500
77.774700
77.785400
77.802300
87.153800
87.168300
87.186700
87.205600
