spike times
23.034300
23.043900
30.047000
30.051900
30.055400
30.059400
30.063000
30.066400
30.070400
30.073800
30.077200
30.081000
30.089100
30.093300
30.098800
30.104700
30.110800
30.121200
30.133000
30.443700
30.453100
31.023600
31.524100
31.538100
31.551300
40.966800
40.975700
40.986900
41.899800
44.867000
44.880400
44.918500
46.891400
46.901000
59.790700
59.806100
70.942400
70.953300
70.967100
71.687500
71.692100
71.705700
73.381600
73.391100
76.613500
76.626300
76.638800
79.559400
79.570300
79.579600
80.637100
80.644900
80.658400
80.667600
80.675000
80.690900
