spike times
0.486700
1.990200
2.509700
2.731600
2.751200
2.768300
2.802100
3.361800
3.392100
4.072800
4.085300
4.315400
5.045700
6.177500
6.192700
6.583600
7.554200
7.748300
8.427300
8.591900
8.622600
8.871800
9.435000
9.603500
10.143300
10.238700
11.173000
11.206000
11.218200
12.235300
12.426500
12.434900
13.451700
13.830900
15.007300
15.045800
17.654800
17.957600
17.976800
18.004000
18.420100
19.287900
19.303200
19.318700
19.549800
20.106300
20.125600
20.153200
21.185100
21.436300
22.287000
22.763800
22.789000
23.382800
23.846000
24.546700
25.135100
25.968700
25.983900
26.025100
28.275800
28.299400
28.319300
28.719500
29.151100
29.162200
29.177000
29.199100
30.042400
30.048100
30.052600
30.056600
30.060800
30.064700
30.068500
30.072200
30.074900
30.080900
30.085100
30.089600
30.095500
30.101000
30.107600
30.117800
30.140100
30.166900
31.037700
32.139100
33.104400
33.355300
36.177100
36.215700
36.629900
36.645100
36.813900
37.345700
39.395800
39.410200
39.424200
39.446300
39.863500
40.246200
40.562700
40.984600
41.364900
41.682000
42.002600
42.022100
42.037700
42.531100
42.605300
42.756800
43.643100
43.764400
44.192600
44.687500
44.939000
45.967300
46.731800
46.949800
47.221500
47.471000
47.489000
47.593300
47.793100
48.119500
48.537700
48.550900
48.567300
48.600900
48.924000
49.022300
49.051900
49.666600
49.737700
50.299300
51.122400
51.708600
51.729600
51.937300
51.955300
52.337500
52.669800
52.762800
52.780100
52.805700
53.126400
53.413600
53.557200
54.419000
54.479300
55.613600
56.288400
56.351600
56.689800
56.864000
57.362300
57.576100
58.216100
58.650400
58.982300
58.996000
59.370600
59.911400
59.933100
59.953900
60.356700
60.379000
60.394600
60.474900
60.716700
61.022200
61.281200
61.718600
61.733100
62.192100
62.438300
62.495600
62.515700
62.787600
62.912600
63.005700
63.259600
63.351500
64.051000
64.065500
64.591200
64.895500
65.840100
66.417400
66.656200
66.667200
66.711600
67.132400
67.338900
69.121100
69.697500
69.877100
70.343300
71.059000
71.075600
71.781400
71.804900
72.205300
73.749500
73.942100
74.743300
76.340400
76.355900
76.380300
76.661800
76.676400
76.972900
76.996500
77.261200
78.662400
79.896100
80.435800
81.000600
81.022000
