spike times
0.913600
1.784300
1.793600
1.815200
1.844200
2.365700
2.389500
3.054800
3.064100
3.084700
3.094800
3.120300
3.783800
3.824300
3.833200
3.846200
4.134300
10.779000
10.816400
11.161100
11.188200
13.425300
13.738800
13.759800
15.102500
15.121000
15.155700
15.271800
15.279100
16.151700
19.607100
19.637500
21.579000
21.600200
21.631300
22.230600
22.702100
22.739600
23.418500
25.406300
25.556300
25.576400
27.042700
27.580500
27.923400
28.385400
28.400900
28.526500
28.556700
28.572100
30.040600
30.044400
30.048100
30.051700
30.054800
30.057700
30.061000
30.064100
30.067000
30.070200
30.073400
30.076700
30.079900
30.083000
30.086400
30.090300
30.094200
30.098100
30.102400
30.106600
30.111300
30.116400
30.121300
30.126200
30.130500
30.135200
30.140600
30.146200
30.151300
30.159800
30.165200
30.171900
30.177400
30.183100
30.190300
30.198700
30.204500
30.214100
30.220400
30.227700
30.234500
30.242000
30.249700
30.261400
30.271500
30.287700
30.296400
30.305100
30.318500
30.353900
30.370500
30.414600
30.421500
30.450200
30.461200
30.512600
30.531600
30.550100
31.079400
31.086600
31.475400
31.568000
32.094900
32.187600
32.585000
32.604100
33.031200
33.549800
34.243100
34.251400
34.260500
34.277500
34.552500
34.655500
34.909800
34.926800
35.359700
35.922300
35.936400
36.534200
36.546500
36.553300
36.585700
36.599400
38.014400
38.076700
38.653500
38.815400
38.831000
38.840400
38.891500
39.507200
39.582700
40.350100
40.429200
40.479500
40.484600
40.491000
40.498900
40.506800
40.900900
41.017500
41.046800
41.105700
42.278700
42.428000
42.449900
43.383600
43.478000
44.243900
44.253600
44.279800
45.301700
45.500600
45.508000
45.518000
45.528100
45.872900
45.940800
46.203500
47.248000
47.256700
47.269600
47.561800
47.962000
48.007500
49.204100
49.215200
49.599500
49.614500
51.230200
51.451800
51.809900
51.826700
51.916200
52.541300
53.232100
53.248000
54.371700
54.388000
54.900600
54.921500
55.369900
56.335900
56.346200
56.360200
56.574700
56.894600
56.908600
56.920300
57.085900
57.998800
58.005300
58.124200
58.136200
58.994600
59.002900
59.018800
59.119400
59.175500
60.661800
60.679000
60.962400
61.044400
61.064100
61.073500
61.143500
61.157900
61.519200
61.614800
62.520500
62.532600
63.182500
63.189300
63.195600
63.211300
63.239100
63.248100
63.655200
63.663200
63.708200
63.720100
64.861300
64.878900
64.899400
67.108700
67.144100
67.285700
68.377500
68.948300
70.052500
70.078900
72.403000
72.426500
72.683200
72.695300
72.961200
73.432200
73.442400
73.772200
74.125000
74.703500
74.722500
76.046500
76.802500
76.846600
77.746200
78.450700
79.103000
79.312500
79.575400
79.582900
79.597500
79.647400
79.665600
79.941200
80.055000
80.063500
80.853300
80.858600
81.831400
81.968000
81.978600
81.997000
82.104700
82.366600
82.894600
83.066700
83.102800
83.316500
83.328500
83.350500
84.391100
85.640300
85.662700
85.677600
85.770700
85.780300
86.380200
86.390200
86.399300
86.510300
87.110800
87.118000
87.129800
87.489600
87.503300
87.800200
87.817100
87.829200
87.849000
88.244600
88.481300
88.492600
89.006800
89.523900
89.543000
89.681300
89.843000
89.994000
90.004900
90.527400
91.171400
91.355100
91.565700
91.582100
91.969600
91.980100
92.219200
93.139500
93.410800
94.199200
94.214700
94.334400
94.642500
94.687700
94.700300
94.710300
94.737400
94.803600
94.811900
96.012800
96.595600
96.606500
96.622400
96.986100
97.040200
97.788500
97.809400
97.829100
98.337700
98.386000
99.255600
99.273500
99.920300
99.933700
100.336800
101.229900
102.224300
102.236200
102.616500
102.649000
102.938500
102.948400
102.958200
102.982500
103.297300
103.600100
103.853100
104.188700
104.818200
104.828700
104.846600
105.489900
105.501900
105.669400
106.019500
106.031600
106.044500
106.610100
106.848000
107.035200
107.202300
110.505300
110.524700
110.549800
110.561100
110.572600
110.580700
111.886600
113.310300
113.326800
113.602400
114.029400
114.038900
114.504700
114.521900
116.865700
116.901200
117.074000
117.095600
117.133600
118.585500
119.317500
119.493700
119.508600
119.772800
