spike times
2.559900
12.301500
12.343100
15.003500
15.023200
27.681800
27.696900
27.720200
30.038200
30.042300
30.045700
30.049100
30.052300
30.056200
30.059500
30.062700
30.065900
30.069100
30.072600
30.076100
30.079100
30.082500
30.086100
30.089600
30.093400
30.097800
30.102500
30.107700
30.112300
30.116400
30.120900
30.125700
30.131200
30.136500
30.142000
30.149600
30.155500
30.161100
30.168300
30.173900
30.179900
30.186900
30.193200
30.203400
30.209500
30.215600
30.225000
30.232500
30.243200
30.257300
30.275400
30.285100
30.304000
30.317000
30.377400
30.401000
30.408900
30.423100
30.447200
30.486400
30.496100
30.517700
30.519700
30.534200
30.947200
30.960800
31.168100
31.346700
31.640800
31.676600
31.697200
31.889500
31.905600
31.957200
31.994000
32.437600
32.588600
32.611000
33.660800
33.671500
33.992700
34.077800
34.097800
34.121300
34.340500
34.375700
34.562900
34.590600
35.108300
35.755500
35.827900
35.844300
36.896100
36.915200
36.925100
36.937500
37.166900
37.789900
39.031500
39.039200
39.058900
39.077500
39.099000
39.788700
39.798400
39.815800
41.444800
41.457100
41.474300
44.025600
44.038100
44.052300
44.071500
44.496800
44.594300
46.134300
46.158300
47.217800
60.678900
60.709800
63.635600
65.405600
66.670500
66.679500
66.689800
69.863900
69.873900
69.889000
69.913500
69.977400
77.525800
78.139300
78.156500
78.176500
78.244100
78.268900
87.381500
97.558700
97.646800
102.802900
102.823900
106.805400
109.705300
110.963800
110.975100
111.263800
111.289000
117.458200
119.072400
119.109400
119.172700
