spike times
2.881000
10.115100
16.078200
16.087900
16.098800
16.107900
16.119200
16.132900
16.158500
16.480800
20.942100
30.042800
30.047600
30.051700
30.055600
30.059500
30.064000
30.067900
30.071800
30.075800
30.079900
30.084400
30.089000
30.096000
30.101500
30.108000
30.115700
30.124500
30.132900
30.144100
30.153000
30.177200
31.154900
31.793900
32.717000
32.725700
32.734500
32.743400
32.755700
35.912300
37.938200
41.930500
42.689200
53.821100
57.608500
65.436000
65.454000
73.307600
73.334200
86.517600
94.785100
94.797000
102.245600
107.047800
113.536300
113.545200
113.555800
114.770000
117.289100
117.301200
117.310000
117.321100
117.332800
119.543400
119.556300
