spike times
0.317200
0.340600
0.580800
1.316200
1.333400
1.913700
1.980600
2.005100
2.202300
2.928100
2.951000
2.971700
4.022500
5.036100
5.691100
7.175900
7.194500
7.324400
8.968100
10.174600
10.213700
10.802600
11.286200
12.295400
12.749100
13.071400
14.470800
14.860300
15.341500
15.353600
15.373300
15.790300
16.126200
16.828500
17.570100
17.870300
18.626300
18.661300
19.475100
20.240600
21.151900
21.168100
21.282700
23.053400
23.069300
24.099400
24.281700
25.256000
25.524200
26.059200
26.072100
26.090100
26.308700
26.922300
28.075700
28.220800
28.860400
28.881400
29.940200
29.976500
29.989000
30.036800
30.040700
30.044800
30.048000
30.051500
30.055200
30.058800
30.063400
30.068100
30.073300
30.078600
30.085300
30.090100
30.095700
30.105000
30.112200
30.119500
30.125700
30.134400
30.141500
30.148100
30.158000
30.167200
30.173200
30.182300
30.188600
30.196000
30.214000
30.230300
30.250800
30.546500
32.130600
32.365000
32.436100
32.510100
33.769400
33.966900
34.289600
34.313500
34.871800
35.434800
36.533800
36.852300
36.866300
37.039400
37.300200
37.514100
38.364700
38.394300
38.407000
38.417300
38.490700
39.335600
40.300100
41.420400
42.933900
42.954600
43.775300
44.071100
44.500400
45.057500
45.078100
46.658700
46.691700
46.806800
46.989500
47.486400
49.782100
49.802500
50.245000
50.677500
51.544800
51.768000
52.399100
52.420700
53.243400
53.251800
53.539000
53.573600
54.131800
54.148500
54.202400
54.429500
54.730400
54.748200
55.261800
55.885800
56.673900
57.227000
57.522300
57.735700
57.790500
57.906800
58.408000
58.561500
58.617000
60.017600
60.378700
60.662900
61.094300
61.610900
61.626500
62.345400
62.439000
63.354300
63.390100
63.489100
64.033400
64.491400
64.870300
65.217600
66.330200
66.359500
66.514400
66.523200
66.665700
66.675000
67.039000
67.060700
67.555900
67.729300
68.692900
68.710400
69.435800
69.865000
70.408300
70.418400
70.520000
71.278500
71.295100
72.258700
72.273200
72.461100
72.620500
73.266300
74.327200
74.816500
75.552700
75.906700
78.497800
78.545800
78.925300
78.936400
79.079600
79.091800
79.914600
79.923600
79.952400
80.202900
80.213200
80.247100
80.751000
81.093700
82.713800
84.848200
85.016400
86.223300
86.230600
86.265000
86.400700
86.679800
87.320600
87.330400
87.346600
87.369300
87.380000
87.866600
89.644700
90.340300
90.772600
91.382300
91.419800
91.439600
92.687700
93.268100
93.604600
95.124900
95.313200
95.326100
95.349500
95.635300
96.067000
96.082900
96.685200
96.877200
96.891800
98.037100
98.942000
99.590100
99.614400
99.636000
99.746400
99.755800
99.772000
100.761300
101.839200
102.745500
103.483700
104.423900
104.785400
105.906600
105.930700
107.268700
108.996400
110.035500
110.077700
111.204600
111.223100
111.265100
111.918200
113.592000
113.816000
113.833700
113.848300
113.934000
114.260000
114.286700
114.433600
114.949400
114.965200
115.962800
116.001900
116.191000
117.090100
117.107900
117.204800
118.671100
118.847500
119.369200
