spike times
0.100200
0.113700
0.542000
0.863800
0.890100
1.342500
1.574300
3.905800
4.148200
4.178700
4.212800
4.367900
4.390400
5.402600
5.421700
5.445500
5.458100
5.468700
5.541100
6.978200
7.187400
7.195800
7.222100
7.580500
7.725900
8.305200
8.452900
8.463500
8.548500
9.233800
9.410200
9.557900
9.846200
10.118300
10.207400
10.261500
10.299800
10.837700
10.900700
10.914100
10.926100
11.070500
11.322200
11.605500
11.619800
11.956600
12.250600
13.282100
13.293800
14.495800
14.507500
14.989000
15.152600
16.393500
17.151900
17.845900
19.063800
19.702100
20.885900
21.172100
21.627400
22.368400
22.756300
22.935400
22.948400
23.211300
23.558700
23.667600
24.511700
24.870600
24.953300
26.105200
26.463400
26.482500
26.763300
27.907600
27.929800
27.943000
28.472800
28.566000
29.739700
29.804000
30.038800
30.044200
30.049100
30.054400
30.060500
30.065600
30.069600
30.074200
30.078300
30.082500
30.086500
30.090500
30.094400
30.098500
30.102200
30.106900
30.112000
30.117800
30.124600
30.130200
30.136900
30.152500
30.164800
30.796500
31.016200
31.043200
32.257100
32.291000
32.481300
32.846900
33.332100
33.367700
34.343200
35.228800
35.244700
35.763600
36.204200
37.408100
37.602600
37.762100
38.194100
38.437300
38.591000
38.989500
39.021800
39.287000
39.324300
39.629100
39.666600
39.795400
39.808400
40.097400
40.313100
40.330400
40.888300
40.901300
41.216100
41.241700
41.397500
41.564800
41.595500
42.332400
42.354400
42.559600
42.675000
42.744000
42.883400
42.897700
43.547900
43.564300
43.755900
45.321200
45.531300
46.202800
46.721900
47.165400
47.287200
47.407600
47.419300
47.430400
47.979000
48.151200
48.159800
48.190800
48.290200
48.296800
48.307900
48.998800
49.037200
49.051700
49.410800
50.215100
50.224700
50.240800
51.743400
52.778400
53.296700
53.312200
53.338200
53.656900
53.835900
53.877200
53.998300
54.472600
54.786700
55.156100
55.376900
55.414500
55.712100
55.769200
56.007500
56.566300
56.582000
57.042500
57.054500
57.229400
57.410500
57.438900
57.959300
58.136900
58.467900
58.490800
58.813000
58.824500
59.176400
59.200500
59.506200
59.933900
60.176800
60.192000
60.808500
61.161100
61.417600
61.638700
61.786000
61.916000
62.221700
62.264300
62.489900
62.804800
63.018900
63.077000
63.258200
63.277000
63.360200
63.422400
63.939800
64.369100
64.395500
64.686600
64.731000
64.737400
64.759700
64.880700
65.534700
65.940500
66.108200
66.810400
67.671300
67.687600
67.803500
68.007000
68.162000
68.235400
68.707900
68.987200
69.021200
69.030000
69.057600
69.377700
69.712600
69.796000
69.811900
69.963000
70.278900
70.423700
70.775100
70.796600
70.836700
70.971200
71.231200
71.254900
71.264600
71.386700
72.055000
72.239700
72.252500
72.320600
72.693700
72.884000
73.600400
73.686200
73.797200
73.932500
74.041800
74.678300
74.695600
74.724400
75.190200
75.225500
75.489200
75.617700
75.640000
76.152300
76.382100
76.524100
76.536600
77.351000
77.368100
77.381500
77.783600
77.986100
78.073700
78.405400
78.884300
79.156300
79.333200
79.571700
80.141700
80.623600
80.917200
80.954600
81.389800
81.619300
81.628500
81.892000
81.916200
82.195500
82.202600
82.215400
82.238200
82.263000
82.831500
82.853300
83.338100
84.292400
84.763900
85.321900
85.826000
86.103200
86.248200
86.932200
87.822600
88.234900
88.604800
88.955800
89.812200
89.823900
90.332700
90.479400
90.612100
