spike times
0.451600
0.657800
0.713500
1.654000
1.662300
1.674000
1.700300
2.191000
2.598400
2.923000
3.341800
4.666300
5.181900
6.300700
6.846100
6.887000
7.002300
7.702300
7.713600
7.756500
7.775200
7.933500
8.150600
8.561200
8.690100
8.919100
9.741400
9.779100
10.562600
10.588000
10.820100
11.297700
11.487500
11.515400
11.536200
11.703600
11.718500
11.954300
12.453500
12.912100
13.018300
13.427400
13.441500
13.529300
13.831800
14.094100
14.294100
14.319000
14.354500
14.700800
14.707800
14.717700
14.737200
15.009000
15.366600
15.383200
15.392900
15.542300
15.701300
15.815000
16.167300
16.465500
16.569500
16.958500
17.151800
17.165900
17.439100
17.659800
17.887600
18.215700
18.716500
18.728200
18.739400
18.756100
18.768300
18.787600
18.799400
18.821800
19.218000
19.301200
19.707300
19.970300
20.270500
20.289800
20.459200
20.472800
21.072400
21.121700
21.149900
21.163400
21.516100
21.526300
21.536500
21.672900
21.682900
21.973300
22.683300
22.835500
23.063000
23.766200
24.140000
24.160400
24.268600
24.622500
24.756400
24.783700
24.859300
25.879600
25.908600
26.221200
26.804800
26.816100
27.393300
27.420800
27.493100
27.499900
27.678100
27.689000
28.032300
28.084400
28.101400
28.311500
28.542200
28.563500
29.149600
29.189500
29.262200
29.269300
29.283400
29.292500
29.300700
29.309100
29.319400
29.331900
29.343500
29.527000
29.534700
29.552500
30.045600
30.049800
30.054200
30.057800
30.061300
30.065300
30.069300
30.073600
30.077900
30.082200
30.086800
30.090900
30.095500
30.100700
30.106600
30.112000
30.117700
30.123900
30.129900
30.135800
30.142000
30.149200
30.156500
30.164800
30.173500
30.180600
30.187200
30.195300
30.203600
30.213200
30.220300
30.225800
30.234300
30.242500
30.252400
30.260600
30.272000
30.280200
30.288200
30.295100
30.303800
30.311800
30.319500
30.332100
30.343100
30.356100
30.365700
30.376200
30.393200
30.404600
30.416800
30.429900
30.442100
30.452300
30.479600
30.494000
30.501300
30.510600
30.939200
30.960200
31.185100
31.403200
31.417300
31.435800
31.789900
31.801200
31.812200
32.043600
32.056800
32.480200
32.493500
33.177000
33.591300
33.881800
33.902900
33.914000
33.960300
33.973700
34.182500
34.197500
34.415300
34.518700
34.721500
34.870300
34.885600
34.899100
34.902300
34.908500
35.427300
35.609200
36.438800
36.517400
36.774400
36.939000
37.356300
37.379000
37.817100
38.120900
38.526000
38.801600
38.849600
38.858600
39.092100
39.591800
39.883600
40.116900
40.398000
40.590500
40.725500
40.883300
40.894000
41.126400
41.203300
41.313200
41.336300
41.517700
41.530000
41.862500
42.218000
42.237800
42.439100
42.463400
42.772100
42.924300
43.023900
43.842000
43.853400
43.874300
43.924500
44.035000
44.047400
44.064600
44.437800
44.449900
44.714800
44.734700
44.885900
44.914300
45.150600
45.300000
45.315200
45.329300
45.458600
45.723900
45.745600
45.787700
45.824300
46.624800
46.636200
46.649900
46.663800
46.687600
47.209000
47.225100
47.496200
47.520900
47.822200
47.930400
47.950300
48.319700
48.398100
48.412500
48.608400
48.847700
49.272500
49.283500
49.521600
49.825500
49.834700
50.050500
50.272200
50.288900
50.396800
50.825600
50.932000
51.019300
51.250200
51.391100
51.404600
51.658200
51.839500
51.862300
51.883800
51.907100
52.167300
52.189900
52.533400
52.864100
53.139200
53.170800
53.367300
53.816200
53.882200
54.286900
54.365400
54.375600
54.490000
54.520900
54.709300
55.328800
55.651100
55.665900
55.807100
55.892500
56.673400
56.747400
56.759400
56.779900
57.250600
57.297600
57.308800
57.426000
58.026400
58.064400
58.088700
58.433900
58.443500
58.457100
58.468100
58.555800
59.039300
59.284600
59.541500
59.549900
59.560300
59.722100
59.957900
59.968200
60.356300
60.668200
61.017400
61.045100
61.078800
61.514800
61.719200
61.746800
61.775600
61.835600
62.286900
62.301500
62.704500
62.719500
62.837400
62.868200
63.283200
63.303400
63.312900
63.322600
63.335400
63.345200
63.355700
64.258800
64.278400
64.307300
64.561800
64.824700
65.343000
65.502200
66.113100
66.131800
67.707200
67.724600
67.945400
68.429400
68.461900
68.629000
68.640100
69.051100
69.581500
69.761600
69.779000
70.344600
70.354900
70.784300
71.364600
71.375900
71.388400
71.406700
71.516900
71.540400
71.903100
72.074000
72.099200
72.175100
73.065000
73.150000
73.168900
73.644900
73.655800
73.678800
73.924800
74.266800
74.285500
74.545600
74.610300
75.470100
75.585600
76.616100
77.059100
77.196400
77.261700
77.275400
77.306300
77.483600
77.715700
78.290600
78.614900
78.639500
79.063300
79.583300
79.602300
79.626800
80.031400
80.046100
80.522300
80.543400
80.560400
80.891900
81.023500
81.157800
81.408000
81.415600
81.427800
81.471900
82.167000
82.183600
83.347100
83.365300
83.682400
84.414900
84.531000
84.543300
85.043600
85.179700
85.427600
85.604200
85.622000
85.711300
85.926800
85.961300
85.970700
86.405700
86.706600
87.398900
87.668000
87.927000
89.007500
89.028300
89.038100
89.058300
89.721600
89.734900
89.892600
89.994200
90.132300
90.166300
91.255000
91.266400
91.278400
91.299200
91.423500
93.622100
94.178300
94.241000
94.266000
94.374400
94.911900
94.929300
94.956400
94.971300
95.105200
95.948600
95.968100
96.000400
96.018200
96.033500
96.202900
96.335600
96.861000
96.873000
96.910800
96.970200
97.025300
97.162000
98.194400
98.210400
98.834100
99.158000
99.439300
99.818300
99.838600
99.850300
99.860300
100.379300
100.500800
100.511400
100.888700
100.907100
101.407400
102.097200
102.380500
102.399100
102.412200
102.425200
102.977600
102.996000
103.427700
103.443800
103.470600
103.492100
103.676100
104.017100
104.440700
104.450900
104.463800
104.499000
104.506700
104.518700
104.532900
104.549900
104.903100
104.917100
105.335600
105.627500
105.979900
106.359100
106.928300
107.272400
107.291100
107.303500
107.321700
107.338300
107.918200
107.940900
107.967700
108.228300
108.900400
109.370900
109.751200
109.945600
110.520400
110.845500
110.907100
111.340900
111.435600
111.450600
111.960800
111.972300
112.458500
112.708200
112.746400
112.759100
112.973500
113.372400
113.391700
114.128300
114.326300
114.368800
114.613000
115.195000
115.614800
115.744100
115.755800
115.771000
115.890400
116.444700
116.823700
117.115700
117.570000
117.638100
118.246700
118.289600
118.324800
118.338100
119.067000
119.083800
119.688800
119.718800
