spike times
1.356200
1.697500
2.405900
2.991700
3.697300
3.712400
3.726700
3.737900
3.751100
4.711200
5.926400
7.250400
7.265900
7.528000
7.555900
7.838500
8.163000
8.181500
8.189100
8.750100
9.516800
10.854500
11.519900
12.909800
13.985500
13.997000
14.006600
14.016600
14.028200
14.142700
14.153700
14.471700
16.083400
16.657000
17.652300
17.671100
17.686600
17.696600
17.716900
18.049100
18.336700
19.227700
30.125900
30.187500
30.206500
30.259800
30.387400
30.467300
30.478600
38.516800
38.527300
52.628500
57.207700
57.220800
79.967300
79.980600
82.200700
90.096800
90.105700
90.116800
90.124000
90.131300
90.143700
90.164300
