spike times
0.172100
0.448000
0.713600
1.266900
1.540300
1.594800
1.607900
1.823100
2.126400
2.479600
2.653700
3.022000
3.767700
3.780500
3.790700
3.799800
3.812000
4.198000
4.212500
4.252700
4.426300
4.549700
4.561900
5.743100
5.770300
6.138500
6.158600
6.583800
6.603700
7.004700
7.181100
7.372800
7.960700
8.192000
8.627500
8.661900
8.882400
8.890900
8.901200
8.915200
8.942700
8.958300
9.003100
9.138400
9.151300
10.029300
10.040100
10.406500
10.723400
11.000800
11.258500
11.964000
12.425200
12.440600
12.526800
12.944900
13.301400
13.312100
13.590700
13.603900
13.670100
14.332300
14.693900
14.710000
14.750500
15.793800
15.829800
15.843100
15.857900
15.879900
16.057800
16.221900
16.235300
16.555000
16.567200
16.600800
16.676700
16.700800
16.784300
17.114100
17.127600
17.566500
18.072900
18.253700
18.452000
18.461700
18.471800
18.485800
18.933800
19.099900
19.114100
19.385400
19.469900
19.509600
19.521200
19.533100
20.330600
20.347600
20.516000
20.661900
20.778400
20.791000
21.279500
21.304000
21.335900
21.356600
21.388400
21.681100
21.731700
21.817600
21.835200
22.071900
22.224000
22.234300
22.245400
22.255100
22.280600
22.295300
22.386300
22.681600
22.691000
23.024000
23.044000
23.056600
23.645400
24.108800
24.159700
24.185800
24.247300
24.554600
24.567700
24.574900
25.059700
25.075300
25.189800
25.204700
25.222900
25.510700
25.585700
25.949600
25.969500
26.366500
26.381700
26.393100
26.839500
26.854600
27.342600
27.353000
27.361900
27.537300
27.560400
27.579600
27.653200
28.055000
28.400800
28.408500
28.595400
28.610200
28.795100
28.814000
29.062300
29.347300
29.874600
29.884700
30.036500
30.041700
30.046900
30.051800
30.056800
30.061200
30.066200
30.071300
30.075600
30.080000
30.085200
30.090300
30.095200
30.100400
30.105300
30.111000
30.117000
30.124100
30.131100
30.138100
30.144900
30.151100
30.156900
30.164300
30.170300
30.178600
30.186300
30.193500
30.204000
30.214300
30.222000
30.230100
30.237600
30.245300
30.253900
30.262500
30.269600
30.277200
30.284500
30.291500
30.297900
30.305100
30.315000
30.322000
30.330700
30.339900
30.348600
30.362400
30.371700
30.379900
30.389800
30.401000
30.407100
30.415000
30.424500
30.439600
30.449300
30.460700
30.473300
30.484400
30.500500
30.520100
30.534300
30.545400
30.567200
30.582600
30.595800
30.604400
30.616100
30.628000
30.637600
30.672200
30.681800
30.693400
30.709900
30.719800
30.729300
30.766300
30.800200
30.807300
30.827700
30.834200
30.846300
30.853900
30.865200
30.903900
30.915900
30.939700
30.950900
30.980400
30.994500
31.008600
31.019800
31.710500
31.731000
31.751200
32.177700
32.187700
32.203200
32.437700
32.448900
32.458700
32.471600
32.499300
32.609800
32.752400
32.789800
32.880800
32.890900
32.940600
33.078500
33.086500
33.348700
33.403600
33.686800
33.699400
34.109900
34.324500
34.334600
34.345100
34.643100
35.150100
35.165600
35.464800
35.514500
35.845000
36.512700
36.527300
36.539400
36.550800
36.946100
37.182600
37.200300
37.214400
37.230400
37.868300
37.884300
38.656600
39.019500
39.349900
39.362400
39.625400
39.707800
39.834900
39.849800
39.873500
39.933200
39.949400
39.991700
40.381500
40.397800
40.762400
40.964800
41.142000
41.158100
41.818400
41.828600
41.839100
41.877100
42.403400
42.491000
42.764500
42.776900
42.785600
42.797600
43.249100
43.338700
43.448000
43.560100
43.578900
43.876100
43.890100
43.906100
44.278500
44.289100
44.460700
44.470100
44.619500
44.633000
45.320000
45.348600
45.405400
45.435600
46.155600
46.795000
46.805500
47.004300
47.655100
48.553800
48.766500
49.264200
49.277300
49.286900
49.312200
49.453900
49.631300
49.724100
49.737100
49.750700
49.784600
49.976700
50.190000
50.558300
50.581900
50.773500
50.869800
50.877300
51.180600
51.191500
51.299000
51.308800
51.324700
51.350900
51.629500
51.706500
51.917700
51.941900
52.235400
52.572300
52.599200
52.954700
52.968400
52.980300
53.002900
53.109000
53.146600
53.204700
53.534600
53.889300
54.828900
54.844000
54.880000
54.896400
55.128700
55.140500
55.243800
55.697400
55.706300
55.716900
55.754400
56.022600
56.296400
56.487200
56.497000
56.512500
56.532200
56.693600
57.171900
57.189000
57.200000
57.805600
58.030600
58.037900
58.101800
58.308700
58.390700
58.802700
59.111700
59.123800
59.134300
59.150800
59.398300
59.772300
59.894700
60.180900
60.190300
60.204700
60.272000
60.285100
60.410900
61.619200
61.777300
62.016000
62.036900
62.524100
62.647200
62.967100
63.410000
63.874400
63.905100
64.333700
64.342800
64.361500
64.371100
64.588900
64.608500
64.747000
64.755100
65.082800
65.283300
65.299900
65.536400
65.578800
65.593500
65.798300
65.844500
66.611900
66.731800
66.747900
66.923000
67.029400
67.070600
67.244600
67.257800
67.281100
67.614300
67.624200
68.070200
68.087800
68.200200
68.545700
68.565000
68.604700
68.960000
69.161400
69.187600
69.213900
69.506500
69.956900
70.437000
70.626000
70.638800
70.822100
70.843100
71.369200
71.385500
71.404600
71.804300
72.115600
72.152300
72.293000
72.478200
72.492700
72.792400
72.938200
72.946100
72.957700
72.981600
73.040800
73.113100
73.266800
73.348200
73.358500
73.495200
73.952500
74.002700
74.094300
74.109000
74.203900
74.421900
74.533100
75.103400
75.116700
75.522100
75.532500
75.543400
75.555600
75.577400
75.793400
75.800300
75.980300
75.995700
76.014200
76.138600
76.150000
76.324300
76.418400
76.425700
76.437000
77.176100
77.432500
77.447800
77.616600
77.694600
77.707800
77.760600
78.233900
78.477600
78.502900
78.789800
78.809700
78.818200
78.833600
79.263900
79.654400
79.778800
79.792300
79.828700
79.836500
79.872400
79.900300
79.985300
79.999600
80.426800
80.464200
80.691600
81.283800
81.296300
81.368100
81.560700
81.988800
82.555300
83.132200
83.145300
83.230100
83.278300
83.310400
83.464500
83.579400
84.107000
84.394900
84.709900
84.795300
84.807600
84.830200
84.971800
85.008600
85.019700
85.136200
85.143900
85.251000
85.353400
85.467800
85.719200
85.745300
86.156200
86.181100
86.229900
86.937400
87.323900
87.974200
88.103000
88.127600
88.313100
88.336500
88.543800
88.571700
89.503100
89.525900
89.539100
89.707900
89.890100
89.910100
89.956400
90.154500
90.398000
90.898700
90.937400
91.025400
91.760200
91.874700
92.177800
92.238000
92.503200
92.536700
93.013600
93.205600
93.648900
94.188600
94.574500
94.668800
94.696800
94.723800
94.740200
94.923400
94.937200
95.500000
95.510100
95.582400
95.594400
95.617000
96.008400
96.160300
96.448900
96.863800
96.875500
96.883400
96.898600
97.149300
97.239600
97.386200
97.402000
97.478600
97.597800
97.868900
97.876700
98.150400
98.313400
99.038300
99.054900
99.209200
99.392700
99.410900
99.749700
99.787700
100.456100
100.805400
101.838600
101.855400
101.979900
102.905500
103.133400
103.273100
103.756800
104.114100
104.123900
104.134100
104.428900
104.834600
104.855200
105.465300
105.472900
105.484900
105.497500
105.573600
105.580500
105.660100
105.870200
106.233400
106.328900
107.128500
107.153400
107.467800
107.476300
107.498000
108.567300
108.581500
108.594900
108.612200
108.836600
108.946200
109.361100
110.605500
110.847600
110.969300
110.995100
111.167200
111.189000
111.310900
111.418500
111.510400
111.783600
111.914700
112.177100
112.188400
112.459000
113.023200
113.153000
113.361500
114.013500
114.206400
114.218300
114.492200
114.536900
115.172000
115.298000
115.356300
115.363700
115.372800
115.678300
115.704600
115.739300
116.111700
116.273100
116.323400
116.745700
116.770500
116.838200
116.848100
116.860700
116.876200
116.891400
117.115900
117.133100
117.547200
117.630300
117.731400
117.748800
118.047500
118.072400
118.126200
118.264700
118.285300
118.502200
118.661100
118.697800
118.911200
118.938400
118.957200
119.480700
119.605900
119.989600
