spike times
5.939600
5.970500
5.983300
6.049000
8.152400
8.169200
8.174800
8.180500
8.186100
8.193000
12.501400
12.509500
12.514900
12.522000
12.530600
12.536100
12.542600
12.551000
12.869000
12.887400
17.125600
17.132800
17.138200
17.145300
17.151500
17.190600
19.472400
21.568500
21.573800
21.582100
23.838900
23.844100
23.850700
23.860600
27.577300
30.033400
30.036600
30.039400
30.041900
30.044300
30.046900
30.049100
30.051500
30.053800
30.056100
30.058500
30.061000
30.063600
30.066300
30.068800
30.071700
30.074300
30.077200
30.080200
30.083200
30.086300
30.089600
30.092500
30.096100
30.099500
30.103100
30.106700
30.110500
30.115100
30.118800
30.122800
30.127000
30.131000
30.134800
30.138900
30.143000
30.148100
30.152500
30.157000
30.164600
30.169600
30.174600
30.180500
30.186400
30.191200
30.196500
30.202100
30.209000
30.216000
30.223000
30.231700
30.236800
30.243300
30.251300
30.258300
30.271000
30.277800
30.287000
30.296200
30.303600
30.314200
30.321000
30.329400
30.341100
30.350200
30.359500
30.379900
30.407900
30.413300
30.431000
30.437800
30.448800
30.485900
30.509700
30.524000
30.530600
30.536600
30.553900
30.563600
30.631300
30.636900
30.645600
30.658300
30.674300
30.701800
30.707000
30.747300
30.792600
30.799600
30.806600
30.812000
30.820100
30.851600
30.864600
30.883800
30.888600
30.898400
30.908400
30.926300
30.961300
30.974300
30.992600
31.000000
31.054600
31.063100
31.070600
31.086500
31.132000
31.138500
31.155400
31.191100
31.204200
31.291700
31.333800
31.343700
31.358400
31.376500
31.390800
31.419000
31.459800
31.472700
31.479500
31.488000
31.497400
31.505100
31.601400
31.612800
31.656000
31.663400
31.677100
31.683700
31.718700
31.727900
31.788500
31.796200
31.803800
31.861300
31.881900
31.931200
31.944600
31.956500
31.967200
31.993900
32.064900
32.129300
32.148600
32.166700
32.197400
32.205400
32.307200
32.314400
32.320700
32.389700
32.424000
32.442400
32.458300
32.499800
32.513800
32.522800
32.533400
32.594400
32.618100
32.637000
32.653000
32.661500
32.677900
32.727700
32.734300
32.758200
32.812200
32.832200
32.899600
32.926100
32.949800
32.956500
32.982000
32.997600
33.018800
33.040300
33.067200
33.221700
33.240500
33.249200
33.305300
33.315200
33.324700
33.366900
33.418000
33.453300
33.467500
33.578600
33.592400
33.630400
33.640300
33.719700
33.756100
33.763200
33.806200
33.825400
33.840900
33.880500
33.890200
34.016800
34.034900
34.063100
34.072000
34.162900
34.183000
34.298900
34.313600
34.368000
34.498300
34.506300
34.530500
34.588700
34.609900
34.723800
34.730200
34.737400
34.856000
34.913600
34.966000
34.974100
35.386300
35.397700
35.725500
35.734700
35.920100
35.926900
35.947700
36.125500
36.457300
36.463600
36.572900
36.579300
36.585400
36.898100
37.326700
37.333200
37.340100
37.346300
37.669900
37.836200
37.842800
37.894400
37.967800
37.975800
37.989900
38.329200
38.346700
39.020900
39.032100
39.040300
39.204300
39.208700
39.219200
39.229700
39.237600
39.443200
39.876300
39.999300
40.007500
40.219100
40.227300
40.459000
40.467600
40.525500
40.530400
40.536700
40.546000
40.553700
40.634000
41.078200
41.087600
41.095900
41.112600
41.119300
41.125500
41.577900
41.582500
41.586500
41.593100
41.601300
41.615100
41.620000
41.625500
41.630700
42.005000
42.013000
42.019300
42.135400
42.141000
42.150100
42.337200
42.344100
42.349900
42.357800
42.367000
42.375100
42.545800
42.553700
42.668800
42.674900
42.828300
42.834100
43.078300
43.083600
43.328400
43.333100
43.339500
43.903000
43.910200
43.915900
43.920600
43.925600
43.931600
44.041200
44.140500
44.146900
44.347400
44.356700
44.364800
44.761200
44.767200
44.938000
45.608300
45.614800
45.626200
45.635000
45.643900
45.650000
45.659700
45.667300
45.820900
45.843500
46.261100
46.269500
46.277100
46.511200
46.517600
46.523700
46.531500
47.205100
47.211200
47.217100
47.222300
47.232100
47.244800
47.859900
47.873900
47.884500
47.889700
47.895200
48.046500
48.055900
48.062200
48.234500
48.240700
48.247100
48.253200
48.267000
48.737600
48.756800
48.762500
49.373900
49.390100
49.398200
49.405800
49.410800
49.415500
49.427000
49.439200
49.447700
49.455300
49.893800
49.911200
50.095300
50.105200
50.110700
50.117900
50.124300
50.133400
50.493400
50.498600
50.517800
50.538000
50.544700
50.660400
50.778300
50.796900
50.809400
50.907800
50.912900
50.923700
51.603100
51.611500
51.624300
51.631600
51.640100
51.770800
51.783200
51.971500
51.978500
51.985100
52.319800
52.327900
52.619200
52.639400
52.645200
53.131600
53.136600
53.151800
53.694800
53.703400
53.714900
53.721900
53.729300
53.745200
54.332100
54.336900
54.342300
54.349300
54.357800
54.699800
54.706300
54.713300
54.718700
54.727100
55.319800
55.331100
55.694200
55.699800
55.704400
55.710000
55.716400
55.998300
56.005500
56.466400
56.471600
56.479300
56.488700
56.494200
56.795500
56.801300
57.191400
57.200100
57.207800
57.545700
57.559200
57.805700
57.811400
57.817000
57.831000
58.128200
58.612000
58.618400
58.691200
58.829400
58.837300
58.848500
59.716700
59.729900
60.649600
60.658400
60.670300
60.714600
61.129900
61.139700
61.145500
61.153400
61.568200
61.575400
61.581500
61.587000
61.593800
61.610400
62.140900
62.152700
62.159100
62.275800
62.281800
62.456900
62.466400
62.479800
62.486600
62.496000
62.926100
62.941500
62.969000
62.977900
63.398500
63.403900
63.409500
63.432300
64.077500
64.083000
64.102600
64.109100
64.117200
64.416100
64.425200
64.431400
64.439100
65.094000
65.099800
65.105900
65.120800
65.127400
65.135000
65.518100
66.364900
66.370200
66.375200
66.381800
66.857900
66.866100
66.872400
68.028400
68.037800
68.052000
68.068200
68.401800
68.412000
68.434500
68.441300
68.451700
68.630900
68.637000
68.643600
68.652500
68.781700
69.153700
69.159900
69.165100
69.170800
69.176500
69.935200
69.949000
69.954400
69.962600
69.967700
69.973800
69.981900
70.377600
70.862200
70.875700
70.883900
70.889400
70.896200
71.263700
71.268600
71.274100
71.280700
71.287400
72.761500
72.767400
72.772900
73.767300
73.774400
73.788900
74.249200
74.257700
74.544000
74.718300
74.724300
74.739600
75.009200
75.018600
75.031200
75.037700
75.044300
75.348300
75.356900
75.362700
75.443700
75.451400
75.469500
75.489100
75.889200
75.893600
75.899500
75.904800
75.911400
75.931800
75.939700
76.229100
76.234400
76.240200
77.021600
77.155800
77.173400
77.483300
77.496000
77.515700
77.529700
77.830800
77.836100
77.843800
77.866300
77.872800
77.878700
78.063700
78.070100
78.907300
78.915400
78.923300
79.224600
79.233400
79.248800
79.376200
79.385100
79.394000
79.746900
79.752700
79.759600
79.772300
79.781000
80.185700
80.198300
80.209200
80.219900
80.226400
80.864600
80.874300
80.885200
81.387500
81.393200
81.398000
81.413600
81.859400
81.864500
81.873400
81.879300
81.885500
81.892800
81.903000
82.593000
82.598300
82.602700
82.608000
82.614300
82.627900
82.634000
82.645700
83.023200
83.161600
83.166800
83.171800
83.181000
83.189600
83.207800
83.540000
83.546100
83.554400
84.707800
84.713900
84.719800
84.726600
84.744300
84.749900
84.768400
84.773400
84.895300
84.900200
84.907300
84.918300
85.581500
85.591900
85.597500
85.604500
85.610200
85.615100
85.631700
85.651700
86.487700
86.497700
86.504600
86.645700
86.651000
86.657100
86.662400
86.668400
86.840600
86.851200
89.062500
89.070800
89.085000
89.090200
89.096200
89.617400
90.092800
90.098800
90.108900
90.117900
90.124400
90.543000
90.547900
90.557400
90.564500
90.603300
90.760500
90.766800
90.773800
91.581000
91.590300
91.595300
91.944700
91.950300
91.956200
91.962300
91.968500
92.987200
93.001500
93.009200
93.014600
93.022700
93.770700
93.786600
94.017400
94.022800
94.034900
94.046700
94.063400
94.747200
94.754300
94.764600
94.770500
94.784000
96.082200
96.088900
96.098300
96.323800
96.329500
96.334900
96.343100
96.745100
96.752100
96.757000
96.761300
96.767500
97.178900
97.184100
97.190100
97.581300
97.587000
97.592500
98.016700
98.021800
98.027600
98.035800
98.224000
98.249800
99.061800
99.067200
99.072800
99.077800
99.086000
99.136800
99.433700
99.443600
99.633700
99.639200
99.644700
99.659700
101.772500
101.778400
101.784000
101.789500
101.798900
102.252400
102.259900
102.281200
102.288400
103.332200
103.337200
103.342800
103.351000
103.360300
103.368300
103.375500
103.449100
103.465400
103.471800
103.477400
104.537700
104.542900
104.554900
104.561400
104.569100
104.580300
104.586600
104.592300
104.610300
105.006500
105.016100
105.080900
105.974900
105.982800
105.989300
106.000100
106.007500
106.014500
106.040100
106.300600
106.319600
107.905700
107.912000
107.917500
107.923300
107.928000
107.934300
109.490100
109.494800
109.499200
109.505000
109.510100
109.519000
109.731200
109.737700
109.748500
109.755000
110.380000
110.385500
110.393900
110.786600
110.792100
110.800400
110.806200
110.812900
111.961800
112.918700
112.924200
112.935700
112.947300
113.289700
113.296100
113.301900
113.314400
113.322300
113.330300
114.403400
114.408900
114.414800
114.423700
114.550100
114.557600
114.563700
116.345000
116.349800
116.357900
116.366400
116.372400
116.383000
116.390200
116.398700
117.458200
117.463800
117.471200
117.478600
117.486600
117.668100
117.681200
117.687500
117.695300
117.854000
117.861200
117.866900
118.402900
118.407600
118.412600
118.422200
118.429800
118.751000
118.760400
118.766400
119.355100
119.362700
119.369100
119.377300
119.382300
119.389000
119.396100
119.404400
119.696700
119.701400
119.708900
119.785800
119.791700
119.932200
119.939000
119.952600
119.959400
119.968100
119.975400
