spike times
0.336700
0.386700
1.367900
2.004100
2.175500
4.314600
4.510800
4.551000
4.605800
4.816600
5.998500
7.085600
7.479000
7.499200
8.346300
8.363000
9.044200
10.255800
10.338900
12.819400
12.830600
13.061000
14.465700
14.712500
14.944400
15.584100
15.598600
16.108200
16.449300
17.459000
17.865600
17.885300
18.144800
18.815500
18.860400
19.025400
19.813800
20.246300
20.263800
21.826600
22.432700
22.446200
23.620200
25.695200
25.710900
25.882000
26.879600
26.956600
26.975200
27.198800
28.240300
28.555800
29.123700
29.139700
29.150000
30.048700
30.053600
30.057700
30.062600
30.067000
30.071400
30.075300
30.079300
30.083900
30.088300
30.093500
30.098400
30.103900
30.108900
30.114800
30.121000
30.128300
30.135700
30.143700
30.153900
30.162500
30.174200
30.186400
30.194500
30.201600
30.210200
30.226100
30.235800
30.244700
30.251500
30.258700
30.269800
30.279600
30.287700
30.314400
30.327800
30.339200
30.358400
30.367800
30.375700
30.388000
30.400000
30.411700
30.427700
30.438300
30.451900
30.468400
30.498300
30.511800
30.519500
30.531000
30.539500
30.551900
30.576600
30.583700
30.590000
30.610000
30.622800
30.634600
30.658100
30.680600
30.689000
30.729700
30.739400
30.749800
30.806900
30.815000
30.842100
30.849900
30.859900
30.878900
30.890400
30.904800
30.941500
30.953500
30.970900
30.984800
30.995700
31.537700
31.701400
32.011700
32.053800
32.295300
32.347600
34.028100
34.247700
35.304000
35.603100
35.609000
35.615800
35.691000
36.341000
36.729900
37.268000
38.164100
38.183300
38.632500
39.039700
40.853200
40.871900
40.885800
42.146900
42.617400
43.215100
43.631200
43.885400
44.351200
44.756800
45.100600
45.128600
46.614700
46.862200
47.247000
47.267300
47.299300
47.308400
48.345000
48.380200
48.415800
49.954600
49.967600
50.054400
50.309300
51.113300
51.674300
52.455000
52.473300
53.794600
54.083700
55.087600
55.253700
55.945800
55.982300
56.455100
56.804400
56.823300
56.880800
57.629600
57.641800
57.658200
57.716800
58.399500
58.411800
58.754600
58.837600
59.797800
60.813800
60.998000
61.009400
61.028000
61.035000
61.330700
61.734100
62.530100
62.569700
62.715000
64.087200
64.834800
65.482500
65.941300
67.905800
68.811400
69.012300
69.020500
69.031600
69.060200
69.576700
69.592500
69.614200
70.030400
70.749400
71.649000
71.778300
72.500100
72.508400
73.414800
75.383800
75.493200
75.503700
75.519500
76.061300
76.136800
76.404300
76.713700
76.777700
78.171800
78.186300
78.703200
78.758200
79.524700
79.561500
79.938300
79.977200
80.756500
81.313700
81.341800
81.548400
82.787800
82.802800
84.547400
85.801700
85.891100
86.222200
86.384800
86.436600
86.550700
86.560300
86.785600
87.160300
87.856400
87.875500
87.909000
88.140900
88.346100
89.342300
89.661500
89.676900
90.605400
91.357700
91.446700
92.158800
92.166600
92.177400
92.189100
93.578900
93.591200
93.614600
93.945900
94.452900
94.509600
95.077600
95.585800
95.603200
95.610000
95.617600
95.626400
95.645100
95.654100
95.664400
96.146600
96.164900
96.637400
96.644700
96.662300
96.826900
96.840600
96.992400
96.999900
98.223000
98.810800
98.832800
98.847200
99.083400
99.098500
99.769100
99.778500
100.097300
100.109200
101.168100
101.603200
101.615500
102.346900
102.396700
103.257500
103.754900
104.166600
104.184300
104.550800
104.558700
105.308100
105.327200
105.338600
105.449200
105.474600
106.148200
106.324300
106.814400
106.870000
106.884300
107.011100
107.800800
107.915300
108.032400
108.059500
108.425500
109.035400
109.168100
109.710500
110.688400
110.807000
112.628900
113.240800
113.885500
115.398600
115.642700
115.825600
115.932300
115.942800
116.725700
117.796300
117.831900
117.844400
118.098400
118.374600
