spike times
0.207300
0.220300
3.350200
3.364600
3.377700
4.213200
4.222500
4.237900
4.252900
9.556700
9.593700
9.608500
10.522400
10.546800
16.705800
16.724200
16.736100
26.234900
26.245000
30.036400
30.039900
30.043300
30.046700
30.050000
30.053700
30.057600
30.061300
30.065300
30.068800
30.072900
30.077000
30.081300
30.086300
30.091900
30.100900
30.141600
30.305400
30.324600
30.428600
32.227200
32.905600
32.923000
32.978400
34.672000
34.681800
34.693800
35.768700
35.781700
35.799800
35.811300
38.574400
38.584500
38.592400
38.601500
38.808800
38.817800
40.643400
40.653800
40.719000
44.171900
47.187400
47.197200
47.208900
47.263100
54.414700
54.423600
56.954100
56.974300
56.985200
56.995300
75.618700
79.390800
79.614200
79.631700
81.323000
81.914400
81.949200
85.188200
85.231800
90.091700
90.101000
