spike times
14.520800
14.532700
14.549300
14.561200
14.573700
14.590700
15.039300
15.104500
16.511800
16.534600
30.044800
30.049200
30.053300
30.057300
30.061500
30.065700
30.069800
30.074200
30.078800
30.085300
30.092100
30.100700
30.111700
30.119100
30.127600
30.138700
30.148900
30.163400
30.176800
30.207400
30.223000
30.231700
30.257600
30.268900
30.299000
30.331100
30.368500
30.450200
30.471500
30.483300
30.494300
30.515900
30.573200
30.630300
30.684100
30.708400
30.717300
30.763400
30.807900
30.911100
30.942900
30.949900
30.961300
30.980100
30.989900
31.073100
31.179700
31.187800
31.208200
31.235500
31.355100
31.398800
31.407300
31.440900
31.486600
31.514600
31.607800
31.614900
31.666100
31.681500
31.740800
31.759000
31.890600
31.911500
31.923400
31.945300
31.953500
32.064200
32.102100
32.118100
32.142000
32.153500
32.166900
32.308300
32.318600
32.382900
32.391500
32.398900
32.485900
32.496500
32.515400
32.559100
32.610200
32.667800
32.703900
32.738200
32.767400
32.922300
32.954100
33.017900
33.030200
33.089200
33.139100
33.160500
33.235800
33.247100
33.363300
33.390400
33.422000
33.490100
33.506700
33.536600
33.581700
33.628300
33.718200
33.739700
33.862500
33.947800
33.980500
33.990900
34.009600
34.101400
34.164300
34.207900
34.222500
34.245000
34.257400
34.315900
34.333600
34.495100
34.550100
34.620300
34.643700
34.715900
34.729300
34.803000
34.818300
34.877100
34.899300
34.982700
35.049500
43.167100
43.790300
43.807000
48.016000
50.932900
54.100000
57.575300
58.409000
60.804200
68.727500
70.801500
75.018400
75.311500
75.841100
75.856000
80.181900
80.627400
83.643100
85.092400
87.930900
93.340200
94.775500
97.784100
104.695800
110.924100
113.790200
118.084400
118.108100
