spike times
0.788800
1.449200
1.494900
1.928600
2.532200
2.722900
4.187800
4.578900
5.401100
6.528200
8.861700
9.124800
9.424000
9.550800
9.955300
10.175300
10.251500
11.160800
11.192200
11.249300
11.771600
12.215800
14.394900
14.409600
14.428000
14.447300
14.946900
14.958400
15.178800
16.688500
17.249900
17.278300
17.302300
18.041600
18.309600
18.515100
18.995400
19.008000
19.030400
19.118100
19.138000
19.644100
19.949200
20.301300
20.628200
20.677600
21.051600
21.333200
22.016700
22.029300
22.042700
22.060300
22.094100
22.403100
22.421700
22.772600
23.292100
23.301200
23.580700
23.599500
24.511100
24.527500
24.565500
24.877300
24.889600
25.160900
25.183100
25.422700
25.910800
25.929300
26.548700
27.084400
27.411100
27.596500
28.585000
28.607700
29.001400
29.020500
29.028400
29.076800
29.492100
29.803300
29.821100
29.836000
29.857000
29.999100
30.037800
30.043600
30.048700
30.053000
30.057100
30.061500
30.065800
30.070600
30.075600
30.080600
30.085800
30.090600
30.095300
30.102600
30.109700
30.115100
30.120300
30.127400
30.135100
30.144600
30.150900
30.159100
30.167000
30.175000
30.181800
30.192200
30.203000
30.217600
30.226700
30.243700
30.251400
30.260500
30.272000
30.294200
30.307000
30.317900
30.336900
30.345300
30.356600
30.375400
30.392400
30.420900
30.428900
30.449300
30.457400
30.471900
30.492300
30.507800
30.519500
30.527600
30.540300
30.571300
30.581700
30.589300
30.606300
30.643200
30.655500
30.678500
30.686300
30.713200
30.732400
30.773500
30.785500
30.810100
30.873600
30.881700
30.890400
30.923700
30.932300
30.951100
30.967700
31.001500
31.010500
31.018400
31.035700
31.053300
31.080400
31.132000
31.147400
31.159500
31.171200
31.196600
31.270100
31.315100
31.334000
31.347000
31.355500
31.378300
31.394900
31.402300
31.437200
31.454200
31.486200
31.496200
31.504800
31.520500
31.530800
31.563600
31.574200
31.585900
31.651000
31.661900
31.681800
31.699900
31.711300
31.796300
31.814000
31.838500
31.885700
31.903700
31.916800
31.938700
31.954600
31.963700
31.977900
32.005100
32.027000
32.056100
32.109600
32.137600
32.154300
32.212500
32.258800
32.292300
32.341400
32.357100
32.402900
32.424400
32.481400
32.498900
32.519100
32.569100
32.583200
32.629500
32.668700
32.681500
32.729400
32.741200
32.782500
32.828700
32.856200
32.925500
32.940000
32.961100
32.997200
33.017800
33.118800
33.146600
33.158800
33.179600
33.218900
33.232800
33.295300
33.356900
33.384900
33.396800
33.415700
33.439100
33.456300
33.474000
33.550300
33.595000
33.614000
33.669500
33.690500
33.711700
33.719200
33.728500
33.797300
33.812800
33.837400
33.848300
33.868800
33.889400
33.998900
34.045600
34.080800
34.121900
34.141800
34.160000
34.243400
34.256100
34.266800
34.324600
34.375600
34.403200
34.454000
34.477400
34.508900
34.531100
34.564200
34.592500
34.630800
34.643000
34.661300
34.764800
34.818800
34.884700
34.918100
34.931800
35.826800
35.836500
35.851400
35.877500
36.165300
36.181000
36.198000
36.241500
36.810100
36.825600
36.840500
37.582300
37.595700
37.609600
37.624800
37.646900
37.656800
37.668000
37.678500
38.228800
38.250400
38.268500
38.606300
38.838700
38.896300
39.625700
40.338400
40.488100
40.886600
41.357400
41.738000
42.191000
42.200300
42.513700
42.803800
43.036600
43.269000
43.287400
43.985100
44.623800
44.642600
44.664300
45.122600
45.216200
45.705600
46.348400
46.363700
46.819300
46.900600
46.918100
47.216600
47.573700
47.595200
47.606400
47.620200
48.288300
48.308000
48.481100
48.501800
48.692200
48.701000
48.900600
48.918900
49.095200
49.274600
49.719500
49.739700
50.206600
50.362400
50.380700
50.609100
50.968700
51.468500
51.484500
51.495900
51.531900
51.653100
51.798600
51.807400
52.548300
52.606900
52.620100
52.628400
52.642800
53.047400
53.210200
53.319500
53.332800
53.345300
54.378700
54.656200
54.668700
54.718700
54.746500
54.839300
54.855000
55.009600
55.118100
55.421900
55.439800
55.527800
55.544800
55.708100
56.043400
56.072500
56.403700
56.414000
56.425200
56.817900
56.828800
57.381600
57.752000
57.768200
58.034900
58.647900
59.172700
59.185200
59.197800
59.249200
59.284100
59.541900
59.557600
59.838100
60.331400
60.348800
60.372500
60.680400
60.721200
60.909600
61.077700
61.859800
61.873800
61.898800
62.410600
62.593400
62.610200
62.771400
63.007100
63.319000
63.570700
63.779700
63.823500
65.174600
65.186400
65.434800
65.601700
66.340600
66.752000
67.208800
67.379300
67.408700
67.670700
67.680400
67.689900
68.041300
68.425000
68.585400
68.882900
69.056100
69.955000
69.970200
70.200400
70.215100
70.291100
70.301500
70.651500
70.985800
71.095500
71.104500
71.147200
71.467700
71.710800
71.880900
72.000500
72.283100
72.751800
73.280700
73.287500
73.294200
73.303600
73.430700
73.636000
73.645800
73.655600
73.668400
73.683000
73.694200
74.045600
74.430000
74.438500
74.451200
74.761100
74.774300
74.788800
75.357800
75.368100
75.403600
75.411500
75.427900
75.454000
75.804400
76.095200
76.104900
76.162500
76.174000
76.195700
76.228100
76.243700
76.394700
76.641300
76.662400
76.837600
76.861800
77.106000
77.322400
77.705200
78.129000
78.144700
78.388300
78.605600
78.867200
79.766300
80.103500
80.449300
80.602200
80.690000
81.231200
81.495700
81.886000
82.023300
82.039500
82.046700
82.066200
82.122300
82.134600
82.625600
82.830600
83.098900
83.125700
83.811000
83.836800
84.004100
84.214000
84.232400
84.377400
84.722000
84.737800
84.759200
85.399400
85.664800
85.676100
86.041300
86.169700
86.307600
86.553600
86.791200
87.061300
87.419500
87.959200
87.969400
87.979900
87.989100
88.002700
88.018700
88.032200
90.105200
90.116100
90.127100
90.135800
90.158300
90.550600
90.851400
91.196600
91.591400
92.086200
92.490700
92.504700
92.836800
93.207400
94.320400
94.744300
94.784900
95.323300
95.466300
95.481000
95.492900
95.676300
96.118100
96.225800
96.259200
96.495900
96.506600
96.521700
96.801900
96.970500
97.277600
97.428600
97.557400
97.570300
97.584200
97.708600
98.311200
98.441700
98.454800
98.464100
98.517800
98.799400
98.980300
99.001100
99.266500
99.417000
99.435900
99.964700
100.341000
100.421600
100.573700
100.983900
101.010600
101.176300
101.431500
101.675100
101.693300
101.729200
101.980800
101.990300
102.254300
102.272700
102.292200
102.465200
102.924300
102.950500
103.252600
103.280700
103.376000
103.415900
103.434100
103.711500
103.970800
104.338700
104.726800
104.744000
104.985800
105.084900
105.102800
105.112000
105.196800
105.216500
105.575800
105.585600
105.600100
105.689000
105.937600
105.953100
106.572100
106.590700
106.729500
106.747500
106.760100
106.768800
107.267200
107.280400
107.384500
107.836600
107.857400
107.969100
107.981900
108.203500
108.407800
108.667900
109.053800
109.067700
109.620100
109.866700
109.884800
110.325800
110.336300
110.348700
110.364200
110.375200
110.950900
110.973900
111.275900
111.292400
111.503600
111.629400
111.649900
111.809500
111.825400
111.975300
112.325400
112.549600
112.563700
112.578400
112.592600
112.805800
113.019800
113.269300
113.891700
113.912700
114.266300
114.276500
114.291700
114.300600
114.479000
114.883100
114.902100
114.961100
115.250100
115.270800
115.460700
115.486000
115.986200
116.211100
116.539700
116.660800
116.684500
116.732600
116.853000
117.167000
117.226600
117.481400
117.802100
117.812900
117.827100
117.872400
118.352100
118.544500
118.753000
118.991900
119.263100
119.298000
119.674800
119.688100
119.940600
