spike times
0.359000
0.583400
0.789700
0.839700
1.094500
1.232500
1.265100
1.436900
1.861600
2.229700
2.477100
2.496200
2.694400
2.704500
2.717800
2.770500
2.901400
2.946000
3.157700
3.170000
3.507800
3.533300
3.757100
3.826800
3.926100
3.999600
4.454900
4.477200
4.485400
4.665500
5.050500
5.099000
5.632500
5.642500
5.800800
6.088700
7.381800
7.400800
7.414200
7.740900
8.022800
8.043300
8.266100
8.364600
8.407900
8.602600
9.608000
9.758200
9.780700
9.857800
11.139300
11.168100
11.888600
11.936400
12.420700
12.436200
12.951800
14.252700
14.482900
14.514600
14.575200
14.594800
14.691100
14.699900
14.862200
14.879700
15.044100
15.052100
15.325600
15.364100
15.378300
15.780100
15.965200
15.985600
16.378500
17.526600
18.005700
18.030300
18.420600
18.949600
19.327300
19.560400
20.165500
20.174900
20.191300
20.207400
20.739400
20.905100
21.048100
21.211400
21.286400
21.378400
21.494500
22.123600
22.141700
22.162800
22.172900
22.314200
22.594300
22.702500
22.899400
22.936200
23.827500
24.797700
24.859000
25.288300
25.439000
25.464200
25.478400
25.580800
25.797300
25.903200
25.917000
25.987900
26.092400
26.109500
26.538200
26.942600
27.047300
27.101600
27.948600
28.022600
28.364700
28.872400
28.923400
29.177900
29.701800
29.729300
30.047100
30.052200
30.057600
30.062400
30.066600
30.070600
30.075200
30.079300
30.083400
30.087400
30.091000
30.094700
30.098900
30.102900
30.107200
30.112200
30.117400
30.122700
30.128000
30.133800
30.140700
30.147200
30.154800
30.162100
30.170300
30.191700
30.201400
30.213400
30.242600
30.254000
30.266700
30.280600
30.305200
30.314500
30.353800
30.366400
30.388100
30.397600
30.408700
30.466800
30.475800
30.491500
30.506500
30.528200
32.195600
32.214000
32.345400
32.361200
32.973600
33.558700
33.568900
33.603100
33.615700
33.815500
33.829900
34.304100
34.318700
34.343600
34.736700
34.806300
34.839400
35.761200
35.834600
35.847400
36.553700
36.570100
37.147300
37.210200
37.224600
37.562500
37.832900
37.894900
38.430400
38.474300
38.482500
38.719100
39.523700
40.673600
40.813700
40.828400
40.908200
41.052600
41.063000
41.635400
41.709000
41.918400
41.961100
42.394600
42.424000
42.615200
42.871900
43.403300
43.877600
43.901800
44.288500
45.030200
45.187900
45.239000
45.318800
45.409400
45.593900
46.056900
46.075500
46.545200
46.981000
46.990900
47.861200
47.875800
48.210800
48.235700
48.356600
48.373700
48.977100
48.988700
49.474100
49.587800
49.902500
49.997900
50.010500
50.087700
50.262000
50.589600
50.649000
50.920000
52.064100
52.112400
52.486300
52.497300
52.515900
52.751600
53.486400
53.499100
53.525900
54.117700
54.355500
54.368500
54.424000
54.556000
54.566600
54.899200
55.180400
55.212800
55.520000
55.651800
55.710900
55.723900
56.051800
56.081100
57.049600
57.619100
57.649200
57.677200
57.968300
58.775000
58.957400
58.967100
59.154500
59.166400
59.206300
59.395700
59.610000
59.749200
59.769500
59.779600
59.864200
60.156900
60.289400
60.311700
60.349300
60.886500
61.165000
61.342300
61.788100
61.837000
62.114300
62.138600
62.587700
63.254200
63.357200
64.131100
64.185900
64.944800
65.671900
65.802400
65.810200
65.942600
65.992600
66.119400
66.779800
66.890700
67.093700
67.180200
67.216000
68.358600
68.389400
68.691600
68.767500
68.778600
68.795300
69.815000
69.865400
70.377600
70.388000
70.397600
70.557200
70.889300
71.635200
71.694700
71.720400
72.080300
72.094300
72.364700
72.473500
72.513400
72.574100
72.687800
73.010500
73.266900
73.406900
73.431700
73.874100
74.466600
74.721300
74.735000
74.973000
75.909200
76.002800
76.043900
76.062000
76.234200
76.419100
76.464900
76.483700
76.550800
76.675900
77.209700
77.441700
77.674100
78.202300
79.050900
79.335600
79.812300
79.876000
80.300100
80.316600
80.889100
81.310800
81.383000
81.574100
82.012300
82.238900
82.268100
82.522400
82.535900
83.407200
83.620000
83.682400
83.697900
83.706300
83.982200
83.992700
84.338900
84.855100
85.242000
85.319600
85.397700
85.491400
85.851400
85.864500
85.940900
85.976800
85.989200
86.501900
86.515300
86.578800
86.695200
87.383800
87.537900
87.847600
88.071000
88.086500
88.753700
88.766500
88.778300
88.795500
89.113400
89.138700
89.147400
89.167300
89.211100
90.245600
90.410200
90.518500
90.653700
90.685900
91.005600
91.223300
91.235000
91.296200
91.452900
91.610700
91.818000
92.670900
92.689700
92.728900
92.973500
93.008200
93.232400
93.339600
94.295000
95.226400
95.424800
95.507600
95.887000
96.141500
96.162400
96.422200
97.870200
98.021500
98.035400
99.143500
99.481900
99.587400
100.217800
101.642700
101.666400
102.079900
102.660700
102.675000
102.818800
102.833700
103.125600
103.341400
103.359100
104.187800
104.625700
104.655600
105.180500
105.249800
105.268800
105.639100
105.647200
105.654200
105.668000
105.702100
105.715300
105.945400
106.112400
106.863200
106.888400
106.902300
107.127800
107.137700
107.432300
107.448100
108.049200
108.141400
108.424400
108.646000
108.782900
108.972900
108.992800
109.000000
109.662000
109.683400
110.212700
110.232900
110.243200
110.390300
110.437900
110.799900
110.814200
110.824600
110.854900
111.143400
111.155100
111.272900
111.416000
111.430700
111.477100
111.491400
111.691500
111.700400
112.265800
112.320800
112.331100
112.846300
112.861100
113.002100
113.012000
113.493200
113.583700
113.638600
114.001900
114.012100
114.029300
114.037600
114.053500
114.075900
114.277800
114.292400
115.069000
115.326900
115.954800
116.141800
116.679600
116.781100
117.128200
117.143300
118.036900
118.161600
118.170200
118.178800
118.449200
118.456800
118.478800
118.718700
119.131200
119.502000
