spike times
1.306600
1.314300
1.320800
5.452900
5.459000
5.465900
5.471300
5.476900
5.487400
8.443900
8.450500
8.462500
8.480600
8.490000
15.222500
15.228500
15.235400
15.248500
15.291500
27.560000
27.567100
29.184400
29.193400
29.199900
30.038900
30.042100
30.044800
30.047400
30.049800
30.052300
30.054800
30.057400
30.060000
30.062600
30.065200
30.067900
30.070500
30.073300
30.076100
30.079000
30.081900
30.084900
30.088100
30.091800
30.095300
30.098600
30.102400
30.106500
30.111000
30.115500
30.120800
30.126400
30.133200
30.139000
30.459100
30.546200
30.552500
30.557700
30.563700
31.005100
31.014200
31.023800
31.627500
31.636500
31.668100
31.689200
31.700500
31.707500
31.959500
31.969100
32.319500
32.327900
32.333900
32.341700
34.365800
34.371700
34.376700
34.383600
34.391600
34.402300
38.737600
38.743400
44.724100
44.736600
44.743100
44.747900
45.167400
45.174800
45.192000
48.669400
48.675700
48.681000
48.697300
49.262500
49.268900
49.274200
54.136800
54.144200
54.161600
56.714000
56.729600
56.736400
56.741600
73.140000
73.146500
73.153400
73.170000
73.183000
75.239400
75.250300
79.222200
79.233000
79.242900
79.249600
79.257500
79.273400
89.473600
89.479600
89.492300
89.502600
89.514300
90.729500
90.735400
90.740900
90.749200
95.465300
95.475600
95.485600
95.491900
95.501300
