spike times
1.069000
1.761000
4.287100
6.173800
15.432000
15.965100
20.530500
30.045800
30.053700
30.060400
30.068900
30.075500
30.080800
30.086600
30.092600
30.099500
30.106100
30.113800
30.120100
30.131900
30.150600
30.160200
30.193600
30.213800
30.228500
30.246400
30.256200
30.317700
30.368600
30.392300
30.401300
30.432900
30.484600
30.492100
30.500500
30.903600
33.287800
37.084000
43.095400
43.550500
44.853700
47.693100
48.619400
57.184100
61.104800
62.865700
66.973400
67.460400
74.303500
74.730500
77.882400
86.296300
87.245500
87.271500
91.425500
93.122100
107.439100
107.483900
109.485200
112.376100
