spike times
1.104500
1.126800
2.508000
2.520200
2.532800
2.543200
11.287000
15.683600
16.539900
16.552500
17.424400
19.026400
19.072200
21.092900
21.108100
21.156000
23.189000
23.201100
23.225300
26.665100
26.675800
30.042300
30.046600
30.050200
30.053700
30.057300
30.061700
30.066200
30.071700
30.076400
30.083100
30.091200
30.099500
30.105700
31.133700
32.651200
34.257000
37.063800
37.133200
37.445500
38.608300
38.677600
39.198600
40.359500
40.367600
40.616800
41.144800
44.921500
45.916700
45.935200
46.662600
46.871900
46.880800
47.254700
49.728200
51.437800
52.129200
52.157500
54.528800
54.926900
55.570300
55.597700
63.942400
64.151000
64.415600
65.321900
68.513600
70.014600
70.027200
72.591100
