spike times
1.547200
1.557800
6.467600
7.453600
7.463700
7.480400
15.364500
15.370500
15.378700
18.163200
25.666800
25.677400
27.997900
30.036500
30.039700
30.042600
30.045100
30.047700
30.050300
30.052800
30.055300
30.057800
30.060500
30.063200
30.065900
30.068700
30.071500
30.074600
30.077900
30.081300
30.084500
30.088100
30.091500
30.095400
30.098800
30.102300
30.105800
30.109400
30.113700
30.117900
30.122100
30.127200
30.132100
30.136100
30.141600
30.148000
30.153300
30.158200
30.165600
30.170800
30.175600
30.180900
30.188500
30.193600
30.200500
30.207800
30.218900
30.225100
30.233100
30.239600
30.245700
30.251500
30.257700
30.267500
30.273000
30.284600
30.301200
30.311800
30.321000
30.329700
30.342100
30.354500
30.360600
30.376400
30.394800
30.405500
30.412300
30.419900
30.427100
30.438000
30.447000
30.457100
30.467400
30.478300
30.486100
30.519300
30.537800
30.545400
30.566500
30.582600
30.597500
30.603200
30.624000
30.636300
30.653700
30.690500
30.712100
30.724800
30.738000
30.747100
30.754800
30.766100
30.782400
30.789700
30.818200
30.832700
30.856700
30.876400
30.886500
30.929200
30.949400
30.969900
30.976800
31.017900
31.028200
31.063400
31.072300
31.099900
31.107800
31.128200
31.133900
31.144900
31.167600
31.198700
31.219100
31.230000
31.255900
31.264600
31.271800
31.278200
31.316000
31.361000
31.369800
31.405600
31.415800
31.428900
31.461000
31.473900
31.482500
31.501100
31.512700
31.560100
31.594000
31.616600
31.635300
31.678100
31.687500
31.695300
31.744000
31.751800
31.768400
31.784300
31.794000
31.827600
31.838300
31.879300
31.913600
31.926500
31.936400
31.954300
31.985400
32.009300
32.016900
32.462000
32.565100
32.576000
32.715500
32.722400
32.756400
33.098600
33.200500
33.283100
33.291100
33.409500
33.626300
33.639900
33.649400
33.660000
33.752500
34.023200
34.027300
34.033600
34.038700
34.049200
34.388500
34.816600
34.822500
34.829500
34.909800
35.102400
35.115800
35.332300
35.339800
35.352000
35.360300
35.425700
35.493400
35.501600
35.893400
35.899200
35.904800
35.911600
36.084000
36.134100
36.161800
36.387500
36.391500
36.398900
36.411000
36.433000
36.602100
36.954700
36.963000
36.968800
36.974900
36.980600
36.998100
37.031100
37.036800
37.061200
37.371800
37.580000
37.584300
37.589100
37.595400
37.602200
37.635300
37.641800
37.654600
37.747000
37.804200
37.811500
37.818500
37.824900
38.130200
38.252800
38.260600
38.629000
38.658900
38.672200
38.917700
38.924100
38.931300
38.939800
39.079700
39.089000
39.096600
39.403100
39.413400
39.486300
39.651300
39.659700
39.670800
39.819300
39.826200
39.832000
39.837400
40.521500
41.025700
41.039600
41.046900
41.057600
41.064100
41.070400
41.240700
41.247400
41.259100
41.533700
41.541500
41.841000
41.850200
41.859000
41.865700
42.451300
42.457800
42.464300
42.470500
42.477700
42.485900
42.492500
42.569800
42.578200
42.607700
42.849600
42.856900
43.101900
43.110600
43.143000
43.248500
43.255200
43.262300
43.324700
43.427800
43.433100
43.440000
43.448600
43.850100
43.857400
43.871400
43.881100
44.132100
44.138400
44.147300
44.162400
44.335900
44.892800
44.898900
44.908200
44.940500
44.950400
45.083700
45.090700
45.316300
45.321600
45.327900
45.334700
45.340100
45.347100
45.400000
45.408100
45.415900
45.627400
45.633300
45.643800
45.659900
46.342700
46.349000
46.353000
46.357400
46.368700
46.375400
46.385500
46.397200
46.405600
46.839800
46.846600
46.852300
46.858200
46.870000
47.026600
47.032800
47.039800
47.047600
47.054600
47.690000
47.695700
47.702500
47.708500
47.715200
48.377900
48.384100
48.395200
48.634100
48.780800
48.790400
48.796700
48.807500
49.166200
49.501000
49.506400
49.512500
49.517700
49.524400
49.534600
49.541100
49.562400
49.811100
49.816900
49.822100
49.827300
49.836300
51.175100
51.186900
51.465900
51.472500
51.480200
51.666200
51.671400
51.676200
51.682200
51.688100
52.347000
52.680200
52.686300
52.693100
52.711300
53.759600
53.765300
53.770400
53.926300
53.939600
53.946600
54.727000
54.742800
54.749800
54.758700
54.887500
54.894000
54.912300
55.067800
55.137700
55.147000
55.690300
55.697500
55.706500
55.717200
55.953100
55.959500
55.966000
55.992700
56.909800
56.914500
56.920500
57.095000
57.106200
57.119600
57.245000
57.254300
57.273100
57.689100
57.695600
57.701600
58.569200
58.574700
58.583100
59.352300
59.359700
59.392800
59.404900
59.415400
59.423600
59.679000
59.684900
59.690900
59.914300
59.919700
60.005700
61.287900
61.302100
61.904900
61.914100
62.176500
62.183800
62.190500
62.196700
62.203400
63.485800
63.498700
63.510500
63.517800
63.531200
64.473500
66.041000
66.047000
66.056100
66.067100
66.076600
66.085600
66.110400
68.384000
68.400800
68.408000
68.412600
68.417400
68.444800
68.826200
68.836600
69.635600
69.641200
69.648400
69.654600
69.660500
69.672400
69.678500
71.578500
71.584900
71.591100
71.598900
74.480500
74.489900
74.497500
74.506500
74.516300
74.530500
74.999200
75.004700
76.231600
76.980300
76.989400
76.995400
77.034700
77.041400
77.046100
77.051100
77.057900
79.943600
79.949800
79.972400
80.182200
80.189100
80.200500
80.212400
80.223000
80.538300
80.545800
81.165100
81.171500
81.382700
81.388900
84.815200
84.835500
84.840900
84.929600
84.949600
84.957700
85.277200
85.284800
85.293700
87.365000
87.374300
87.379700
87.388500
87.395200
88.915800
88.921700
88.937400
88.948300
88.956200
88.962200
90.189700
90.195300
90.201100
90.205400
91.863300
91.872800
91.883700
91.889800
91.894400
91.900700
91.907200
91.916400
91.929400
92.286900
92.292000
92.299400
92.305100
94.250000
94.264500
96.778000
96.785300
96.792000
96.799900
96.813100
96.911600
96.918300
97.257200
97.266300
97.273000
97.285600
98.689700
98.707400
99.396700
99.414800
99.423100
99.430000
99.725800
99.731500
99.750900
99.765300
99.880400
99.993800
99.999500
101.634700
101.641400
101.646900
101.654900
101.664100
101.670300
101.677600
101.690400
101.821100
102.242400
102.248200
102.255600
102.262300
102.269700
103.281300
103.289200
103.294500
103.299800
103.309400
104.436800
104.443500
104.737400
104.742300
104.750700
104.757900
104.766400
106.584400
106.591300
106.597600
106.605900
106.619600
106.625800
106.723300
106.729200
106.735500
106.977300
106.982300
108.519400
108.528600
108.538600
108.548100
108.554800
108.561500
108.570100
109.427200
109.439200
110.452800
110.459000
112.012500
112.018100
112.025900
112.035600
112.043400
112.051600
112.294700
112.371900
112.939300
116.910600
116.918800
117.559900
117.994800
118.004200
118.011900
118.379300
118.388100
118.394300
119.037900
119.051500
119.200300
119.207800
119.215100
