spike times
30.038400
30.042300
30.046300
30.049800
30.053300
30.056800
30.060400
30.064100
30.067800
30.072000
30.077200
30.082700
30.088600
30.094400
30.099700
30.105000
30.112100
30.120400
30.129200
30.135800
30.144500
30.156000
30.172500
30.191400
30.200500
30.209500
30.226600
30.243200
30.268500
30.292400
30.301500
30.310300
30.339500
30.349200
30.363000
30.377300
30.416700
30.427600
30.449500
30.465800
30.506300
30.515500
30.541200
30.581300
30.588900
30.644100
30.651300
30.683500
30.722300
30.737000
30.744800
30.755100
30.832600
30.839200
30.875000
30.923800
30.988500
31.003900
31.035400
31.079500
31.099500
31.121000
31.147700
31.155900
31.168800
31.214800
31.291400
31.300800
31.309900
31.333900
31.373300
31.381600
31.390400
31.406800
31.422100
31.432700
31.485500
31.606200
31.615500
31.624000
31.649600
31.662500
31.712200
31.774900
31.783300
31.790300
31.839600
31.931400
31.948600
32.011600
33.374200
33.387300
33.907800
35.623000
36.222100
36.652200
39.132100
39.139500
39.160700
39.204100
39.247400
39.391600
39.440300
40.375900
40.389600
40.404600
40.430100
40.543700
41.356300
41.374800
41.649400
41.658200
41.666200
41.675000
41.698800
41.707700
41.718900
44.290000
49.747900
60.150800
75.148500
76.375800
80.697000
103.280000
106.850300
109.980500
