spike times
2.298500
8.653500
8.663600
8.672800
9.832200
12.475900
12.483600
12.502000
13.641100
13.652700
13.671300
15.466700
15.479700
15.492200
15.506500
15.515800
21.029600
24.687800
24.704000
24.716700
26.022700
26.028700
30.035600
30.038800
30.041800
30.044700
30.047500
30.050200
30.052900
30.055600
30.058400
30.061200
30.064000
30.066800
30.069500
30.072600
30.075800
30.078800
30.082100
30.085000
30.088500
30.092000
30.095200
30.098900
30.102600
30.106600
30.110500
30.114600
30.118700
30.123300
30.126200
30.131000
30.135300
30.139300
30.144000
30.148800
30.154100
30.159500
30.165400
30.171600
30.178500
30.185100
30.200100
30.209000
30.270300
30.278200
30.940400
30.946200
30.953400
30.959700
30.964600
30.970600
31.144800
31.150300
31.159400
31.166000
31.456100
31.463000
31.473500
31.487600
31.897700
31.917200
33.627900
33.633300
33.642200
34.124800
34.131800
34.942300
36.825100
36.839800
36.855200
37.368800
38.137100
38.150200
38.160300
39.080300
39.799200
39.805400
39.815800
39.863900
39.873000
40.331200
40.341000
41.419700
41.426100
41.436700
43.636400
43.645700
43.654100
46.475200
46.482900
50.223100
50.244800
50.252000
51.106000
55.696400
55.711200
55.725000
56.180600
56.193100
58.170900
58.186400
58.199600
59.539400
59.548700
59.557200
59.569300
60.778600
60.787000
60.801100
60.819000
60.832400
64.748800
64.753900
64.761600
64.769200
65.784700
65.791400
65.800100
66.248600
66.266800
67.988300
68.052900
68.065400
68.269900
68.284800
68.293300
68.832400
68.838800
68.845700
69.452300
69.462500
72.747000
73.697000
78.598900
78.608000
78.623100
79.192200
79.706600
79.721100
79.734300
79.751800
80.815100
80.821100
80.831000
80.842200
86.687200
86.698300
86.712500
87.156700
87.165200
87.174500
87.186200
87.769500
87.777700
87.788400
88.127400
88.136800
90.673400
90.684200
90.699800
92.428500
95.995300
96.005200
96.021700
96.568200
98.487800
98.497200
98.517300
98.530600
98.540200
100.131000
100.138300
100.151100
100.426400
100.433400
105.709400
105.717600
105.729600
