spike times
1.461500
1.496600
2.815500
2.860100
3.832300
4.489800
4.513700
4.840100
5.331400
5.338600
5.357900
6.122100
6.446600
7.685600
7.696500
8.771600
8.786900
9.116700
9.125200
9.134500
9.155000
10.314200
10.574700
11.019500
11.031600
11.041500
11.050700
11.063500
11.425900
11.681600
11.707800
12.089200
12.357700
14.498500
15.226100
17.200400
17.222100
17.968300
17.976400
17.986100
18.645200
20.132100
20.187900
20.898500
21.153800
21.545100
21.643200
22.733400
24.114300
25.207800
25.969700
26.473900
26.486300
26.688200
26.705600
27.214700
27.641400
27.655500
27.688800
28.023700
28.037600
28.815200
28.835400
29.262500
29.275500
29.506800
29.566200
30.035800
30.041700
30.046000
30.049800
30.053800
30.058000
30.062100
30.065700
30.069800
30.073700
30.077400
30.081000
30.084800
30.088800
30.092700
30.097100
30.101900
30.106500
30.111200
30.115800
30.122000
30.128300
30.133800
30.138900
30.145600
30.152100
30.159100
30.164800
30.170900
30.179200
30.185100
30.193400
30.204500
30.210200
30.219000
30.227500
30.237500
30.244300
30.252200
30.274200
30.288100
30.298300
30.319300
30.329000
30.336400
30.348400
30.369900
30.395700
30.412100
30.419500
30.440700
30.453500
30.472600
30.494700
30.501200
30.512400
30.519700
30.531700
30.541500
30.575300
30.583800
30.617600
30.676300
30.725700
30.770200
30.794500
30.812800
30.821300
30.829700
30.854700
30.861500
30.954800
30.984100
31.001400
31.047500
31.055400
31.061100
31.073500
31.082000
31.104300
31.115400
31.130300
31.244000
31.259700
31.286800
31.295700
31.313500
31.343800
31.360200
31.400200
31.437500
31.451500
31.474700
31.485400
31.555600
31.564400
31.579900
31.592300
31.649300
31.660400
31.682600
31.714600
31.786900
31.820200
31.833800
31.847500
31.884600
31.941500
31.977100
31.985500
32.023900
32.504100
32.628300
32.646100
33.215200
33.230300
33.244400
33.312100
33.581300
33.961700
33.978300
34.206800
34.217900
34.235900
34.252000
35.082900
35.098100
35.426700
35.445400
35.999600
36.009400
36.018000
36.027000
36.040000
36.514200
36.526300
37.022300
38.898000
38.945100
40.094700
41.612800
41.629400
43.568900
45.679600
47.576200
47.625000
48.831300
49.472900
49.486900
49.496100
49.516800
49.887000
49.894500
49.914800
50.429100
50.975800
51.416900
52.291500
52.801300
53.505500
53.946200
53.971800
54.113600
58.297100
59.278600
59.293800
59.795400
60.210500
61.280600
62.048600
63.054600
63.728900
64.554600
65.063000
65.688200
65.713800
65.982800
66.083000
66.096400
66.699200
66.841400
67.660600
67.678600
67.829000
69.541500
69.566400
69.945700
70.280200
70.868700
72.624700
72.805400
73.871800
75.650100
76.309600
76.348300
76.447300
78.894600
79.016900
79.043800
80.483900
80.513700
81.620500
81.749700
81.795200
83.364100
83.540500
83.749800
83.970700
83.989000
84.004900
84.341100
85.499900
85.537100
86.498400
86.552900
86.582900
91.159300
91.728200
92.796900
93.186500
93.199300
93.627400
93.654200
93.888900
94.713300
94.919200
95.508600
95.526700
95.577400
95.590400
95.608300
98.764500
100.531800
100.887700
101.157300
101.288600
101.347100
101.704600
101.740000
102.233900
102.866500
105.448400
105.456000
105.474600
106.257100
106.397000
106.977600
107.187500
109.026600
109.052100
109.518100
110.013700
111.815200
111.827100
112.552600
113.887500
113.911200
114.533500
115.420200
116.704600
116.737400
116.970000
117.612600
117.648100
118.871800
