spike times
2.635500
3.410000
3.427900
6.306900
8.028500
8.998200
9.011800
9.028300
9.169100
9.181000
9.212000
12.565000
12.575700
13.081200
13.092100
13.100100
13.111200
13.123500
13.135900
13.146800
14.306200
14.323200
14.341600
14.358900
14.630100
14.645300
15.085700
15.341900
16.346900
17.572300
17.593000
19.464400
19.480400
19.494000
19.797800
19.811800
20.518000
21.952200
21.963100
22.002600
24.413100
24.736200
24.749100
25.935600
26.119400
27.109000
27.121200
27.145100
29.584900
29.998600
30.002600
30.006500
30.010200
30.014200
30.017900
30.021800
30.025400
30.030200
30.034700
30.039400
30.047100
30.058900
30.067200
30.079600
30.661700
30.683800
31.895000
32.377700
32.871400
33.817900
34.016300
36.635100
36.655900
36.677900
36.833500
37.593900
37.608500
38.129000
38.140100
38.580800
39.095500
39.113000
39.134700
39.144100
40.375200
40.390900
41.060600
41.207600
43.126700
43.135900
44.771800
45.359900
45.393000
46.769500
48.147100
48.159700
49.770800
50.925200
50.936500
52.627700
52.638100
52.688200
52.700500
52.719100
52.734800
55.095200
55.586500
55.902700
56.263600
56.418300
56.425800
56.437500
59.356100
59.597400
59.609900
59.625000
59.644600
60.123900
60.141700
63.486100
63.667200
66.485400
66.500500
66.512200
69.342700
70.181000
70.412200
70.420000
70.436700
70.445700
70.454700
70.461600
70.476400
70.482900
71.587900
71.607400
71.636800
72.240200
72.249700
72.362800
73.833000
74.027700
74.055600
76.715600
78.495900
78.510700
78.539200
82.633900
82.939500
83.750600
87.052400
87.070800
87.761200
87.789400
88.739800
88.750100
89.768300
89.791100
90.908500
90.917800
90.935800
90.957500
94.787400
94.799100
95.435000
95.779200
95.794700
98.425100
98.446100
98.522900
99.700200
99.723000
101.512900
107.008600
111.335500
111.347100
111.355900
114.798500
114.812700
114.819900
114.938200
114.951800
115.099300
115.111300
115.134400
116.847800
116.870000
116.892700
119.508800
