spike times
11.271600
12.773800
15.341600
30.039400
30.046000
30.050900
30.054800
30.059200
30.063800
30.067600
30.071500
30.075400
30.079700
30.084200
30.089200
30.094600
30.099500
30.106000
30.112100
30.118100
30.125700
30.137000
30.147500
30.174700
30.182000
30.190200
30.214200
30.221400
30.252100
30.273100
30.985700
34.653900
36.791600
37.229800
38.136200
43.653300
59.786200
59.794400
59.802900
59.809500
59.815500
59.825200
59.837900
59.847000
61.780900
69.880800
72.407300
76.344000
78.267200
93.178700
109.648900
114.264300
114.938700
