spike times
0.387900
0.400100
1.774900
2.855700
3.734600
3.743800
3.757000
3.777900
4.334100
4.349400
5.207600
5.242300
5.548300
5.561700
6.382100
7.139300
9.052400
10.034100
10.055700
10.642300
10.658200
11.633600
12.522600
12.544400
12.772900
13.858000
15.911900
15.931600
16.146500
17.241900
17.289400
19.085300
19.970200
20.436000
20.999800
21.019200
21.765800
21.789500
21.817700
22.795700
22.825500
23.132700
23.984700
24.184000
24.191900
24.214400
26.576500
26.886900
26.903500
27.350200
28.702700
28.758400
28.873900
28.883300
29.092500
29.306900
30.035800
30.040500
30.044700
30.048800
30.052500
30.055000
30.059800
30.062300
30.067400
30.071300
30.074300
30.079900
30.084300
30.088700
30.093200
30.098300
30.103300
30.109500
30.115500
30.121700
30.127400
30.132900
30.137600
30.143800
30.151000
30.158800
30.166400
30.180700
30.188100
30.195500
30.203000
30.209600
30.216900
30.224600
30.231600
30.241900
30.253300
30.550400
31.351300
31.363400
31.626700
31.638200
31.653600
31.951600
32.611700
32.628800
32.645100
32.665400
32.680900
33.273900
33.323600
34.169900
35.053700
35.155900
36.060800
36.366500
36.646900
36.783400
36.795900
36.814200
37.783300
38.150700
38.169700
38.234100
38.252200
38.636100
38.697900
39.332600
39.344000
39.979400
41.134600
42.256500
42.405700
42.659100
43.126400
44.173300
44.196700
44.501300
44.513100
46.095000
46.146400
46.495900
46.526400
46.712300
46.725600
48.604000
48.646000
49.412900
49.461200
50.279400
50.314200
50.714500
50.730500
50.876100
51.580800
53.269000
53.280500
54.253400
54.542300
55.280900
55.998700
56.558500
56.877900
56.955900
57.880200
59.560600
60.357900
61.625500
62.156200
63.093600
63.621400
64.299500
65.638400
65.670200
65.776200
66.208300
66.847800
66.984000
67.015000
67.563200
67.577900
69.797900
69.816900
70.249700
70.536500
70.559000
70.578700
70.593900
72.901800
72.983100
73.926400
76.108500
76.442400
76.887600
76.993600
77.016300
78.793100
79.083400
79.128100
80.720800
82.706500
82.722700
82.736200
83.714400
83.723500
83.763500
83.777300
83.792200
84.422700
84.452400
85.188600
85.212600
85.593000
86.926600
86.946200
87.496700
88.781400
88.824900
88.843200
89.681400
90.575500
90.605100
91.149100
91.464200
92.048200
92.654600
92.668000
92.700000
92.826800
94.101400
94.429400
96.832100
97.196300
97.534400
99.050000
99.064900
100.062300
100.080700
100.117900
100.389000
101.057500
101.075300
101.898900
104.052100
105.594000
105.609300
105.626200
105.638100
105.683200
106.105300
106.178100
106.241000
106.335700
106.517700
106.543900
107.298100
107.322100
108.336900
108.975100
109.009600
109.021700
112.116700
113.290000
115.987500
117.023200
119.107000
119.152200
119.504600
