spike times
2.555700
2.577000
8.934100
24.683900
24.697000
24.708100
24.718900
24.737200
25.735700
25.821800
30.041700
30.047100
30.053300
30.057900
30.062600
30.066800
30.071500
30.075900
30.079900
30.084300
30.088800
30.094000
30.099300
30.104500
30.109700
30.115500
30.122200
30.129600
30.140900
30.504100
31.389300
31.828400
32.490800
35.833400
46.284300
51.178800
51.186100
51.193500
51.204200
53.107000
53.395100
53.415200
58.724300
62.510300
63.629100
65.216300
68.169000
74.192800
76.122000
77.389500
82.623100
85.451600
86.711000
92.831000
92.990900
93.003000
94.738400
99.948500
104.692800
107.796700
112.873500
115.837500
