spike times
2.328700
2.334300
2.339200
2.348400
2.355200
2.394400
8.902400
8.908500
8.916000
8.924500
8.933200
8.945900
13.909800
13.918300
13.924600
14.915400
14.920900
14.928800
14.935900
14.950100
15.869000
15.885400
16.667500
16.673600
16.678900
16.698300
16.705000
24.642400
24.652000
24.660100
24.668100
24.675600
24.686500
25.671400
25.683700
27.203500
27.209000
27.215700
27.223300
29.114700
29.121700
29.129900
29.136300
29.142400
29.149600
30.038500
30.041800
30.045100
30.049400
30.053500
30.057300
30.060900
30.065500
30.072300
30.076900
30.082800
30.089500
30.447500
30.458700
30.464500
30.481900
31.018800
31.025500
31.030700
31.043700
31.050300
31.056600
31.063700
31.075200
32.133700
32.140000
32.148800
32.154300
32.162200
32.169300
32.178600
32.287200
34.967400
34.973800
54.657700
54.663700
54.668900
56.211000
56.219500
56.225800
56.235200
63.118000
63.123200
63.148800
63.156600
63.167500
63.175300
64.772500
64.786300
73.281400
73.290600
80.027400
80.043300
81.788500
81.797800
81.804900
84.561000
84.566700
84.574300
84.583600
90.194600
90.204600
90.209900
90.219200
90.233500
