spike times
0.386900
1.102200
1.125700
3.987500
4.014400
17.942200
17.958000
18.002600
22.766800
24.258500
24.275000
30.041300
30.045600
30.049900
30.054300
30.058600
30.062400
30.066700
30.070900
30.075100
30.079500
30.084500
30.090000
30.095600
30.104400
30.112300
30.118000
30.123400
30.132200
30.140400
30.149100
30.160100
30.173000
30.189600
30.200400
30.207400
30.216800
30.229500
30.244100
30.267900
30.281300
30.292000
30.306500
30.322000
30.346700
30.371900
30.394500
30.409200
30.427900
30.440400
30.479100
30.511200
30.527800
30.538700
30.596900
30.624500
30.637300
30.650600
30.662700
30.698000
30.743800
30.767600
30.778100
30.798900
30.849200
30.857800
30.868200
30.884200
30.946000
30.972300
30.981600
31.025100
31.073900
31.089800
31.106800
31.120000
31.132000
31.155700
31.173600
31.182500
31.212300
31.271600
31.282500
31.306900
31.365400
31.373200
31.382100
31.428300
31.463500
31.481200
31.569800
31.577500
31.602600
31.613400
31.626800
31.691000
31.702400
31.722200
31.781900
31.797900
31.833900
31.895100
31.913500
31.929500
31.940000
31.949400
31.965800
32.585900
32.840700
32.877600
32.896100
33.134700
33.893000
34.633800
34.692400
34.707900
35.336500
35.358400
35.392500
36.498000
37.930900
37.950200
37.972100
38.912200
39.712200
40.315800
41.098000
41.905000
42.069800
42.779200
42.789300
42.800300
42.955200
44.395300
44.735300
44.838500
45.417700
45.549200
45.708300
47.136300
50.929100
52.458600
53.264700
54.906500
55.409900
55.842100
59.855200
60.736900
61.882300
62.079100
64.543500
66.173100
66.184300
67.614200
69.518000
69.549600
70.652100
70.899500
74.017000
74.206600
75.025800
77.361500
78.128100
78.864100
80.083500
81.303600
82.058600
83.829300
83.849600
84.530800
86.758000
87.142900
88.447800
89.540300
89.548500
89.562800
89.582600
92.131700
94.724500
95.488600
96.020100
98.763100
104.998500
105.019000
107.053000
110.458400
113.542300
113.552700
113.585600
116.810400
118.192700
119.590700
119.615100
