spike times
11.262500
22.097600
22.105500
22.120800
22.127600
22.141200
22.147500
22.155000
23.318700
23.326300
23.332700
23.357100
28.690300
30.036200
30.039300
30.042000
30.044800
30.047400
30.050000
30.052700
30.055300
30.057800
30.060300
30.063100
30.065700
30.068400
30.071400
30.074300
30.077200
30.080100
30.083400
30.086800
30.090300
30.093700
30.097700
30.101600
30.105800
30.109500
30.113500
30.118100
30.122800
30.127300
30.131300
30.136900
30.141900
30.147100
30.152300
30.158600
30.164300
30.171100
30.175600
30.181200
30.186400
30.190800
30.197300
30.203700
30.210100
30.215700
30.223900
30.228900
30.235000
30.242600
30.250800
30.256900
30.269500
30.277400
30.292100
30.308000
30.319800
30.329900
30.351900
30.360100
30.367700
30.385500
30.406900
30.418300
30.430000
30.478400
30.488100
30.507900
30.515400
30.522400
30.545000
30.569800
30.628300
30.646000
30.652100
30.658800
30.671900
30.678600
30.700500
30.713200
30.761900
30.775200
30.824300
30.832500
30.841200
30.872700
30.894800
30.909300
30.919700
30.966000
30.977200
30.984000
30.999800
31.364300
31.370800
31.714100
31.998600
32.004000
32.164500
32.538000
32.543000
32.548900
32.556000
32.563900
32.852000
32.860000
32.870300
33.054000
33.058900
33.064400
33.070500
33.076500
33.083500
33.356200
33.381100
33.599500
33.607000
33.616400
33.734000
33.744100
33.753200
34.298400
34.303400
34.310600
34.317000
34.819000
34.827900
34.836900
34.858600
35.523000
35.529300
36.021100
36.029500
36.035300
36.046900
36.052400
36.068600
36.090300
36.520100
36.529900
36.536400
36.658900
36.805800
36.811700
36.818800
36.922800
36.929500
37.406800
38.106500
38.336400
38.342100
38.349300
38.676300
38.683500
38.692000
38.880700
38.894700
38.904600
38.911200
38.922900
38.951200
38.958100
38.964500
39.527800
39.535900
39.854600
39.860600
39.869300
40.044100
40.049900
40.059000
40.100300
40.115300
40.121900
40.359700
40.366400
40.372400
40.378800
40.384100
40.404000
41.996300
42.022400
42.072600
42.082000
42.747900
42.755200
42.761700
42.767400
42.776400
42.782100
42.994900
43.353200
43.359400
43.371900
43.378100
43.383500
43.391900
43.401000
43.669600
43.678200
43.685700
43.692500
44.233600
44.244800
44.259400
44.944800
44.950300
44.956600
44.964000
44.973100
44.982300
45.483500
45.491000
45.498500
45.515100
45.521300
46.590300
46.595700
46.604100
46.610200
47.554500
47.561300
47.568700
47.967600
47.974700
47.987700
47.995900
48.004100
48.840200
48.847800
52.369100
54.530500
54.539000
54.563900
56.478800
56.505500
57.839200
57.846400
57.851000
57.859900
61.501100
61.506900
61.513100
61.519800
61.531500
61.630200
61.723600
63.797800
63.808100
66.443300
68.194200
68.201800
68.208300
68.480200
68.489500
71.396300
71.411800
71.424900
71.436000
71.442600
71.452800
72.748100
72.758400
72.764800
72.788600
72.795100
72.809700
72.958400
72.965600
76.829800
76.841000
76.862100
78.467200
78.476000
78.485700
78.491500
78.498100
78.503300
79.732600
79.748300
79.766300
79.778900
80.219300
80.224900
80.231400
80.245100
80.252300
81.654600
81.663300
81.671000
81.687300
84.651900
88.627500
88.633000
88.638600
88.648700
88.657400
88.664800
88.675100
88.836400
91.030200
96.671600
98.197800
98.715300
98.722400
98.730700
98.740600
98.747800
98.762900
98.833000
98.840500
101.070400
101.076000
101.082800
101.089300
101.102500
101.112200
101.120900
101.128700
103.396700
103.403300
103.409900
103.416600
103.423200
103.433500
103.442200
103.645900
103.859600
103.874200
105.388500
105.412800
112.807400
112.812800
112.824500
112.830500
113.602300
113.616600
113.630200
113.638900
113.665400
113.675600
115.794300
115.814800
115.826400
119.716200
119.723100
119.734500
119.741900
119.748100
119.758200
119.769500
