spike times
30.010100
30.013300
30.016200
30.019200
30.022000
30.024700
30.027500
30.030500
30.033500
30.036300
30.039500
30.042500
30.045800
30.049000
30.052400
30.055700
30.059200
30.063000
30.066300
30.070000
30.073900
30.077400
30.081800
30.085900
30.090900
30.095200
30.099600
30.103800
30.108600
30.113200
30.118800
30.123500
30.128800
30.134600
30.140300
30.145200
30.151500
30.156000
30.161300
30.167100
30.173000
30.178600
30.185900
30.191100
30.196100
30.202900
30.207800
30.214900
30.226400
30.237600
30.866900
31.081500
31.088500
31.887800
32.664100
32.673200
32.683300
32.689500
32.698600
32.707500
39.604200
43.270300
52.894000
52.907600
52.916200
56.851100
56.862100
58.360600
58.372600
66.391800
66.398700
73.235500
74.525600
74.533100
78.886100
78.894600
78.903100
78.918800
83.457300
83.464400
83.472700
83.488600
83.499200
84.795400
84.807900
84.814100
84.823600
84.832600
86.714800
86.726200
86.736300
86.747500
88.423000
88.432200
88.446100
90.091300
90.109000
91.247700
103.597100
103.605100
103.616000
109.229500
109.236200
109.251900
109.266900
110.585700
110.592800
110.600300
110.612300
116.491200
116.498100
116.506700
116.514700
116.534500
119.634200
119.642900
119.654300
119.665200
119.672200
119.680400
