spike times
0.334700
0.912800
2.587800
2.605500
3.763900
3.771700
3.788700
3.804600
5.139500
5.150700
8.385200
8.400900
8.407900
8.416000
9.092500
9.886200
9.895400
9.910800
11.618400
11.628000
12.662400
13.568500
18.482400
20.676000
20.687500
22.372300
22.383800
24.387900
24.399200
24.410100
25.416400
25.687000
25.955800
25.969600
26.958300
28.577600
28.584900
28.600400
28.617800
29.222700
29.234100
30.039900
30.043800
30.047400
30.050800
30.054200
30.057400
30.060500
30.063800
30.067100
30.070200
30.073900
30.076900
30.080100
30.083900
30.087400
30.090800
30.094800
30.099200
30.103500
30.108500
30.114800
30.120700
30.126800
30.134200
30.150100
30.157000
30.167000
30.179000
30.185900
30.194000
30.214400
30.226600
30.233000
30.247100
30.253800
30.284100
30.303100
30.311900
30.329500
30.382800
30.388400
30.397000
30.466500
30.501400
30.619900
30.624600
30.629200
30.723100
30.727700
30.732500
30.743900
30.752500
30.764500
30.774300
30.803100
30.824600
30.833500
30.839400
30.905600
30.970200
30.991900
31.018700
31.027100
31.077500
31.106800
31.195700
31.210500
31.216500
31.223900
31.230800
31.248300
31.262500
31.304500
31.426800
31.447100
31.451900
31.454000
31.470200
31.524500
31.532400
31.538600
31.549700
31.567700
31.576500
31.633300
31.695700
31.747700
31.755600
31.816800
31.828300
31.876400
31.955300
31.965000
32.039300
32.050200
32.135900
32.146300
32.160800
32.176300
32.279800
32.289300
32.294800
32.316500
32.319700
32.330300
32.340400
32.354700
32.376000
32.385500
32.459200
32.480600
32.592500
32.598500
32.617100
32.626800
32.652000
32.791900
32.801400
32.960600
33.130700
33.140900
33.151100
33.163500
33.186800
33.212300
33.299700
33.336400
33.446500
33.458300
33.482600
33.601800
33.708100
33.776100
33.793300
33.810600
33.819500
33.871500
33.884900
33.900900
33.936800
34.051100
34.057300
34.067500
34.078900
34.095200
34.112500
34.134100
34.184700
34.255700
34.264100
34.272200
34.282200
34.289700
34.304700
34.313600
34.494500
34.582600
34.594200
34.653500
34.796300
34.826200
34.853700
35.003000
35.019900
35.740300
35.746200
35.883700
36.043800
37.367400
37.867300
38.093300
38.153600
38.488500
38.508800
38.523800
39.450500
39.865700
39.875900
40.478400
40.727500
40.885800
40.898500
41.019700
41.385500
41.701800
41.710800
41.732800
42.227700
42.345700
42.366100
42.675200
42.832000
42.846900
42.855400
43.986800
43.998600
44.673500
44.724100
45.313500
45.320300
45.325400
45.332400
45.343000
46.178400
46.187400
47.030200
47.067300
47.079700
47.310100
47.325800
48.270900
48.283900
48.302000
49.923400
49.946500
49.993100
50.515900
50.522300
50.530700
50.747500
50.957800
51.619700
51.932800
52.215500
52.468100
52.477400
52.492000
52.504400
52.635300
52.645400
52.894100
52.911800
52.921200
54.192500
54.204200
54.470400
54.478400
54.871900
55.470300
55.483200
55.503700
55.519600
55.725900
55.731600
56.274800
56.976000
56.987500
56.998100
57.006500
57.616900
58.736100
58.749700
59.912400
59.925100
59.934800
59.968700
60.109000
60.119600
61.361200
61.574000
61.588100
61.862000
62.072500
62.083100
62.381200
62.391200
62.398300
62.407600
62.617000
62.631100
63.261000
63.267400
63.274400
63.679700
63.858700
63.869700
63.879500
64.785900
64.793400
65.108000
65.117800
65.127200
65.807600
65.820500
66.233400
66.246500
66.851900
66.860800
66.894500
67.116000
67.126300
67.150600
67.882700
67.905300
68.153400
68.169600
68.457900
68.475600
68.940800
68.948400
68.956600
68.974100
69.414800
69.427200
69.437800
69.446100
69.455100
70.557800
70.586100
71.170600
71.178700
71.188400
72.506700
72.520500
72.526800
72.562700
72.891400
73.176000
73.187600
73.195700
73.901500
73.909200
73.918300
74.193400
74.783600
74.799100
75.329000
75.589300
75.599700
75.994400
76.004000
76.012300
76.321700
76.488000
76.497800
77.839100
77.862200
78.701700
78.710200
78.717400
78.725600
78.918600
78.929200
78.936100
79.225000
79.240900
79.422200
79.819100
79.825900
79.838800
79.953300
79.959600
79.966600
79.985700
80.280200
80.288500
80.577200
81.215700
81.230000
81.240900
81.529900
81.539500
81.557600
81.785600
82.239600
82.246400
82.259400
82.516100
83.024700
83.031600
83.971800
84.879100
84.889300
84.909600
84.918000
85.136800
85.168500
85.174800
85.185000
85.219000
85.240000
85.249900
85.382800
85.575800
85.593700
85.604900
85.611200
85.817500
85.858200
85.872000
86.843200
86.870600
87.269800
87.450200
87.458100
87.479100
87.500500
88.898100
88.904600
88.909300
88.914800
88.920700
88.928300
88.939500
88.959700
89.091400
89.099800
89.739500
89.752000
89.976500
90.695900
90.709900
90.725000
90.874700
90.882400
90.895100
90.906000
91.546400
91.559600
91.567100
91.788400
91.799300
92.223300
92.230800
92.364800
92.875700
92.890500
92.901000
92.907600
93.561200
93.568200
93.591500
93.602200
93.954600
93.960500
94.111600
94.117700
94.133100
94.786100
94.795400
94.808000
94.817600
94.942700
95.635300
95.647100
95.744300
96.537700
96.556400
96.692500
96.701300
96.713300
96.856600
96.873600
97.106300
97.302200
97.333300
97.385000
97.407300
98.384300
98.394400
98.874600
98.895500
98.908600
99.831800
99.839200
99.848700
99.994600
100.030900
100.578800
101.046600
101.061400
101.644800
101.653200
101.930000
102.347500
102.569500
102.580800
103.154100
103.169300
103.627500
103.857100
104.033000
104.295100
104.301800
104.309100
104.948800
104.959800
104.974900
104.983900
105.309300
105.318200
105.325800
105.935100
106.100300
106.104600
106.110300
106.119800
106.127300
106.133700
106.905200
107.821600
107.833600
107.851300
107.864200
107.870100
108.739700
109.025800
109.114600
109.131900
109.262800
109.270700
109.283300
109.293600
109.357700
109.365500
109.599500
110.732000
111.240800
111.278900
112.037900
112.782100
112.792300
112.804600
112.812500
112.828300
113.281500
113.819200
114.182200
114.189300
114.196400
114.202300
114.748200
114.764000
115.131800
115.620200
115.636000
116.138700
116.149800
116.161900
116.173900
116.179600
116.196700
117.171500
117.691500
118.042500
118.529800
118.716100
118.736300
118.745700
119.811500
