spike times
2.726600
2.767300
2.796200
5.880800
30.037700
30.041500
30.045200
30.048600
30.051600
30.054500
30.057300
30.060200
30.062900
30.065700
30.068400
30.071200
30.074100
30.077000
30.079900
30.082900
30.086000
30.089400
30.092900
30.096500
30.100100
30.103600
30.107100
30.110400
30.114500
30.118700
30.122600
30.126800
30.130900
30.135100
30.139500
30.145200
30.150500
30.155800
30.159900
30.165500
30.170900
30.176400
30.181600
30.189000
30.195100
30.200100
30.207400
30.213000
30.219100
30.225800
30.233300
30.241500
30.248900
30.259800
30.265800
30.272200
30.278000
30.286100
30.293800
30.303100
30.318700
30.323900
30.334300
30.342300
30.354800
30.403900
30.413400
30.420400
30.430700
30.454000
30.460200
30.471900
30.481300
30.521000
30.537200
30.552800
30.590200
30.606800
30.617000
30.681200
30.702600
30.727200
30.748300
30.756000
30.807500
30.815500
30.827700
30.838700
30.845800
30.856800
30.863300
30.885100
30.912500
30.920400
30.973100
30.983900
30.990100
31.002600
31.360900
31.372800
31.583200
31.706900
31.865500
31.877900
32.174500
32.257000
32.269200
32.464000
32.568700
32.581100
32.819900
32.923600
32.931900
32.952200
33.249300
33.326400
33.422800
33.514300
33.663400
33.759400
33.932100
34.482100
34.490400
34.526000
34.681600
34.917700
35.007000
35.090200
35.107300
35.195900
35.332900
35.359300
35.451000
35.595200
35.605200
37.065000
37.081000
37.309000
37.333500
37.347500
37.473400
37.480100
38.412900
38.447900
38.484400
39.325000
39.774900
39.789300
39.799900
39.813400
40.004500
40.013500
41.093900
41.109900
41.239000
41.936500
41.994300
42.101800
42.169500
42.954200
42.966600
42.982500
43.438200
43.452200
43.669900
43.734200
43.960900
43.972100
43.996000
44.016700
45.527400
45.543100
46.207300
46.563800
46.574500
46.585700
46.730500
46.851300
46.864800
46.900300
47.074100
48.753000
48.765400
49.290900
49.311000
49.650700
49.677500
50.595000
50.605100
51.573500
51.593400
51.610900
52.180500
52.230000
52.244600
55.600400
56.883400
56.902800
57.974500
57.993400
58.006000
58.020400
58.035000
58.330500
58.344300
58.395500
58.620500
58.813000
59.946400
60.787000
60.848800
60.867500
60.877800
61.109300
67.075200
67.086100
67.597800
67.876500
67.905600
67.990200
69.559100
70.726200
70.762400
70.827100
70.895000
71.022000
71.318500
71.638000
71.664200
71.688600
76.022100
76.485900
76.539700
80.830000
80.863700
80.890500
80.988100
81.511700
81.521200
81.554300
81.567800
81.584200
82.377400
82.392700
82.403600
89.305000
89.315500
89.328100
89.357100
91.731000
91.786700
94.610300
94.618400
94.656000
94.691600
100.178300
100.186900
100.269000
100.290000
103.179600
103.972800
103.990000
109.877500
110.094900
113.738800
113.772900
113.793500
118.476700
118.491200
118.567700
118.654400
119.998100
