spike times
0.524600
0.859800
3.050200
3.720200
3.743700
5.094800
5.112600
5.585700
5.915200
7.418700
9.695800
10.944500
16.412300
16.429000
16.440500
16.473300
19.393100
20.836400
21.295300
22.143900
22.160400
22.498900
22.511500
25.185000
25.195200
25.219100
25.233900
27.570900
28.378700
28.648200
28.782900
29.536000
29.547600
30.052600
30.068500
30.097000
30.108600
30.118900
31.436000
32.198400
32.858900
34.942000
35.433600
35.564100
36.359900
36.975100
36.998700
37.042100
38.410200
39.017900
40.995900
41.771700
41.786600
42.643300
44.628600
45.502300
45.946600
45.957100
45.977900
46.701300
48.104500
48.281600
48.672500
48.690500
48.990300
49.247800
49.282700
51.407000
52.461200
52.976800
53.020300
53.887900
55.069100
56.078700
56.438400
57.012700
57.258500
57.282500
58.968800
59.216300
59.664500
60.275500
60.981200
61.118600
61.319700
62.176200
62.759400
63.010200
63.429300
64.642200
64.649900
64.658300
64.667700
64.685700
65.073400
65.994100
66.876400
66.895400
67.663600
72.697900
73.720100
73.995700
76.453700
78.345400
78.827100
