spike times
0.031900
0.531300
0.626800
1.125000
1.378700
1.387400
1.407000
2.152900
2.427400
2.515600
3.357800
3.914000
3.923300
4.282000
4.578000
5.414700
5.436500
6.886100
7.905100
7.933800
7.945400
8.020200
9.645600
10.000800
10.025200
10.059300
10.864700
11.556200
12.858900
13.923300
13.946400
14.951500
15.254000
15.848500
15.887200
17.034600
17.520200
18.112700
19.407800
19.456400
20.007400
20.023800
20.070100
20.801500
20.810800
20.822000
21.381800
21.397600
21.421500
21.920000
22.767900
22.787100
23.480100
24.010500
24.359500
24.370100
25.051200
25.063900
25.674500
26.555600
28.686900
28.713800
29.092700
29.583700
29.689800
30.035700
30.042300
30.046900
30.051400
30.056000
30.061900
30.069600
30.079100
30.086900
30.107600
30.202100
31.256600
31.298500
31.324000
31.724500
31.812400
32.144300
32.155600
32.211300
33.201300
33.451400
33.466900
34.137400
34.622400
34.630800
35.139900
35.151600
36.432300
36.738100
36.988300
37.016600
38.740600
38.755400
38.788600
39.881900
39.905400
40.721100
41.179800
41.405500
41.423400
41.600700
41.848500
42.041200
42.188200
42.694800
42.820800
43.453400
43.812000
43.825200
43.844000
43.868800
44.095400
44.969400
46.256200
46.489400
46.520100
47.055600
47.462500
48.422000
48.995100
49.407000
49.977100
50.157700
50.482000
51.018800
51.478300
51.669800
52.161600
52.313800
53.452400
53.464900
54.593700
55.175500
55.675400
56.675800
58.544100
58.818000
58.834300
59.552600
59.562700
59.581500
59.612100
60.286800
60.623500
60.939600
60.948200
61.020400
61.448700
61.479800
62.906500
63.161200
63.438100
63.686600
65.177400
66.727000
68.635600
68.669200
69.336800
69.352000
69.746700
70.159900
70.178900
70.768900
71.471800
71.499100
72.233600
72.276500
72.456500
72.463900
72.907700
73.397500
74.201600
74.698600
74.708400
74.783400
76.021900
76.041300
76.114400
76.474500
76.775200
76.998600
77.027100
78.084700
78.103600
78.821700
78.835100
78.854400
80.323600
80.332000
80.989700
80.999900
81.011300
81.566700
81.647700
82.503700
83.414400
84.515500
84.635200
85.784700
86.096700
86.840500
87.086100
87.333100
88.820200
89.021900
89.043900
89.070000
89.713200
89.878500
89.891900
89.905900
90.555400
90.959900
92.117800
92.133700
92.666800
94.420900
94.557100
95.422600
95.433600
96.073600
96.085700
96.697000
97.782200
98.795400
99.096900
99.119500
100.486900
100.692000
100.702000
101.781900
101.795500
101.990200
102.008900
102.700700
103.030500
103.983100
103.999100
104.395300
104.942200
105.273700
105.296300
