spike times
6.881300
6.887700
6.900500
6.922600
6.930600
6.940800
8.318700
8.382200
12.684200
12.692800
12.704000
12.710500
12.717700
12.736000
14.611900
14.617700
14.633300
14.642100
14.954200
14.960200
23.594300
23.599500
23.613600
23.620000
23.628000
28.948500
28.954300
28.961400
28.970900
28.979200
28.984700
28.990100
28.996100
29.161200
29.168600
30.037000
30.040000
30.043100
30.045800
30.048300
30.050700
30.053200
30.055600
30.058100
30.060800
30.063300
30.066000
30.068900
30.072100
30.075400
30.078700
30.081800
30.086200
30.089500
30.094100
30.098600
30.103400
30.109000
30.115900
30.124000
30.134500
30.141200
30.762600
30.770400
30.776000
30.834900
30.888100
30.899400
30.913400
31.157300
31.162500
31.167700
31.172300
31.180100
31.194600
31.799800
31.806100
31.811800
31.817800
31.906000
31.912800
33.602400
33.613900
33.747200
33.754300
33.779300
36.428400
38.983700
38.989600
38.994900
39.005700
39.014100
39.022000
41.467300
41.477700
41.483000
41.488700
41.496900
41.513000
45.166000
45.172100
45.179700
45.191400
45.234400
45.354100
48.277900
48.284600
48.291000
48.300100
48.313800
54.364900
54.371900
54.379500
54.387400
54.393700
56.673500
56.681300
56.690400
56.697300
56.709300
56.722000
57.005700
59.221300
61.718500
61.726000
61.734400
61.748100
61.781300
62.435800
62.442400
63.570800
63.586100
68.366900
68.373700
68.378800
71.634500
71.639400
71.646500
71.656200
71.663600
75.317500
75.324000
75.331200
75.337500
75.358800
75.633900
75.649400
76.218700
76.224500
76.231100
76.242800
76.997600
77.004900
77.009800
77.016300
77.021600
77.085300
78.352100
78.359000
78.373600
78.403500
78.409800
80.433400
80.441100
80.448700
80.481700
80.489800
81.091700
81.117300
82.673700
82.700400
82.727500
82.734400
82.746200
