spike times
0.344100
0.697600
0.708800
0.717700
0.730600
0.752200
0.885700
0.996900
1.093100
1.191000
1.265400
1.934300
1.949400
1.959200
1.976000
2.125500
2.197200
2.834900
2.850300
3.120400
3.443600
3.480000
3.722500
3.735000
3.809700
3.940600
3.956600
4.084200
4.338100
4.547300
4.621800
4.814100
5.011400
5.379800
5.433800
5.842100
5.874400
5.896400
5.950900
5.964000
6.058100
6.067000
6.104400
6.147400
6.343000
6.370800
6.416300
6.446300
6.483800
6.499000
6.511900
6.644300
6.911700
7.114300
7.264300
7.334400
7.692700
7.746100
7.761200
7.770700
7.801600
7.836600
8.288800
8.464100
8.474200
8.529400
8.537300
8.667900
8.754600
8.760800
8.854200
8.935400
9.251200
9.467200
9.618200
9.635000
9.647800
10.112100
10.169600
10.558900
10.712600
10.813700
10.891600
10.901900
10.956100
11.103500
11.226800
11.358600
11.388000
11.402700
11.422800
12.099700
12.279500
12.408300
12.826400
12.902000
12.932900
13.241300
13.280400
13.352400
13.362200
13.387500
13.740600
13.945500
14.026000
14.323000
14.349200
14.453300
14.480200
14.940500
15.248000
15.257500
15.266200
15.275100
15.299200
15.529300
15.747300
15.863700
16.135200
16.148800
16.157600
16.164900
16.291500
16.384600
16.545200
16.762300
16.806900
16.952900
17.139400
17.357400
17.460500
17.480100
17.493200
17.738700
17.751400
17.761200
18.028900
18.213500
18.504900
18.658600
18.675300
18.756100
18.766500
18.783700
18.806900
19.013100
19.236300
19.647100
19.841800
19.855500
20.101000
20.135000
20.144100
20.405300
20.609100
20.759800
20.779100
21.019800
21.077800
21.089800
21.218500
21.262000
21.279600
21.307500
21.316800
21.329600
21.340800
21.522900
21.979400
21.985700
21.998400
22.006600
22.016700
22.025800
22.036700
22.047800
22.325000
22.433200
22.446900
22.481900
22.555800
22.561600
22.572400
22.665700
22.672400
22.722300
22.872700
22.993100
23.000900
23.050700
23.318700
23.342900
23.383600
23.396400
23.535300
23.549900
23.761400
23.833200
23.855200
24.108000
24.129700
24.140600
24.166200
24.236700
24.309000
24.329500
24.338500
24.346700
24.354000
24.374400
24.420100
24.463300
24.708600
24.844900
24.856000
25.055800
25.072800
25.320500
25.405700
25.412100
25.469200
25.524400
25.993900
26.153700
26.930000
26.979600
26.997300
27.010700
27.027300
27.103100
27.112600
27.248400
27.267800
27.280700
27.458500
27.474600
27.857800
27.882400
27.909900
27.916600
27.982500
28.215800
28.570500
28.709900
28.720600
28.804200
29.253600
29.303400
29.319200
29.505800
29.668200
29.675400
29.869200
30.023900
30.047500
30.053700
30.061200
30.066900
30.072400
30.078200
30.083700
30.088500
30.093700
30.098900
30.104200
30.109500
30.118900
30.129800
30.258200
30.393100
30.404900
30.510500
30.825300
31.186200
31.476700
31.490200
31.524100
31.805300
31.824000
31.947500
32.005400
32.382900
32.411000
32.433300
32.608900
32.872400
32.923900
32.998600
33.019800
33.112000
33.235000
33.945100
33.960700
33.980700
33.988200
34.016900
34.179000
34.192600
34.216000
34.484300
34.502100
34.950600
35.068400
35.153800
35.218500
35.242100
35.367300
35.679600
35.781000
35.793000
35.967200
35.973200
35.983000
35.997800
36.243400
36.540800
36.627900
36.693900
36.716900
36.753300
36.928300
36.936000
37.143800
37.406500
37.533400
37.548000
37.592700
37.613600
37.687400
37.730100
37.757300
37.834800
37.882300
38.055200
38.100600
38.158900
38.186200
38.269800
38.287100
38.308000
38.478700
38.494700
38.542300
38.766100
39.343100
39.494700
39.507800
39.718000
39.727000
39.733700
39.751100
39.787500
40.093000
40.104400
40.184200
40.431400
41.008200
41.190700
41.210400
41.660400
42.256500
42.377300
42.608100
42.620200
42.632100
42.790100
43.007000
43.136300
43.225900
43.405100
43.520700
43.681200
43.710300
43.720800
44.148400
44.343200
44.458400
44.996500
45.419700
45.448600
45.561700
46.161200
46.175900
46.320400
46.343500
46.809500
46.818200
46.856300
46.863600
46.980200
47.551200
47.587400
47.984400
48.220900
48.252300
48.260600
48.277400
48.399100
48.411400
48.423900
48.470400
48.480700
48.664300
48.787600
48.949700
49.040800
49.087300
49.093700
49.188600
49.246600
49.511000
49.525900
49.535300
49.738800
49.843600
49.866100
49.883300
49.988100
50.209900
50.242400
50.255600
50.289900
50.375000
50.428800
50.764400
50.776700
50.802500
51.077100
51.086700
51.243900
51.256700
51.564800
51.575500
51.646100
51.760800
51.796600
52.044700
52.202100
52.415900
52.425400
52.607700
52.663100
52.674700
52.713000
52.755800
52.768100
52.805700
52.944600
53.049000
53.137400
53.147900
53.165900
53.174300
53.430800
53.443300
53.486600
53.545800
53.557800
54.012100
54.433300
54.443700
54.461700
54.596700
54.861600
55.043800
55.070300
55.085200
55.344700
55.707400
55.719900
55.734400
55.935800
56.017800
56.201500
56.365300
56.371800
56.429700
56.500400
56.510600
56.652300
57.007300
57.025100
57.082800
57.381600
57.393900
57.648100
57.660500
57.711700
57.847800
57.903900
57.979800
58.073700
58.095000
58.272500
58.308300
58.383400
58.414000
58.426500
58.725100
58.806500
58.856700
58.906000
58.940200
58.953500
59.064800
59.400900
59.420100
59.436200
59.468700
59.486500
59.549600
59.634400
59.651100
60.067200
60.079700
60.091000
60.101000
60.132400
60.155200
60.443800
60.541100
60.548200
60.733100
60.895200
61.416500
61.446100
61.962000
61.976600
61.985800
62.113500
62.119600
62.128700
62.415500
62.445200
62.601600
62.661300
62.840100
62.857500
63.080000
63.259600
63.274900
63.307100
63.535300
63.543700
63.553200
64.076400
64.354100
64.567300
64.782200
64.956200
64.983900
65.088000
65.391100
65.840200
65.947900
66.010600
66.025600
66.037900
66.155200
66.167500
66.312700
66.691900
66.700000
67.002000
67.190500
67.577100
67.882300
67.906000
68.118900
68.132700
68.433100
68.472700
68.491200
68.609400
68.677300
68.719600
68.728600
69.622600
69.645600
69.651700
69.691100
69.781000
69.866100
70.441500
70.626600
71.226600
71.238100
71.334000
71.443000
71.564200
71.796100
71.980600
72.137100
72.167500
72.182600
72.199300
72.408500
72.753300
72.770900
72.873100
72.883500
73.013300
73.021300
73.049700
73.215500
73.239800
73.300400
73.466200
73.489300
73.594800
73.634600
73.714100
73.856900
73.958400
73.966200
74.232800
74.363600
74.375600
74.459100
74.728600
75.028900
75.051600
75.126100
75.417200
75.720200
75.836900
75.968400
75.990300
76.108700
76.132000
76.321500
76.338200
76.355000
76.415100
76.454200
76.466900
76.599800
77.069400
77.231400
77.269900
77.286000
77.298200
77.332800
77.342700
77.353400
77.361200
77.667300
77.687300
77.835500
78.127100
78.140500
78.180700
78.613600
78.834300
78.858200
78.961500
79.000400
79.008500
79.204800
79.628100
79.717300
79.816600
79.833300
79.973300
80.096500
80.317200
81.146800
81.156200
81.173100
81.224800
81.231500
81.905900
81.934300
81.999600
82.199400
82.288200
82.427800
82.448800
82.721400
82.980700
83.263500
83.398700
83.646500
84.222300
84.365800
85.477800
85.566700
85.584700
85.638000
85.664600
85.798900
85.820400
85.887100
86.077600
86.284300
86.338700
86.352100
86.489900
86.504400
86.529500
86.571000
86.607600
86.769700
86.806900
87.422300
87.489300
87.497800
87.707400
87.719800
88.028100
88.041400
88.143300
88.153100
88.181400
88.188300
88.198800
88.351700
88.423100
88.440000
88.569800
88.690300
88.705000
88.714400
89.092500
89.138900
89.212600
89.238100
89.802900
90.001200
90.023300
90.046700
90.083300
90.141300
90.148700
90.306100
90.410200
90.757000
90.800300
90.880500
91.157300
91.169600
91.371400
91.593500
91.676000
91.685100
92.249800
92.274400
92.287000
92.317100
92.338800
92.435400
92.733300
92.830200
92.837400
92.849100
93.006100
93.113400
93.188100
93.204000
93.525500
93.965400
93.991000
93.997600
94.051300
94.331300
94.345900
94.619600
94.653900
94.778400
94.787800
94.798600
94.811300
94.931500
95.157200
95.275400
95.404600
95.428800
95.685500
95.787400
95.804800
96.024100
96.688800
96.706000
96.718400
96.729800
96.812000
96.920700
97.238400
97.279100
97.516600
97.526400
97.718300
97.739400
97.958300
98.143500
98.270000
98.809000
98.905500
98.971000
99.009500
99.033900
99.057300
99.305700
99.340100
99.357500
99.372800
99.575800
99.707700
99.720100
99.734000
99.750600
99.965000
99.971900
99.978100
100.009400
100.028100
100.037500
100.087000
100.105500
100.213500
100.463100
100.472000
100.540600
100.800000
100.803700
101.113000
101.130600
101.271500
101.696100
101.712000
101.844200
101.882200
101.946900
101.958900
102.231400
102.351900
102.410100
102.543800
102.851200
103.002800
103.019500
103.056400
103.184000
103.207900
103.785600
103.812300
104.399800
104.649900
104.880300
104.893700
104.901300
104.914900
104.947400
104.961400
105.189700
105.203900
105.591900
105.609500
105.618600
105.632600
105.661800
105.674000
105.748800
105.774800
105.784600
105.799800
106.000500
106.217100
106.388800
106.451400
106.458100
106.800600
106.843900
106.989600
107.109900
107.120400
107.131900
107.381400
107.400200
107.416500
107.872200
108.026800
108.168500
108.266900
108.755300
108.812900
108.821200
109.097500
109.171800
109.308600
109.541300
109.724100
109.743000
109.754400
110.089000
110.095400
110.286100
110.774200
110.971300
110.983600
111.303500
111.433500
111.450600
111.607500
111.618000
111.701100
111.714400
111.721700
111.818900
111.988100
112.160800
112.181300
112.195300
112.206900
112.216100
112.226900
112.302200
112.524700
112.561800
112.919400
112.928600
112.989800
113.235800
113.251400
113.278900
