spike times
3.863100
3.873000
3.884400
7.048600
7.059600
7.085200
8.949300
8.957500
8.972300
18.190200
18.198900
18.206500
18.220000
18.248500
18.327800
30.035900
30.040000
30.044100
30.047600
30.051000
30.054600
30.058000
30.061100
30.064100
30.067200
30.070200
30.073300
30.076400
30.079400
30.082700
30.086100
30.089500
30.093100
30.097000
30.100500
30.104400
30.108700
30.113400
30.117700
30.122400
30.127900
30.133100
30.138200
30.143600
30.148800
30.153300
30.158000
30.167500
30.174600
30.180600
30.186300
30.192000
30.197200
30.203900
30.211200
30.218000
30.223600
30.239100
30.765700
30.803900
30.829500
31.148900
31.157900
31.165400
31.174900
31.512200
31.527000
31.604300
31.618200
31.694300
31.706600
31.979900
31.987100
32.148100
32.558600
32.576000
32.588100
32.846100
32.870100
32.887200
33.042900
33.058300
33.066900
33.082300
33.262200
33.798400
33.809400
34.138700
36.605000
36.637300
39.302600
39.312000
39.664000
39.675600
39.687200
40.099600
40.108700
40.123300
40.207100
41.202400
41.212200
41.222000
41.908900
48.413200
48.423100
48.433800
48.463400
51.353900
51.364000
60.508900
60.542300
60.559700
62.871900
62.953100
62.963300
62.977300
63.045700
64.793800
64.814900
78.367400
83.808200
83.858000
83.869300
83.886500
92.650700
92.686800
111.870500
113.693500
115.624200
119.510700
