spike times
2.417700
2.431700
2.452800
3.405900
4.149100
4.163800
4.885600
7.527800
8.637300
8.653200
10.464900
11.120400
13.377900
14.807300
18.316900
19.608900
20.259100
20.270700
24.184800
25.305800
26.536100
26.703600
27.325700
28.307000
30.050900
30.056100
30.061400
30.068000
30.074200
30.079900
30.086000
36.242000
36.903500
36.913000
38.132800
44.532600
48.136200
48.944900
49.951800
50.249200
51.575200
51.997700
52.180300
52.344200
54.354600
57.650400
58.351700
59.232500
59.472600
61.356700
61.375600
61.980400
63.424900
67.414700
68.866100
69.228000
71.842300
74.529700
75.729000
76.248500
78.361500
78.369300
80.265700
81.163900
81.172300
83.213800
83.451800
83.473400
83.930800
84.651500
85.235600
