spike times
0.031000
4.359500
4.374600
7.932700
7.957500
11.905500
14.679300
19.464300
24.481300
25.209200
30.044300
30.048300
30.052200
30.055900
30.059400
30.063400
30.067400
30.071000
30.075200
30.079400
30.083400
30.088200
30.093700
30.099100
30.103700
30.108600
30.114300
30.120700
30.153800
30.160600
30.181200
30.190400
30.209100
30.216300
30.231100
30.242200
30.294700
30.323800
30.331200
30.422300
30.454100
30.465500
30.478500
30.807500
31.177600
31.188700
31.324200
31.426800
31.686300
31.696000
31.704800
32.117600
32.145600
35.745600
36.647000
37.867100
38.903400
39.877200
50.064900
55.541000
57.855200
65.989000
68.808400
70.494100
70.553500
75.729300
75.741000
75.768100
75.785400
90.622200
90.635200
90.677500
104.534800
104.553300
104.566800
105.942000
105.957800
105.985300
115.853000
