spike times
0.393400
0.405900
0.412800
2.116600
2.125200
2.140800
2.151800
2.719400
2.731700
2.751100
2.761700
4.184100
5.093400
5.107300
5.428900
5.438800
5.453800
5.471700
7.110500
7.117200
7.124900
7.137100
8.582300
8.595500
9.139500
9.813700
9.829400
9.839300
9.852000
9.987700
10.864700
10.876100
11.911500
11.922500
12.812100
12.827800
13.848100
13.867300
13.875300
13.902800
13.922700
14.267700
14.893300
14.897800
14.906400
14.916700
14.932600
15.656800
15.765200
15.869700
16.385600
16.393100
16.622000
16.628800
16.635100
16.649400
16.832800
16.879500
16.886200
17.100500
17.111400
17.210100
17.315100
17.325900
17.344400
17.597100
18.176400
18.183900
18.418700
18.433900
18.448300
18.650600
18.662600
19.721300
19.795700
19.822200
19.832700
21.388300
21.397900
21.422500
24.456000
25.757300
25.769500
25.777200
25.788500
25.794900
25.803600
26.594700
26.617600
27.006400
27.016500
28.497500
29.262200
29.269200
29.275300
29.282100
29.289400
29.298400
29.309300
30.045300
30.049900
30.053900
30.057800
30.061900
30.065700
30.069800
30.074400
30.078600
30.084100
30.090000
30.097300
30.118100
30.129000
30.674300
30.687900
30.697300
30.708300
30.739400
32.804900
32.815900
32.835400
33.158300
33.167200
33.174800
33.213800
33.644700
33.659000
35.824800
35.835700
35.851500
39.440500
39.459300
39.501100
39.537500
39.540400
39.547000
40.532900
40.541700
40.549800
40.555200
40.562200
40.573400
40.790300
40.795600
40.801800
41.483400
41.501400
42.154900
42.170300
42.181700
42.189200
42.195000
42.203200
43.431600
43.451400
43.463600
43.470200
43.476700
44.656800
44.908300
46.426600
46.435600
46.454200
46.472600
46.486000
48.104200
48.122300
48.318800
48.755700
48.762400
48.771500
50.859100
50.865600
50.883000
52.542600
53.310500
53.320300
53.328600
53.544100
53.551500
54.098200
55.170900
55.182500
56.425700
56.442600
58.220900
58.228600
58.240800
58.717300
59.311900
59.319700
59.329900
59.344400
59.926000
59.933000
59.944200
59.960000
60.243600
60.737400
60.745000
60.754700
61.035300
61.049200
61.057500
61.099800
62.835100
63.846800
63.853300
63.860000
63.866000
63.872900
63.886700
64.187400
64.217600
64.974900
64.987200
65.011300
65.401000
65.412100
65.425200
65.432700
65.444400
66.008800
66.017800
67.408000
67.419600
68.243300
68.253500
68.275800
68.290100
69.260100
69.274200
69.943500
69.956200
70.380800
70.925300
70.934700
70.944900
70.957400
70.966300
71.097600
72.032400
72.048900
72.496700
72.518000
74.395200
75.934200
75.948100
75.955500
76.083800
76.097500
76.115100
76.126700
78.617300
78.639700
78.837100
79.611400
80.585000
80.599200
80.613100
80.728200
80.734500
80.769000
81.663800
81.679600
82.637900
82.646500
82.659300
83.170600
84.913100
84.919900
84.931200
85.933000
85.943700
85.950400
85.956600
85.967500
85.991300
86.000300
86.403300
86.418300
86.436200
86.448000
86.649400
86.661300
86.680300
87.920100
87.927700
87.934900
87.944100
87.960000
90.369700
90.386100
90.396200
90.403900
90.696800
90.706700
90.731800
90.744900
91.031900
91.440100
92.252400
92.271800
92.929000
92.940700
92.955200
95.918900
97.148900
98.251800
98.258900
98.442100
100.652400
100.661300
100.672900
100.687400
100.695900
100.709300
101.237300
101.244000
101.262500
101.414800
101.426600
101.434400
101.441600
102.504900
102.514900
103.548000
104.286800
104.797300
105.245100
105.257600
105.266300
