spike times
9.386200
15.944300
16.148000
19.432700
21.507400
21.545500
22.342700
27.191600
27.211100
30.094300
30.104400
30.125800
34.441400
34.484200
36.065700
39.582500
39.607700
39.622700
40.568600
49.204100
49.872600
57.276600
60.303100
61.477200
62.067700
65.677000
66.547700
66.572600
67.633900
68.310700
68.990600
70.518500
75.455800
79.067800
79.090000
83.625600
86.189300
86.208300
87.066800
88.773700
92.302500
92.322800
95.104000
95.122400
95.987300
96.139700
97.235700
97.922300
98.987300
103.671400
103.691300
104.859800
108.584400
110.654500
111.255400
115.746800
115.835300
118.571300
