spike times
0.135500
0.145500
0.442500
0.457200
0.468300
0.708000
0.947100
2.240600
2.507900
2.791200
2.817400
2.829200
2.972000
4.001800
4.015300
4.026700
4.068400
4.086400
4.841200
4.858200
4.932600
5.378100
6.341000
6.624400
7.297900
7.375500
7.399700
7.806000
9.422400
9.434300
9.446300
9.610900
9.629100
9.666800
10.577100
10.729800
12.162900
12.633800
12.998000
13.007200
14.561400
14.574000
14.582100
14.771000
16.307400
16.316900
16.344600
16.365400
16.618900
17.124700
18.243700
18.792900
18.814600
19.238700
19.747600
21.342900
22.795200
22.989600
23.458900
23.481800
23.497600
23.509400
24.700300
25.265900
25.653600
25.702800
26.033800
26.549100
26.562400
28.270700
28.290100
28.313500
28.321000
28.334300
29.012900
29.025400
29.529200
29.540200
30.037700
30.041400
30.045000
30.048300
30.051300
30.054400
30.057300
30.060200
30.063400
30.066600
30.070100
30.073200
30.076500
30.079800
30.083200
30.086700
30.090400
30.094600
30.099000
30.104700
30.109800
30.116700
30.124000
30.132900
30.139000
30.150300
30.160600
30.181600
30.192400
30.215100
30.705100
30.734700
31.272200
31.311800
31.871400
31.894900
32.057700
32.065700
32.287700
33.137100
33.146500
33.157000
33.170900
34.862600
34.882100
34.897400
35.071200
35.686600
35.696600
35.938200
36.332900
36.398500
36.412300
36.423200
36.659100
36.666300
37.608100
37.734900
38.312300
39.440700
39.875100
40.273700
40.293400
41.643600
41.658800
41.672300
41.807600
43.153100
43.340900
43.513300
43.824400
44.249800
44.384200
44.995800
45.008900
45.028200
45.436500
45.447100
45.471900
46.051500
46.058500
46.069700
46.646600
48.040900
48.053600
48.228200
48.584100
48.598800
48.625900
49.400900
49.410900
49.431500
49.504700
49.819400
49.828900
50.814900
51.373200
51.508500
52.776100
52.789200
54.420900
55.497900
55.511200
55.529200
56.725700
56.750400
57.043000
57.059900
57.338200
58.946100
58.959100
58.979700
59.018400
59.051600
59.080400
59.774800
59.821600
60.532800
62.136100
62.164900
62.238800
63.571700
63.584800
63.593500
63.609500
64.091400
64.851600
64.873400
64.885600
65.651700
65.668100
65.685800
65.852000
66.645100
67.866000
68.600600
68.634900
69.341200
69.972900
69.985800
70.950900
70.961400
70.972100
70.983100
71.002000
72.233100
72.251300
72.274900
72.401100
72.420900
72.433600
72.442800
72.562000
72.706100
72.723000
76.180000
76.198900
76.226900
77.117200
77.152100
77.171000
77.498900
78.134000
78.147600
78.164800
79.200900
79.601200
80.098000
80.114500
80.708100
80.777200
80.826600
80.840900
80.864800
81.587700
82.310300
82.323500
82.476100
83.671500
83.696100
83.713900
83.793200
83.957000
83.972000
84.126600
84.204600
84.216400
84.658400
84.671800
84.846000
86.892300
86.918700
87.330300
87.841800
87.855100
88.684300
88.692400
90.771500
92.279400
93.051800
94.538100
95.214200
95.785900
95.795200
95.807300
96.061300
96.092000
96.397100
96.998600
98.206200
98.596600
99.213300
99.223700
99.241600
99.490000
99.508800
100.505800
100.582800
101.773700
101.801000
102.850600
103.711300
103.987300
104.878200
106.130300
107.401600
107.768800
109.079000
109.492800
109.504800
110.705700
110.720300
111.633600
111.665900
112.334100
112.345900
112.358000
112.369400
113.106600
113.545000
113.558000
113.569900
113.588400
116.196900
116.211900
116.220000
117.315200
117.345800
117.375300
117.993500
118.004200
118.016200
118.031300
