spike times
5.600000
30.038800
30.042500
30.046000
30.049300
30.052400
30.056000
30.059700
30.063100
30.067000
30.070700
30.074400
30.079200
30.084100
30.088800
30.094000
30.099700
30.106700
30.113200
30.120100
30.130100
30.137900
30.150200
30.156600
30.169200
30.188600
30.194400
30.205500
30.214200
30.229100
30.249800
30.259600
30.269200
30.279800
30.307800
30.348300
30.357000
30.364800
30.390700
30.489500
30.520300
30.541100
30.575800
30.602900
30.675600
30.690400
30.701600
30.732000
30.740800
30.852000
30.903700
30.942700
31.014400
31.064600
31.074100
31.137200
31.168400
31.182200
31.239600
31.252200
31.337800
31.408600
31.418700
31.434600
31.498600
31.515500
31.566900
31.601200
31.609100
31.686900
31.784500
31.814800
31.904700
31.993800
32.011100
33.032600
33.063000
33.415500
33.699100
33.862300
33.873200
33.991200
34.267700
34.469600
34.482000
34.840700
35.493100
35.516700
35.771800
36.045900
36.057600
36.068200
37.128700
37.138700
38.398600
40.500700
41.867300
41.992100
42.908300
42.923900
44.569700
44.576700
44.590100
44.632500
45.776200
45.795900
48.219000
48.763800
48.777400
49.071800
49.349700
50.083100
50.107200
50.347600
51.825000
53.494100
53.507600
54.108500
54.595800
54.615900
55.255200
55.266800
55.704800
57.436100
57.954500
58.453200
58.778400
60.368700
60.380900
60.393100
60.411400
61.050600
61.765900
61.781200
61.806700
62.558700
63.863200
64.461300
64.493300
64.930000
64.965800
65.566200
65.576700
65.593000
66.148100
66.158400
67.113500
67.794800
70.299400
70.307900
70.329700
71.636600
71.650200
74.222200
74.459600
76.874800
76.949700
77.987900
78.004200
79.124900
79.145900
80.764100
80.774700
82.016900
82.775400
82.790300
84.206100
87.174500
88.488600
88.499200
88.721000
89.907600
94.225600
95.545200
98.308200
98.472800
100.512700
101.238900
101.258900
102.148200
102.170100
104.899100
104.919400
105.693800
105.709900
110.491000
111.795500
112.249900
112.265000
112.276200
114.077800
114.089400
114.100100
115.404600
115.420200
119.462500
