spike times
3.020700
3.040300
4.126100
4.142000
4.190800
5.705600
6.771600
7.786600
7.811000
15.450500
18.677000
18.695200
18.757800
20.790800
20.836000
21.835500
22.247900
22.259500
23.034000
23.057200
23.677800
23.691800
23.825000
24.748200
24.772400
25.930800
28.765000
28.786700
28.803500
29.473600
30.040900
30.044800
30.049000
30.052700
30.056700
30.060800
30.064600
30.068300
30.072300
30.075900
30.080600
30.084200
30.089400
30.094000
30.098800
30.103800
30.108800
30.114000
30.119100
30.124400
30.132200
30.140300
30.150100
30.159700
30.240800
31.424200
31.438900
31.630500
31.654600
32.239000
32.557600
34.221600
34.240600
35.001500
35.023800
35.609400
35.624900
36.266800
36.281500
36.309300
37.265700
37.306200
38.259700
38.273100
38.293900
38.678300
38.696500
40.651300
41.776500
42.257800
42.281000
42.300400
42.311100
45.114500
45.896500
47.302500
47.315700
49.970400
49.986400
50.045000
50.069000
50.429400
53.379100
54.459900
54.473600
54.493000
54.604900
55.802300
56.334700
56.392900
57.719000
57.840700
60.267700
60.298500
60.311200
60.340600
60.907800
62.054700
62.077600
62.341200
62.583200
64.012100
64.975100
65.003100
66.457300
66.484700
68.091200
68.112900
68.325200
69.560000
69.863200
70.628000
70.717400
70.813000
73.032500
73.049000
74.382500
74.418600
75.676600
75.696900
75.711100
75.725500
77.396500
77.415500
78.394000
78.412400
78.470500
78.999900
79.110400
79.425700
80.000400
80.017600
80.300800
80.352200
81.340200
81.352400
81.420400
82.870200
83.056800
84.065400
84.922100
84.974100
84.992100
85.411400
85.431100
85.464600
88.478700
88.887500
90.155600
90.176400
91.500000
91.524500
