spike times
0.926800
0.941600
0.959900
0.971200
1.124300
1.138200
1.983100
2.021600
3.087100
4.461300
4.468700
4.496500
6.720000
6.894200
6.915000
6.927500
8.388600
9.788700
9.803800
9.813800
9.825500
10.530000
10.537000
10.548200
10.560200
10.781800
10.790400
10.798000
11.217900
13.049900
13.639700
13.648900
13.656300
13.664700
18.062100
18.069700
18.078100
18.092000
18.443500
18.453300
18.473900
19.519800
19.551200
19.655300
23.842100
23.850800
23.867800
24.903000
24.912400
24.923300
24.933400
24.945000
25.626800
25.642100
25.651500
26.064500
26.073700
26.093400
26.682700
26.691900
26.700600
26.715100
27.121700
28.737000
30.038600
30.041900
30.045500
30.049000
30.052600
30.055600
30.058500
30.061600
30.065000
30.068300
30.071500
30.075200
30.078900
30.082700
30.086500
30.090700
30.094600
30.099400
30.104200
30.109100
30.114100
30.119200
30.124900
30.135500
30.141400
30.147100
30.154900
30.163900
30.174100
30.181500
30.191500
30.203900
30.222200
30.230700
30.239000
30.250600
30.272700
30.305600
30.333000
30.381000
30.435200
30.441000
30.457500
30.469900
30.509900
30.531100
30.578700
30.593500
30.646700
30.654800
30.693900
30.698700
30.705700
30.773700
30.779900
30.786700
30.865900
30.877000
30.886200
30.918200
30.992000
31.058300
31.067200
31.076200
31.127400
31.209300
31.215900
31.221800
31.231500
31.282400
31.294900
31.323900
31.377700
31.385800
31.463400
31.482800
31.500500
31.528900
31.630300
31.671500
31.679700
31.686300
31.698000
31.824700
31.887700
31.899700
31.910200
31.964600
31.972300
31.980600
31.997900
33.006100
33.014600
33.027600
33.036400
33.124400
33.381000
33.399000
33.571800
33.714800
33.838800
34.075700
34.098600
34.732200
34.752900
34.973400
35.087100
35.275300
35.411900
35.422600
35.586600
35.599000
35.860600
35.874800
35.886700
35.894400
36.328700
36.346700
36.368900
36.385800
36.641500
37.300400
37.634400
37.645700
37.656900
37.669500
37.677700
38.930800
38.943000
38.952200
39.229100
39.240300
39.252200
39.711400
39.721800
40.074500
40.413000
40.436600
40.728900
40.737300
40.743700
40.753500
40.768000
41.261300
41.270300
42.371600
42.389500
42.567800
42.578800
42.597800
43.033000
43.039600
44.528400
45.372900
46.110800
47.185800
47.196700
47.205300
47.212600
47.239400
47.678100
47.683700
47.693100
47.884500
47.904300
47.918400
47.926700
48.644900
48.818400
50.231000
50.497600
50.505300
50.518600
50.527800
50.539600
50.840400
50.853900
51.669000
51.676800
51.845400
52.262900
52.678000
52.687400
52.695500
52.712900
52.910700
52.919500
53.258600
53.265700
53.691100
53.704600
54.584400
54.595000
54.603900
54.793900
54.802600
54.819100
54.920700
55.550000
56.189500
56.196100
56.202900
56.209000
56.215400
56.230500
56.716600
56.725100
56.734600
56.745700
57.904400
57.913900
57.930700
58.271300
58.287000
58.297100
59.569100
59.630700
59.849500
59.863400
60.097000
60.354900
60.372100
62.531700
62.539300
63.075300
63.086600
63.110200
63.875100
63.899100
64.447400
64.455600
64.654200
64.662300
64.675400
64.687900
64.698400
65.100700
65.351900
65.361000
65.727200
65.738600
65.747200
65.758800
67.615500
67.626800
68.211900
68.219500
68.233500
68.244900
68.262700
68.615100
68.628300
68.637600
68.933200
69.517200
71.722400
71.730700
71.743700
72.641800
72.653200
73.641400
73.669100
73.872900
74.272400
74.279800
75.106200
75.113700
75.142200
75.158300
75.399700
75.730600
76.804500
76.820600
76.837800
77.149100
77.156700
77.186900
77.376300
77.393600
78.024900
78.815000
78.827200
78.835100
78.843300
78.854200
78.900400
79.138600
79.149300
79.588700
80.175600
80.406600
80.414600
80.424600
80.432900
81.118600
81.895300
82.698100
83.152600
84.159000
85.199400
85.221300
85.390900
85.400700
85.543000
85.553800
85.577400
87.436700
87.853400
87.860600
87.869000
87.878700
88.534800
89.261100
89.276200
89.289300
89.317200
89.837900
89.844400
90.837900
91.227700
91.236500
91.466500
91.479500
92.304600
92.682900
92.694200
92.706300
92.713700
92.730800
94.549100
94.558200
95.451900
95.466100
95.479600
95.497900
95.506100
95.514100
95.533600
95.715300
95.730600
96.417100
97.040500
97.046600
97.055200
97.060700
97.070400
97.725800
98.020700
98.144300
98.153200
98.167600
98.350600
98.361400
98.372100
99.287400
99.946800
101.708900
101.717900
102.446600
102.454000
102.461600
102.471600
102.503400
103.241100
103.249000
103.259400
103.264800
103.533600
103.539800
103.574300
103.585900
103.596000
103.952600
103.965500
105.958300
105.975300
105.983500
107.503200
107.516200
107.720900
107.735900
109.364700
109.372800
109.846700
110.196500
110.203700
110.585900
110.604500
110.616200
111.809200
112.152500
112.159100
112.170400
112.182500
112.193300
112.208700
112.664900
112.677300
113.278800
113.296200
113.304500
114.721100
114.788600
114.967000
114.975600
114.986600
114.996700
115.426700
115.460300
115.649700
115.660700
116.533000
116.548800
116.562900
116.793100
116.801200
117.439900
117.449100
118.272900
118.279600
118.295900
118.999300
119.017900
