spike times
0.726100
1.157400
2.259400
2.270800
5.440700
5.450500
5.463700
5.752500
6.102800
6.654500
6.662200
6.699200
7.139600
7.149900
8.013000
8.934900
8.944900
8.959100
9.370700
9.798800
9.880200
10.050400
10.422700
10.434000
11.137000
11.748000
12.648300
12.672500
12.690200
13.087100
13.152400
14.115800
14.656200
16.699700
16.713600
17.458000
17.471300
17.548300
17.787200
18.248200
19.063200
19.072700
19.093000
19.110900
19.193600
19.868800
19.896900
22.237400
22.421700
22.434200
22.837600
22.846000
22.858500
23.551000
23.705800
23.722900
24.100300
24.109900
24.905100
26.006100
26.018900
26.561500
26.694200
26.729600
26.738300
26.754100
26.820400
26.834300
27.008000
27.017200
27.038700
27.359400
27.535300
28.341000
28.456900
28.473200
29.442800
29.453800
29.569900
29.583000
29.851500
30.039700
30.043300
30.047200
30.051200
30.054800
30.058300
30.061400
30.064600
30.067900
30.071800
30.075300
30.078900
30.082600
30.086100
30.090200
30.095000
30.100200
30.104700
30.110400
30.116100
30.121600
30.126900
30.133000
30.137900
30.143500
30.149800
30.156600
30.162700
30.172000
30.188600
30.195700
30.204100
30.213800
30.221800
30.230900
30.240700
30.251300
30.261700
30.272700
30.280400
30.295700
30.303000
30.318400
30.327100
30.334700
30.349500
30.373000
30.387300
30.408800
30.432100
30.442600
30.456300
30.464600
30.509300
30.528200
30.558200
30.579000
30.600000
30.609400
30.623100
30.638400
30.705000
30.725600
30.736100
30.752100
30.764200
30.772100
30.835900
30.845000
30.854000
30.891600
30.910800
30.983800
31.011600
31.021200
31.033700
31.634600
31.770500
31.779800
31.786700
32.051200
32.059600
32.504100
32.523600
32.541900
33.121200
33.129700
33.139600
33.448400
33.457300
33.676800
34.227300
34.252500
34.454700
34.749300
35.068500
35.088500
35.253400
35.782800
35.797700
35.808300
36.195400
36.207900
36.221800
36.593600
36.694200
36.994900
37.482300
37.562200
37.973500
37.995800
39.501800
39.510800
39.644500
39.669700
40.760700
41.261600
41.593400
42.968400
43.287200
43.328900
43.415500
43.448100
43.615000
43.818200
44.355400
45.931600
45.944900
46.915800
48.107300
48.117700
48.603700
48.610900
48.621700
48.629500
51.060600
51.075100
51.523800
51.537400
52.165100
52.585400
52.720900
52.797400
54.003800
54.018100
54.034800
54.917700
55.389800
55.396900
55.443200
55.465400
56.427800
56.449200
57.272100
57.641200
57.657900
57.668100
57.799500
58.526700
59.475100
59.584800
59.592600
59.603400
59.610600
59.847000
59.858400
60.078100
61.020300
61.262100
61.277300
61.830700
61.839300
62.373700
63.127000
63.997300
64.011700
64.541300
64.684900
64.696800
65.285800
67.238300
67.724000
67.781400
67.791100
67.803400
68.145700
68.157000
68.172400
68.180100
68.648100
68.657600
69.722100
69.829400
69.841000
70.525600
70.655500
70.703000
71.028200
71.896600
72.884900
72.896300
72.907900
73.363700
73.371800
73.378200
73.404300
74.108200
74.115600
74.122900
74.457300
74.467300
75.260700
75.274600
75.286700
75.294200
75.300100
75.310100
75.324900
75.724200
75.731800
76.119000
77.057000
78.368200
78.516500
78.736300
78.750100
78.760800
78.768400
79.002900
79.017600
79.538800
79.689600
79.698300
79.716500
80.680900
80.698600
80.710300
80.999800
81.336700
81.508700
81.850700
81.885000
81.976100
81.994800
82.099900
82.871000
82.879800
84.173900
84.294900
84.553900
86.717000
87.520200
87.528300
89.188100
89.197200
89.208600
89.217600
89.606800
89.626500
90.877900
91.882300
93.652600
93.663200
94.338300
94.387000
94.868600
94.884100
95.468300
95.514000
96.484400
96.723000
96.735000
97.197800
98.134100
98.143900
98.151100
98.162400
98.665400
99.026000
99.220700
99.557000
99.676400
100.476100
100.504300
100.525300
100.564300
100.575000
100.714600
100.725300
100.737200
101.123300
101.139700
101.386400
101.401600
101.647000
101.669600
101.698700
102.787700
102.798800
102.811200
103.118100
103.127300
103.240700
103.249600
103.433300
103.448100
103.784600
103.811600
103.823200
103.938800
103.985200
103.996900
104.019400
104.046800
104.298900
104.308000
104.856800
104.873000
105.051000
105.060600
105.107200
105.968900
105.975800
105.981500
105.987100
105.995500
106.008400
106.021800
106.281200
106.290400
107.373200
107.395900
107.498300
107.508400
107.543600
107.914000
108.359100
108.374300
108.399000
108.771000
108.778200
108.804000
108.817000
108.827700
109.455300
110.136000
110.146200
110.543000
110.695500
110.708500
110.860200
111.137900
111.341900
111.897700
111.905600
111.916600
111.960400
112.210400
112.221300
112.671900
112.691000
113.022500
113.031600
113.595000
113.610700
113.862700
114.133700
114.143200
115.071800
115.080400
115.165500
116.068200
116.118200
116.158100
116.453300
116.460700
116.471200
116.884700
117.504100
117.598500
