spike times
1.146700
1.233900
7.837900
16.628000
18.998800
19.017200
21.496400
21.507700
21.529200
29.895600
29.928200
30.036200
30.040600
30.045600
30.049700
30.054100
30.058200
30.061800
30.065900
30.070100
30.074600
30.079200
30.084400
30.088800
30.093600
30.098900
30.105000
30.110900
30.117100
30.124800
30.131100
30.137400
30.147800
30.154600
30.160800
30.169900
30.181000
30.192400
30.201000
30.212900
30.224800
30.232500
30.239600
30.251100
30.259500
30.267500
30.276100
30.291200
30.352700
30.400100
30.428400
30.442300
30.465300
30.473100
30.486800
30.534200
30.553200
30.560300
30.584300
30.592400
30.601900
30.613400
30.622900
30.651800
30.716400
30.728400
30.763400
30.773800
30.785100
30.814900
30.832800
30.840500
30.848700
30.858700
30.879900
30.899400
30.970700
31.018400
31.027200
31.035200
31.044900
31.081800
31.091200
31.142500
31.261800
31.268400
31.276900
31.313100
31.350300
31.369800
31.449700
31.523000
31.557900
31.563700
31.571700
31.660800
31.682500
31.692700
31.706800
31.719400
31.735900
31.743500
31.755800
31.767800
31.839400
31.841100
31.853300
31.861500
31.899700
31.972900
32.053900
32.086600
32.171300
32.196000
32.259300
32.275400
32.284800
32.350400
32.409200
32.465400
32.476600
32.520900
32.559500
32.572800
32.664100
32.673300
32.681100
32.691700
32.790600
32.832900
32.877200
32.891100
32.918100
32.930700
32.983200
32.992800
33.071400
33.098200
33.126400
33.134800
33.147300
33.242700
33.270100
33.278500
33.397500
33.404400
33.415600
33.423200
33.433400
33.464500
33.472300
33.502400
33.536800
33.549300
33.567100
33.733900
33.744800
33.759400
33.772000
33.787400
33.800600
33.871700
33.953300
33.961500
33.970300
33.985300
34.007800
34.083800
34.182900
34.249000
34.279900
34.292300
34.301000
34.309700
34.347200
34.361500
34.390600
34.400000
34.438700
34.449500
34.576400
34.633600
34.643200
34.700100
34.738000
34.748300
34.764300
34.803500
34.821500
34.840100
34.848300
34.854800
34.958900
35.012400
35.927600
36.070500
36.480300
36.977500
36.993600
37.013700
37.055000
37.071900
37.087700
37.580000
38.441800
38.470700
39.013100
39.580400
40.111400
40.121900
40.132300
40.149500
40.336700
40.779500
40.821200
41.875100
41.975500
41.986300
42.162200
43.197400
43.216900
43.895900
43.912800
44.456300
45.175900
45.191000
45.830700
45.855100
46.319500
47.505500
47.521700
49.026300
49.032500
49.048300
49.349500
49.360200
49.860400
49.897300
49.911700
50.412600
51.904400
52.481200
52.517100
53.800500
54.392600
54.408700
54.945300
55.275400
55.496200
56.299800
56.742200
58.663400
59.116600
59.140000
60.240700
60.583800
60.608600
61.300000
61.951800
61.965200
63.852900
64.380100
64.593600
65.453700
65.816500
65.831900
66.217100
68.295000
68.310200
68.566700
69.240700
69.898700
69.913100
71.160400
71.166700
71.440600
71.456600
71.470400
72.212100
72.602400
72.849400
73.529600
73.951300
73.970000
74.271100
74.285300
74.513000
74.529000
77.884300
77.908000
77.932000
77.965700
78.008600
78.915100
78.931000
79.296600
80.249900
80.265100
81.702700
81.726000
82.173600
82.196400
82.299600
82.664900
82.855900
83.998400
84.333900
84.567800
85.164200
85.732500
85.878300
85.911900
85.932300
86.657800
86.675800
86.718000
87.288300
87.333400
88.286600
89.498600
89.518400
90.015600
90.401500
90.414700
91.760900
91.824200
92.512000
92.537200
92.863400
92.885700
93.124700
94.408800
94.492700
94.506300
95.056600
95.064700
95.077800
95.086300
95.100600
95.352900
97.056100
99.010500
99.045200
99.749100
100.954400
100.992300
102.496200
102.514300
102.835000
104.957900
105.643200
105.669700
106.520300
106.608400
107.208400
107.829200
108.200600
108.231600
108.397400
108.600700
108.614100
110.330800
110.372500
110.388100
110.399500
112.140100
114.740500
115.821500
116.223500
117.136600
118.053800
118.397700
118.410100
118.769000
119.434000
