spike times
0.640700
0.645700
0.651700
12.985900
21.551500
21.557200
21.565000
24.962300
24.977300
25.001500
25.009200
25.016200
25.024500
25.031200
30.033200
30.036000
30.038800
30.041500
30.044200
30.046900
30.049400
30.052000
30.054500
30.057000
30.059600
30.062300
30.065000
30.067800
30.070600
30.073300
30.076200
30.079100
30.082300
30.085300
30.088800
30.091900
30.095200
30.098900
30.102900
30.106700
30.110300
30.114000
30.118100
30.122700
30.127100
30.131700
30.136900
30.142400
30.146800
30.151400
30.156100
30.161200
30.166600
30.171900
30.177400
30.183500
30.189000
30.195000
30.202100
30.207900
30.216200
30.228000
30.237400
30.245100
30.255000
30.266400
30.275600
30.284200
30.291800
30.323300
30.332800
30.341600
30.357100
30.374400
30.383700
30.395700
30.408800
30.416700
30.438200
30.452900
30.519300
30.828500
30.979000
30.984400
31.062000
31.068900
31.078000
31.352400
31.578500
31.588200
31.593000
31.601400
31.620800
31.625000
31.754000
31.759000
31.895100
32.059400
32.068000
32.219600
32.225500
32.395600
32.519000
32.532300
32.940400
32.945000
32.951900
32.969400
33.504100
33.510700
33.527100
33.830100
33.839000
33.848100
33.909000
33.919700
33.927900
34.243200
34.248400
34.253500
34.262700
34.697900
35.354700
35.361400
35.398100
35.887400
35.896800
35.903100
35.910900
35.919000
35.924900
35.930900
35.940000
36.217700
36.228200
36.235900
36.242800
36.252400
36.695900
37.482200
37.493500
37.851300
37.860900
37.869400
38.137800
38.144200
38.150300
38.160800
38.367500
38.860000
38.865700
38.876600
39.276600
39.291200
39.303700
39.803600
39.819000
40.115800
40.122600
40.409100
40.449400
40.455400
40.463300
40.610400
42.778800
42.786700
42.793400
42.807800
42.827500
43.984600
43.991100
43.997900
44.403900
44.418100
45.569800
45.576400
45.586400
45.595200
45.601100
46.651400
46.659400
46.664200
46.670700
46.676600
46.682100
46.690300
46.696100
46.701700
46.708900
47.162600
47.170000
49.011300
49.017200
49.023400
49.028600
49.040500
49.046200
49.064000
50.363000
50.368200
50.375400
50.381900
50.388900
50.854700
52.908300
52.913700
52.920100
52.926300
52.937400
53.021400
53.958500
53.966400
53.972000
53.978000
55.237900
55.245900
56.988300
56.996800
57.005600
57.011100
57.024000
57.031800
58.002600
58.097000
58.106300
61.779200
61.785100
61.790100
61.799500
61.810100
62.692200
62.698900
62.717900
62.724300
62.732900
62.739700
62.745200
63.469300
63.476100
63.482100
63.487100
63.492600
63.504400
65.290600
65.296300
65.302400
65.307700
65.313800
65.319700
65.326400
65.331300
65.336400
65.341300
65.347800
66.408600
66.414400
66.420200
66.425800
66.590200
66.595400
72.842800
72.848700
72.856000
73.301100
73.314500
73.324400
73.330800
76.593000
77.019100
77.024700
77.035800
77.044300
77.052100
79.312900
79.317800
79.324100
86.995400
87.002200
87.010900
87.022700
87.032200
87.040900
89.560200
89.570300
89.582200
89.590400
89.600400
95.564500
95.569700
95.577300
95.582600
95.589200
95.606200
95.613000
95.621500
108.756100
108.762400
110.151900
110.160000
110.169900
110.176500
110.183100
115.942300
115.950600
115.957200
115.964700
115.969600
115.978500
116.476200
116.482200
117.010100
117.016700
119.452600
119.459100
