spike times
0.203200
0.356600
0.922300
1.206100
1.221400
1.241400
1.561900
1.992400
3.446400
3.716500
4.591500
4.610600
4.816600
4.828400
5.018800
5.029700
6.839000
7.118800
7.127000
7.138700
7.147900
7.160100
7.169800
7.180100
7.254900
7.480300
7.486800
7.510600
7.627400
8.093900
10.023000
10.039700
11.682700
11.944400
13.155100
13.166100
13.199200
13.905000
14.798100
14.859400
14.871700
14.950600
15.691000
16.165000
16.173500
16.180700
16.189200
16.197700
16.327900
16.534300
16.548300
16.573100
16.926000
17.747800
17.755200
17.764000
17.775500
17.785000
17.800500
18.370500
18.597700
18.610100
18.625300
18.638100
19.141900
19.638700
20.186700
20.211100
21.281100
21.290000
21.641100
21.653800
21.884500
22.315300
22.324400
22.334900
22.586700
22.751700
22.779700
23.439400
23.613000
23.630300
23.645100
23.654700
25.010100
25.813200
25.827100
27.026600
27.056100
27.069900
27.084800
27.117500
27.269500
27.331300
28.295100
28.378400
29.006200
29.016200
29.462900
30.055000
30.059600
30.065700
30.070600
30.076700
30.081500
30.087100
30.095200
30.105800
30.115800
30.126600
30.214000
30.688900
30.695600
30.704000
30.712500
31.038400
32.742300
33.235900
33.864200
33.952600
33.976600
34.119500
34.414400
34.430200
34.960000
34.972800
34.993600
35.555800
35.748200
35.845800
35.857700
36.448900
36.461700
36.472800
36.482000
36.493800
37.715700
38.054400
38.096700
38.103000
38.110800
38.120600
38.130200
38.237500
38.253000
38.333000
38.739400
38.752000
38.836700
38.974900
38.995900
39.106600
39.313600
39.495300
39.504400
39.653200
39.720600
39.963100
39.972200
40.282600
40.961600
40.971500
41.215300
42.332600
42.345800
42.352500
42.365500
42.505400
42.788400
42.799900
43.524200
43.537300
43.983700
44.275500
44.389900
45.047500
45.745200
46.475800
46.962700
47.213700
47.295900
47.774700
47.790600
48.250000
49.136600
49.147300
49.840000
49.963700
49.997400
50.417600
51.229400
51.238300
51.521900
51.762000
52.416300
52.903300
53.072000
53.977700
53.988800
54.290100
54.316100
55.003400
55.017900
55.035800
55.042700
55.694100
56.673400
56.688700
57.873800
57.884100
57.899900
57.909200
58.195900
58.370000
58.671100
58.956400
59.353600
59.802000
60.785400
61.018000
61.029200
61.042500
61.054300
61.622100
62.524600
62.532200
62.546500
62.557400
63.566900
63.698500
63.929800
64.890900
65.483900
65.496300
65.528500
66.738800
66.898200
66.997000
67.203400
68.130000
68.256100
68.385700
68.395100
68.411400
69.055600
69.147800
70.721400
70.977200
71.665900
71.675300
71.837300
71.972000
72.255600
72.472400
73.167600
73.566400
73.583800
73.597800
73.634400
75.090500
75.577400
75.590700
76.313100
78.388800
78.434500
78.470200
79.082100
79.109200
79.127700
79.935100
79.956600
82.187700
82.483000
82.674700
83.044000
83.388900
83.396100
84.143000
84.154500
86.033400
86.052000
86.067600
87.072900
87.087300
87.126400
87.497800
87.514400
87.616800
87.627100
87.864900
88.835500
90.069200
90.260300
90.396300
90.576500
90.772000
90.782200
90.839200
91.469700
91.837200
91.869700
92.236600
92.582300
92.590400
92.596400
92.608500
92.617600
92.632700
92.646400
92.754800
