spike times
0.658700
30.041000
30.045500
30.050000
30.053900
30.057800
30.061700
30.065900
30.069900
30.073700
30.077900
30.081900
30.086100
30.090800
30.096800
30.103500
30.109300
30.115300
30.123000
30.133200
30.143100
30.160600
30.173500
30.191200
30.206200
30.217300
30.250000
30.288500
30.327200
30.355200
30.449600
30.480400
30.533500
30.617800
30.669200
30.829600
30.876800
30.887300
30.895200
30.996100
31.825300
31.840500
32.771300
34.038800
34.763000
36.476100
36.484700
37.083100
37.891500
37.901600
38.104400
53.213900
53.236400
59.417900
62.774500
74.046600
79.366400
87.580400
88.843800
93.105100
108.616700
