spike times
1.020800
1.030000
1.040300
1.049600
1.086800
9.627100
9.637200
9.659900
9.674800
9.835900
14.184700
18.217400
27.546600
30.045800
30.051700
30.056400
30.060900
30.065700
30.070800
30.075100
30.080000
30.084500
30.089000
30.094300
30.100100
30.105400
30.112100
30.118400
30.124600
30.132600
30.144500
30.155000
30.170400
30.176000
30.191700
30.200800
30.232700
30.241700
30.252500
30.262700
30.276600
30.287100
30.345900
30.359500
30.415500
30.425100
30.445100
30.500800
31.834200
32.055600
32.564100
41.006300
41.589300
44.121400
47.503800
48.075400
49.698900
50.237300
59.152200
59.167600
59.451200
76.258600
78.328400
82.356400
82.376300
88.430200
89.765700
98.832800
105.917800
105.929000
111.308900
119.130700
