spike times
11.667700
11.683400
11.715500
18.646200
18.662200
23.036000
23.069200
28.621100
29.978900
30.036300
30.040300
30.044100
30.047900
30.051300
30.054700
30.058400
30.061700
30.065100
30.069100
30.073000
30.076700
30.080800
30.084700
30.089300
30.095300
30.100000
30.105400
30.110100
30.114900
30.120000
30.125300
30.130500
30.138400
30.157000
30.163600
30.175800
30.196900
30.210700
30.242300
30.267400
30.282600
30.305600
30.331900
30.363800
30.403400
30.436700
30.444600
30.452300
30.464600
30.488300
30.518900
30.560600
30.629300
30.690000
30.698300
30.720300
30.734500
30.811400
30.839700
30.884400
31.033900
31.043800
31.101800
31.164000
31.264500
31.310700
31.319500
31.325300
31.421800
31.430400
31.513500
31.525600
31.537900
31.607200
31.623900
31.817200
31.838400
31.898300
31.915600
31.976700
32.002600
32.012200
33.007300
33.333700
33.341000
33.591600
34.654700
35.527300
35.905500
35.920200
36.286400
36.301000
36.317600
40.467700
43.039200
43.137400
46.558200
46.567500
46.579900
47.797200
47.884200
49.097700
50.340700
50.357200
50.756100
50.956300
53.286700
53.293700
53.308700
53.643200
53.659900
54.745300
56.266600
57.927600
57.940000
60.030200
60.904400
60.925200
62.397300
62.424800
62.459400
64.022600
68.015900
70.780100
70.798500
70.809000
73.620200
73.700000
73.714500
74.712900
74.740500
74.750700
78.769200
81.908800
81.939900
81.957200
81.996700
82.938300
84.239100
84.727300
84.735700
84.745900
85.816500
92.548500
92.562600
92.604500
96.146000
100.015500
102.211600
102.479000
102.487400
102.530700
103.209600
103.221500
104.828900
104.842000
108.343000
108.361500
108.812300
109.095900
109.102900
109.112700
109.124300
109.134700
109.564100
110.687900
112.977300
113.845900
113.880400
114.824200
116.353400
