spike times
0.033400
0.040100
1.245800
1.256500
1.500100
1.517100
3.542100
3.681200
3.695400
3.741600
4.452000
4.469900
5.729900
5.737700
5.746200
5.753700
5.760900
5.768000
5.777800
5.787300
5.820500
5.830400
6.691700
7.007900
7.318800
7.359300
7.383600
7.973100
8.384300
8.758700
8.767600
9.507500
9.799000
9.811500
10.513800
10.524300
10.684700
10.696000
10.920900
10.954500
11.613600
11.927400
11.955700
11.968100
12.313400
12.323400
13.269400
13.320900
13.560900
13.759600
13.883100
13.902000
14.725200
14.737200
14.999200
16.347300
16.358000
17.179500
17.190500
17.204100
17.546400
18.077300
18.101900
18.262000
18.474200
18.755700
18.776700
18.941200
19.362300
19.990400
20.355900
20.749000
20.762300
20.907600
21.317600
21.337800
22.055600
22.499900
22.824400
23.087900
23.496200
23.511500
23.796300
24.664300
26.008800
26.023500
26.456100
26.949000
27.609500
27.776200
27.791200
27.801900
28.116100
28.237600
28.633800
29.368100
29.416100
29.423200
29.430400
29.438900
29.452800
29.460400
29.467600
29.620500
29.718600
29.782600
29.831700
30.078500
30.085900
30.108100
30.148800
30.162100
30.270000
30.568500
30.580000
30.602400
30.673700
30.853100
30.993300
31.004500
31.018900
31.550900
33.170500
33.498700
33.769300
33.778400
34.122700
34.489300
34.517600
35.327900
35.347700
35.357600
35.591700
35.603200
35.749100
36.350200
36.531000
36.857800
38.591500
38.603200
38.614700
38.626200
38.764000
38.893400
38.906100
39.186000
39.199700
39.382200
39.748700
39.817900
40.179700
41.296000
42.881900
43.034600
43.618600
43.626500
43.641300
44.072600
44.086600
44.098200
44.145300
44.535500
44.558700
44.972600
44.983900
44.995100
45.178700
45.197900
45.237700
45.586700
45.636500
46.605900
46.629600
47.690300
47.699200
47.723300
47.733000
47.776100
48.596100
48.613700
49.240900
50.741100
50.747800
50.759700
50.823500
51.288100
51.739400
51.757400
51.769100
51.792900
51.801000
51.990500
52.366900
52.377000
52.395600
52.716800
53.006500
53.050200
53.263200
53.281600
53.303000
53.491300
54.912900
55.081400
55.101200
55.621000
55.656400
57.139600
57.374100
57.517800
57.712700
57.841800
59.325800
60.174900
60.184200
60.207600
60.666000
61.359600
61.668400
61.760800
61.913400
63.215600
63.227700
63.245700
63.309000
63.321800
63.428400
63.627300
64.591300
64.597300
64.604300
64.610900
64.640000
64.657500
64.743400
66.325700
66.983300
67.629300
67.652900
68.070200
68.079900
69.023800
69.053300
69.126200
69.346300
69.727200
70.143200
70.154500
70.169300
70.181900
70.190500
71.386400
71.775000
72.388600
72.402700
72.560400
72.570600
73.528000
74.086600
74.788800
74.802900
74.820600
75.249700
75.268300
75.953300
76.056300
76.286900
76.308800
76.322600
76.602900
76.777500
76.827900
77.605900
77.620300
78.823100
79.056300
79.065600
79.074800
79.088100
79.377900
80.604500
80.629600
80.708600
80.717300
80.723300
81.556700
81.825700
82.546700
83.033200
83.246600
83.449300
83.727900
85.024900
85.784200
86.154900
86.306600
86.341300
86.574000
86.598500
86.887800
86.900800
87.244600
87.252500
90.104200
90.137700
