spike times
4.152800
12.481600
12.492100
12.503600
12.514000
12.670500
19.619300
19.772600
19.914800
19.923100
19.929800
19.937100
19.944800
20.703600
28.011200
30.048600
30.052300
30.055400
30.058700
30.062400
30.065800
30.069900
30.074000
30.077600
30.081100
30.084400
30.088400
30.092400
30.096200
30.100400
30.104200
30.108300
30.112800
30.118000
30.122400
30.127100
30.132800
30.139200
30.146900
30.154000
30.160500
30.168700
30.191700
30.220500
30.231300
30.238300
30.259400
30.280000
30.314600
30.332400
30.364600
30.417900
30.462400
30.467400
30.475000
30.482400
30.489100
30.496600
30.571800
30.585900
30.607900
30.616700
30.630900
30.692500
30.715400
30.797600
30.806300
30.814200
30.820500
30.856400
30.866200
30.923200
30.981400
30.987800
31.000300
31.008500
31.445900
32.027500
32.151300
32.399100
32.418100
32.512000
32.885400
32.896100
32.904800
33.209200
33.232300
34.471900
34.484600
34.495200
34.508100
34.519300
34.530800
34.916100
35.140000
35.158800
35.170100
35.865500
35.879800
36.525300
36.533100
36.545800
36.556200
36.571700
36.758000
37.643000
37.850600
38.198400
38.241600
38.821200
38.838000
38.858800
38.866100
38.873900
39.170300
39.183900
40.196700
40.205500
40.213500
40.221000
41.215900
41.224300
41.232200
41.243900
41.252400
41.641600
41.972200
42.453600
42.460600
42.491800
42.511700
43.555200
43.565600
43.581400
43.591300
43.603700
43.619700
43.803400
43.817000
44.183700
44.310200
45.045900
45.055800
45.063800
45.193100
45.205700
45.574500
46.538500
46.546200
46.559600
47.318600
47.333400
47.476300
48.010400
48.991300
48.998700
49.006100
49.023600
49.045900
50.078500
50.092300
51.127600
51.134500
51.151700
51.162000
51.169400
52.382500
53.418000
54.717900
55.647100
56.201800
56.209500
56.216700
56.227100
56.936500
56.953400
57.774500
57.783100
58.554200
58.560900
58.571900
59.368400
59.451500
59.630900
59.637500
62.231800
63.642900
63.659500
63.718300
65.582200
65.595500
65.607000
66.120900
67.227300
67.245300
67.275100
67.766200
68.282000
68.314300
68.335400
68.419200
68.427500
68.549900
69.264300
69.979600
69.987200
69.994100
69.999900
70.010300
70.224800
72.199100
72.441000
72.454700
73.385300
73.394900
73.414000
73.735000
73.742900
74.005900
75.628700
75.654400
77.315300
77.863500
79.178400
79.195300
80.279200
80.302200
80.314500
80.724200
80.730900
80.738900
81.470500
83.060100
83.069000
83.076500
83.604300
84.654100
86.166200
86.177700
86.189100
86.209000
87.135400
87.146200
87.154900
87.165400
87.180000
87.337700
87.880600
88.274000
88.717900
88.741400
88.756800
91.224300
91.236100
91.245400
91.256400
91.266100
91.276200
92.531800
93.157400
93.507300
93.518100
93.540500
96.150700
96.906600
97.428100
97.771700
99.622000
99.630800
100.083000
100.660800
100.671600
103.463800
103.471300
103.478100
104.530700
104.545700
104.560000
104.628000
106.012500
106.025500
108.875700
109.409500
109.440900
109.458100
109.990900
110.662300
110.670600
110.687000
110.694000
111.185500
111.198700
111.429100
111.448400
111.529400
114.886400
114.903500
117.213900
117.234900
117.241300
117.250800
118.497000
118.507800
119.135300
119.142800
119.156100
