spike times
0.779600
8.075300
9.127100
9.420600
11.802100
19.247400
19.682500
23.550100
23.564300
24.741100
27.726100
30.048800
30.053200
30.057700
30.062000
30.066300
30.070500
30.074900
30.079300
30.083800
30.088700
30.093900
30.100900
30.110300
30.122900
30.139200
30.147200
30.178400
30.187600
30.203800
30.212700
30.221100
30.231400
30.862200
31.861200
31.880400
40.844800
44.715400
51.324900
52.873600
53.612100
56.228700
56.251400
57.453300
60.098400
63.549700
64.437100
73.798400
76.223600
77.074900
83.641900
90.513000
90.531000
90.936200
91.164800
103.856200
107.459900
107.471400
107.482900
107.500800
111.047700
114.440600
