spike times
4.072000
4.104000
6.601300
7.618900
7.640500
10.600900
10.612300
13.143400
16.910500
16.919200
16.929300
19.820000
19.838300
19.850700
19.861800
25.427700
25.459600
25.488500
27.113600
28.186600
28.198200
30.035000
30.038600
30.041800
30.044600
30.047500
30.050500
30.053200
30.056000
30.058600
30.061400
30.064000
30.067000
30.069700
30.072600
30.075400
30.078200
30.081100
30.084300
30.087600
30.090700
30.094200
30.097600
30.101300
30.104400
30.107700
30.111200
30.115100
30.119500
30.123700
30.127900
30.131700
30.135900
30.140300
30.144500
30.149500
30.154400
30.158800
30.165900
30.172100
30.176700
30.181600
30.187500
30.193000
30.201300
30.208400
30.214100
30.220100
30.224600
30.231000
30.241100
30.246000
30.259900
30.266600
30.275300
30.290800
30.301400
30.308700
30.316500
30.323200
30.340100
30.354800
30.361200
30.376600
30.407000
30.412300
30.419100
30.425300
30.440100
30.449900
30.468600
30.475700
30.484200
30.495200
30.505400
30.540200
30.596900
30.623100
30.631300
30.644700
30.652000
30.693500
30.730900
30.743000
30.748300
30.769900
30.792700
30.809500
30.827200
30.839000
30.852500
30.864100
30.934600
30.941700
30.947900
30.963400
30.971500
30.977300
31.065300
31.077700
31.099000
31.104600
31.164600
31.171200
31.190200
31.200400
31.208900
31.218100
31.236300
31.257300
31.303200
31.320600
31.334600
31.386300
31.393300
31.402000
31.413200
31.421500
31.428500
31.437800
31.450000
31.478200
31.582100
31.628900
31.634800
31.644300
31.653700
31.661500
31.669600
31.718300
31.744800
31.771700
31.833400
31.844100
31.852200
31.865900
31.879700
31.952400
31.959000
32.050800
32.058100
32.085100
32.101800
32.117800
32.154800
32.198000
32.206000
32.216200
32.244100
32.288500
32.303200
32.318100
32.399700
32.425300
32.432000
32.491400
32.504000
32.557100
32.577400
32.593700
32.627200
32.710700
32.725500
32.732500
32.743100
32.769300
32.777500
32.790300
32.798000
32.888000
32.950500
32.959300
32.973200
32.985800
33.039000
33.051200
33.107400
33.126400
33.181900
33.248700
33.265400
33.273000
33.335400
33.418500
33.443000
33.451400
33.535600
33.573900
33.582400
33.596400
33.615700
33.634300
33.684600
33.767100
33.861700
33.868200
33.885900
33.927000
33.971900
33.985100
34.035800
34.077700
34.130600
34.142700
34.229900
34.242700
34.266300
34.274400
34.285300
34.354100
34.414400
34.427100
34.474400
34.489500
34.632900
34.677800
34.709500
34.810100
34.820400
34.827100
34.861600
34.948100
34.972500
34.994200
35.004900
35.515100
35.661500
35.915900
35.928000
35.939500
36.066600
36.348000
36.378100
36.385800
36.397600
36.424700
36.463300
36.684300
37.110200
37.120300
37.128600
37.737300
37.876400
38.038300
38.461900
38.550600
38.690700
38.747100
38.846200
38.871500
38.881900
39.031100
39.283200
39.294800
39.332400
39.797900
39.933200
40.441300
40.449400
40.463600
40.506800
40.620300
40.825600
40.878900
40.969800
41.498400
41.509500
41.537000
42.117800
42.137500
42.262100
42.270400
42.289800
42.302500
42.373400
42.388100
42.408400
42.599200
42.609400
42.847100
43.159100
43.178200
43.192200
43.260700
43.270100
43.372000
43.394700
43.546500
44.364500
44.796600
44.805300
44.833600
45.154900
45.175300
45.417400
45.469900
45.995500
46.010200
46.115200
46.138600
46.147100
46.176000
46.516200
46.527500
46.673100
46.705300
47.086300
47.094900
47.434800
47.449900
47.906100
48.003400
48.267400
48.884300
50.739900
50.746700
50.753400
50.761200
50.823800
50.863100
51.172400
51.193900
51.756200
51.763200
51.783200
51.793700
51.899100
52.067700
52.081300
52.378100
52.592400
52.605200
52.612900
52.876700
53.292600
53.308400
53.699100
53.953100
54.503200
54.541600
54.568300
54.650400
54.682900
54.695800
55.286300
55.292600
55.317400
55.780400
56.688500
56.781700
56.794400
56.802000
57.385200
57.404500
57.420300
57.437100
57.861500
57.871300
57.887400
57.964800
57.997600
58.023700
58.451300
58.484700
58.703800
58.841300
59.230900
59.251700
59.357500
59.620600
59.676600
59.911300
59.929800
60.002600
60.212100
60.223000
60.387900
60.624800
60.650600
61.057300
61.175400
61.290100
61.449200
61.456100
61.469800
61.490900
61.500200
61.817800
61.838900
61.858600
61.872700
62.357000
62.971900
63.333100
63.360800
63.373600
63.848800
63.880000
63.897600
64.059300
64.091500
64.317700
65.195800
65.207600
65.221800
65.235600
65.756100
65.766700
65.812400
65.822300
65.912800
66.491200
66.502900
66.509900
66.686200
66.883000
66.891200
67.461300
68.366000
68.379000
68.438600
68.456300
68.985500
69.867000
69.881800
70.581000
70.899000
71.561600
72.292000
72.304500
72.556800
72.795300
72.917300
72.930300
73.675200
73.696600
75.976600
75.994700
76.004500
76.021600
76.892200
76.948000
76.965300
76.987500
77.140000
77.163200
77.706300
77.718600
78.509700
78.591900
78.968400
78.976200
79.049400
79.261200
79.274100
79.841300
80.237400
80.322200
81.420500
81.564800
83.276800
83.898700
83.912000
83.939800
84.274000
84.283300
84.759300
84.778900
84.796300
85.425700
85.434900
85.446000
85.470000
85.484700
85.501500
85.658900
85.677800
85.697300
86.468400
86.480400
86.493700
86.505800
87.554700
87.569600
87.579600
87.604300
87.624200
87.647200
87.844900
87.873100
88.014000
91.331800
91.345700
91.603400
91.774700
91.831500
92.335500
92.348200
92.361700
93.378000
93.397700
93.775800
93.788000
93.812300
93.823300
93.883700
93.908200
94.729000
94.757700
95.655600
95.666700
95.691200
95.700700
95.710500
95.741700
95.825100
96.236600
96.325600
96.334200
97.247900
97.257000
97.269000
98.089800
98.104700
98.121400
98.135800
98.150000
98.706500
98.908200
98.921600
99.022300
100.619100
100.959700
102.548800
102.562700
102.632100
102.770400
102.787400
102.799200
102.835400
102.846700
102.930300
103.013800
103.482900
103.805100
103.813600
103.823600
105.920900
106.876200
107.025900
107.036500
107.050400
107.158800
107.477000
107.490100
107.506500
107.538600
107.555600
108.592400
108.951200
109.460500
109.493500
109.517200
111.671600
111.682800
111.701900
111.921900
112.131200
113.430800
115.190700
116.042500
116.051900
116.064500
116.078500
116.097500
116.277800
116.939200
116.956100
116.996700
117.023800
118.075900
118.093200
118.101400
118.113600
118.131000
118.137400
118.572000
118.582200
118.595100
118.607200
119.322400
119.331800
119.346700
