spike times
3.496200
3.505900
3.760300
3.775000
3.785800
3.794200
3.812500
6.044400
6.643900
7.409100
11.772100
13.051700
13.794100
14.169200
14.702600
15.900400
15.934400
16.915400
22.089400
22.304300
22.310300
22.759900
23.559600
23.878700
24.024900
24.105900
24.510000
24.619900
24.885900
25.649300
25.979500
26.510700
26.665000
27.721000
27.746600
27.797700
28.414200
28.434800
28.516500
28.963200
28.973800
29.688400
30.036500
30.041900
30.046500
30.051300
30.057200
30.061700
30.065900
30.069800
30.073700
30.079100
30.084200
30.089100
30.094300
30.100000
30.106300
30.112000
30.118900
30.129300
30.150300
30.161300
30.192300
30.199500
30.214000
30.222200
30.239600
30.279400
30.302000
30.315400
30.334700
30.342200
30.370200
30.436700
30.452300
30.504400
30.558700
30.619700
30.711100
30.750500
30.758600
30.768700
30.783900
30.862700
30.871100
30.976500
31.022200
31.033100
31.176000
31.302800
31.310800
31.349000
31.401900
31.463500
31.479000
31.534300
31.545200
31.637600
31.711400
31.739800
31.769300
31.779400
31.811700
31.940700
32.866200
32.885000
33.457200
33.690400
34.256400
34.269800
34.280200
34.515100
34.871900
34.964700
35.695900
35.715300
36.673000
37.350200
37.364600
37.550100
38.352300
38.578600
39.144100
39.370000
39.515100
40.108300
41.804100
42.281300
43.327000
44.757000
44.767100
44.781300
47.021000
48.122200
48.752600
48.940000
48.999700
50.439100
50.723700
51.919100
51.931000
51.973600
54.455900
54.895000
54.902700
54.909400
54.918900
54.931000
55.158300
55.521500
56.279100
56.300600
57.606000
57.620800
57.640900
57.652800
57.665800
57.883300
57.891200
57.901200
57.907900
57.916400
57.926200
58.329700
58.461100
58.482700
58.552500
59.312200
59.328100
59.682900
60.212300
60.218300
60.225100
60.233800
60.239800
60.246500
60.258800
60.270000
60.288600
61.167900
61.284200
61.293600
61.302900
61.311900
61.325800
61.789300
61.797000
61.807000
61.818500
62.143100
62.468000
62.474500
62.483300
62.489900
62.497900
62.907100
64.775400
65.315000
66.184500
66.978500
66.993100
67.274400
67.399400
67.409400
69.899200
70.107100
70.838900
71.099200
73.641000
74.495200
76.780200
76.870000
79.819200
81.425900
81.442300
82.029300
82.292300
83.314600
83.687900
84.265800
84.277200
85.569900
85.954500
86.863900
87.138200
87.566900
88.655800
89.439500
89.743300
90.424800
92.126100
93.661700
94.507900
94.524600
94.540900
95.040500
95.875900
96.480400
97.044700
97.736700
99.139300
101.447300
102.819800
102.832000
104.062600
106.734800
110.693400
113.198800
113.503000
113.685400
114.196900
119.011200
119.566400
