spike times
0.449400
0.874900
1.814000
3.430000
4.258900
4.271300
4.304200
4.331900
4.350000
4.893000
5.447600
7.992000
8.910400
8.930400
9.044600
10.978100
11.252600
11.274800
12.805600
12.819800
16.098100
16.486200
18.379900
21.314300
22.287400
22.296500
24.136300
24.159400
25.923100
25.935500
25.961800
26.571500
26.586200
26.956400
26.976700
27.015800
28.759500
28.803400
29.150700
29.822400
30.036500
30.041400
30.045600
30.049200
30.053200
30.056900
30.060700
30.065100
30.069000
30.072800
30.076700
30.080900
30.084800
30.089100
30.093800
30.098700
30.103000
30.109200
30.113900
30.118700
30.124400
30.131300
30.139400
30.146900
30.152300
30.158700
30.167400
30.173000
30.180300
30.187600
30.196400
30.206200
30.213100
30.220900
30.226500
30.233000
30.245300
30.251900
30.265200
30.273800
30.297500
30.304500
30.339900
30.373400
30.383200
30.395700
30.407100
30.419300
30.429900
30.456900
30.463800
30.472000
30.501200
30.507300
30.515900
30.526700
30.540900
31.338900
31.347800
31.362000
31.378200
32.184100
32.192500
32.211600
32.223600
32.791600
33.332700
33.356700
34.197600
34.212300
34.788500
35.434500
35.942100
36.209400
37.989100
37.999400
38.011200
38.024400
39.068200
39.747600
39.795800
40.755200
40.788800
42.158700
42.364100
42.627300
44.088800
44.874400
44.942600
45.152900
45.905800
45.933600
46.036100
46.058000
46.364100
47.226400
47.751100
48.564200
48.595800
48.644800
48.668600
50.943500
51.857700
52.701300
52.715700
52.779800
53.353600
53.401600
53.414800
54.549200
54.821400
54.984300
55.467800
56.774900
57.264300
58.012800
59.706100
59.782300
60.294500
60.498600
60.770100
60.809000
61.217400
61.609400
62.174300
62.367400
64.192000
64.209400
64.236600
67.087700
67.105300
67.119500
67.141200
68.421300
68.453300
68.478300
68.502000
68.676900
71.402700
74.069100
74.178200
74.534000
74.548800
76.398300
77.265500
77.429000
78.646300
78.844400
80.812500
80.830200
80.850200
83.026200
83.043800
83.581500
90.963900
90.997100
91.095700
91.386600
91.541200
92.422700
92.481400
94.065500
95.638700
95.670000
96.612000
100.319300
102.255300
102.275000
102.310900
102.756500
102.773200
103.008500
103.655500
103.704500
103.734000
104.400200
104.491000
104.530900
106.372200
106.388900
106.401200
106.421300
107.561700
108.720600
108.961000
110.011200
110.031300
110.451500
110.655600
110.680800
110.884900
110.906100
113.427600
113.441400
113.470900
114.257300
114.281800
114.295700
114.316900
115.732300
116.264800
116.299400
117.034400
117.054500
117.066300
117.082300
117.773800
118.140400
119.560900
119.573500
119.598300
119.724300
