spike times
0.082000
0.143700
0.209800
0.231300
0.242300
0.539500
0.725200
0.736400
0.768000
0.783700
1.029800
1.366800
1.375100
1.689900
2.130600
2.146900
2.156200
2.216800
2.714500
2.737800
2.848400
2.892800
3.356100
3.447100
3.508700
3.589900
3.605600
3.728500
4.045800
4.330400
4.342400
5.083700
5.107500
5.135400
5.149800
5.181500
5.287600
5.303400
5.524700
5.539200
5.592500
5.606600
5.756300
5.765900
5.951200
6.022400
6.034800
6.402800
6.487700
6.506500
6.594200
6.879000
6.995300
7.056500
7.404500
7.958500
7.980800
7.991500
8.143800
8.396100
8.533300
8.541500
8.716900
9.250900
9.270500
9.299600
9.308200
9.332400
9.427900
9.800300
9.925700
9.983700
9.997300
10.173900
10.257500
10.491300
10.599100
10.628300
10.641200
10.827500
10.837600
11.070100
11.376800
11.627800
12.037200
12.243100
13.120500
13.144200
13.167000
13.241100
14.130300
14.403600
14.654200
14.676800
14.690900
14.954900
14.961000
15.082400
15.136000
15.147100
15.154200
15.169500
15.196800
15.215700
15.367700
15.378800
15.392900
15.417000
15.532200
15.549500
15.598600
15.645400
15.657800
15.821400
16.087900
16.230000
16.299700
16.479300
16.881700
16.895600
16.995200
17.873200
17.887200
17.905700
18.030800
18.045200
18.063900
18.171200
18.355800
18.432600
18.828100
18.843400
18.867700
19.313100
19.439900
19.453000
19.469300
19.821400
19.837200
20.033100
20.146000
20.305700
20.316700
20.603600
20.615100
20.758800
20.769700
20.843800
20.853900
21.595900
21.708100
21.960700
22.168500
22.360200
22.390000
22.870700
22.880400
23.204200
23.385100
23.398800
23.409400
23.590500
24.087100
24.100100
24.285900
24.378400
24.803500
24.897800
24.923000
25.007700
25.113600
25.189200
25.355300
25.377300
25.432200
25.582200
25.759800
25.895200
26.155200
26.223600
26.255600
26.264600
26.271100
26.375500
26.384300
26.396300
26.408900
26.735700
27.457900
27.479600
27.617600
27.643800
27.769400
27.777800
27.837600
27.929300
28.329000
28.577900
28.941500
28.957800
29.293600
29.392500
29.691400
29.717800
29.951500
30.045500
30.052800
30.060000
30.068300
30.078000
30.100000
30.193900
30.420200
30.492400
30.813600
30.863700
31.154700
31.163100
31.173200
31.325100
31.439200
31.801000
32.177100
32.185100
32.323000
32.441700
32.450800
32.463600
32.645300
32.937700
33.351400
33.497600
33.579200
33.640000
34.087600
34.111200
34.222400
34.381700
34.389400
34.400200
34.426600
34.649100
34.884300
34.896100
34.904100
34.912900
35.057100
35.071800
35.294200
35.601000
35.609500
35.672900
36.300700
36.424500
36.502500
36.586700
36.642300
36.760000
36.771700
36.827100
36.923700
36.932500
37.130100
37.149600
37.221100
37.329800
37.342300
37.804400
37.819100
37.947800
38.283800
38.294800
38.312200
38.416700
38.581700
38.625200
39.133000
39.194900
39.207300
39.280900
39.432700
39.448300
39.522000
39.533000
39.539600
39.644000
39.670200
39.686600
39.772200
39.786400
39.793800
39.804100
39.814400
40.023400
40.313400
40.320500
40.507000
40.577700
40.602000
41.192300
41.204400
41.281200
41.368600
41.706400
42.014800
42.060000
42.078900
42.255600
42.298700
42.394200
42.486500
42.843500
42.916300
42.959700
43.008900
43.020800
43.300600
43.511900
43.543100
43.559400
43.632300
43.667800
43.690000
43.997700
44.011300
44.258200
44.561200
44.605300
44.973700
44.982800
44.999700
45.007400
45.026100
45.039100
45.052500
45.067000
45.076800
45.349100
45.383400
45.674500
45.691700
45.702000
45.807700
45.999200
46.124500
46.352000
46.923400
47.393200
47.522600
47.715800
47.854600
47.919000
48.007700
48.027300
48.485900
48.590200
48.602600
48.612800
48.623500
48.864600
49.236600
49.250900
49.419500
49.554100
49.677000
49.907100
49.918400
50.102700
50.540500
50.555100
50.855800
51.333100
51.343100
51.448100
51.463400
51.635600
51.647600
51.908200
52.466900
52.670700
52.713000
52.975300
52.994300
53.032100
53.208200
53.324000
53.365300
53.449700
53.460600
54.046200
54.054200
54.383100
54.410600
54.428000
54.539200
54.557600
54.702800
54.711900
54.734600
55.232400
55.243600
55.276900
55.285600
55.338000
55.385500
55.396900
55.741400
55.757100
55.784600
56.022200
56.033200
56.143900
56.178400
56.281000
56.319400
56.510600
56.651400
56.862400
57.028100
57.122800
57.135200
57.267500
57.704200
57.725400
57.762000
57.775600
58.031300
58.044600
58.082600
58.089600
58.096300
58.561200
58.674100
58.875400
59.109300
59.777500
59.918200
60.004300
60.323600
60.391700
60.407100
60.417900
60.604800
61.243700
61.472200
61.706600
61.714700
62.267700
62.310500
62.319600
62.330700
62.478000
62.564100
62.784300
62.791600
62.803400
62.829700
62.878500
63.551700
63.566100
63.826000
63.841800
63.868200
64.176200
64.667700
64.706100
64.730500
64.993700
65.378000
65.685100
66.014400
66.025100
66.575700
66.594900
66.605500
66.650500
66.714500
66.914300
67.051700
67.080700
67.268500
67.502600
67.519500
67.548200
67.575600
67.700200
67.923100
67.941100
68.164100
68.321300
68.330600
68.417700
68.426300
68.442600
68.487800
68.497800
68.572400
68.586900
68.886400
69.005300
69.091100
69.394200
69.402900
69.416900
69.429000
69.439000
69.451400
69.475800
69.576500
69.585100
69.805800
69.813000
69.827300
69.860600
69.921200
70.195500
70.215400
70.486100
70.515700
70.527900
70.817900
70.824800
70.835600
70.850800
70.955500
71.199900
71.393800
71.875200
71.886500
71.962800
72.017400
72.316000
72.704000
72.743300
72.965400
73.110100
73.121700
73.161100
73.252300
73.336700
73.352200
73.566400
73.631600
73.773800
73.996700
74.151500
74.163100
74.185100
74.202700
74.474100
74.566700
74.719900
74.863100
74.888900
75.099900
75.189500
75.203700
75.443300
75.871400
75.892600
75.987000
76.293300
76.312500
76.348800
76.461000
76.732300
77.103000
78.040900
78.078700
78.173300
78.185600
78.198900
78.447000
78.895800
78.939800
78.949200
78.964000
79.158200
79.175900
79.385000
79.506700
79.522000
79.882400
79.893000
80.044200
80.484500
80.491300
80.540200
80.548100
80.563600
80.608800
80.627900
80.694400
80.702100
80.755500
80.763100
81.151000
81.182500
81.190000
81.208600
81.319100
81.359500
81.370100
81.380800
81.835700
81.879300
82.002700
82.375200
82.388700
82.419800
82.723100
83.077700
83.520800
83.532100
83.572600
84.016100
84.450200
84.566800
84.603800
84.616000
84.623600
85.047000
85.172300
85.215000
85.268400
85.785900
85.795000
86.219500
86.270600
86.463100
86.478800
86.500900
86.675800
86.906300
87.129200
87.273800
87.286900
87.464600
87.473400
87.517600
87.544700
87.552000
87.566100
87.579200
87.594000
87.698200
87.757300
87.882700
87.906900
87.997300
88.018100
88.043500
88.145300
88.153400
88.371900
88.503000
89.180500
89.312700
89.448300
89.551700
89.558700
89.763400
89.839100
89.886900
