spike times
0.386500
0.395300
0.562700
0.668800
0.678400
1.229500
1.580000
1.596000
1.603300
1.610100
1.707800
2.610900
2.910600
3.646500
5.227100
5.235500
5.727200
5.738300
5.746600
5.764700
5.936900
6.538200
6.547600
7.447900
7.464300
8.344100
8.353000
9.130300
9.529900
9.547600
9.695800
9.706900
10.112400
10.126800
10.135400
10.646300
10.654000
11.172600
11.182400
12.174600
12.184100
12.589900
12.598000
12.762200
13.127100
13.134500
13.263100
13.274500
13.466300
13.476000
13.485900
13.494100
13.692900
13.702900
13.721300
13.864000
13.871600
13.880000
14.414000
14.422300
14.439100
14.447600
15.371100
15.391700
15.859400
16.323200
16.333500
16.477100
17.452300
17.458400
17.463800
17.483500
18.339200
18.347400
18.558600
18.736600
18.941400
19.240300
19.258100
19.635100
19.648200
20.895100
20.907300
20.914500
20.924000
21.095300
21.102900
21.696300
22.829100
22.840600
22.847700
22.866400
23.059000
23.064300
23.070100
23.075900
23.091300
23.103800
23.115800
23.658200
23.665400
23.953000
23.958700
23.964400
23.973000
24.078300
24.086400
24.756800
24.765200
24.781700
25.258000
25.264200
25.270900
25.276300
25.877800
25.883600
25.889900
26.422300
26.798200
27.085100
27.092100
27.129500
27.141100
27.149800
27.159100
27.170100
27.713200
27.721400
28.013800
28.702000
28.708200
28.715200
28.722200
28.730300
28.852400
29.682800
30.025300
30.041300
30.047400
30.050600
30.053600
30.056500
30.059400
30.062500
30.065500
30.071600
30.074800
30.081600
30.085300
30.089000
30.092500
30.096400
30.099900
30.103700
30.107600
30.111500
30.115700
30.119800
30.124200
30.128700
30.131400
30.138000
30.142200
30.146800
30.151500
30.156200
30.160900
30.165400
30.170100
30.175200
30.180100
30.184100
30.189700
30.194800
30.200100
30.206100
30.211300
30.216300
30.222100
30.226800
30.232000
30.239000
30.245000
30.250200
30.256100
30.261700
30.267400
30.274500
30.280600
30.286800
30.292200
30.299800
30.307200
30.313200
30.319000
30.326300
30.332300
30.339300
30.347100
30.354300
30.359700
30.366900
30.373000
30.379200
30.386400
30.392800
30.402800
30.408500
30.414300
30.422100
30.430100
30.440100
30.447100
30.454000
30.461500
30.470800
30.476800
30.484400
30.491000
30.497700
30.504200
30.517600
30.528500
30.534900
30.549600
30.557700
30.565600
30.578100
30.590700
30.598600
30.608100
30.619400
30.626400
30.635300
30.646000
30.653300
30.661800
30.670300
30.677700
30.686800
30.700700
30.712000
30.718700
30.726900
30.738800
30.749300
30.759200
30.773400
30.786900
30.794700
30.802000
30.811200
30.821300
30.829700
30.838800
30.850300
30.869200
30.878300
30.889800
30.922600
30.937200
30.949000
30.960000
30.977800
30.992800
31.000600
31.020500
31.039700
31.047700
31.061900
31.074800
31.087200
31.096900
31.111700
31.122400
31.131200
31.147800
31.164900
31.178200
31.184500
31.198300
31.221500
31.242700
31.251100
31.270700
31.279100
31.302200
31.312600
31.328600
31.343300
31.355200
31.366000
31.393200
31.408100
31.428900
31.447900
31.466900
31.476000
31.490100
31.512200
31.521000
31.538600
31.550100
31.563100
31.579100
31.604700
31.640700
31.665300
31.680500
31.706600
31.714400
31.723700
31.739500
31.774300
31.810500
31.824400
31.837900
31.851300
31.871800
31.913900
31.937100
31.965400
31.979400
31.997400
32.033700
32.050000
32.061000
32.088400
32.128800
32.145500
32.154300
32.164400
32.208900
32.230100
32.246100
32.272800
32.283500
32.298100
32.332800
32.353100
32.362600
32.388300
32.410500
32.424400
32.474200
32.489500
32.506700
32.536100
32.550300
32.623500
32.631900
32.642500
32.651900
32.662000
32.691100
32.704200
32.722800
32.752100
32.766900
32.784800
32.825700
32.859600
32.886300
32.903800
32.934800
32.965300
32.979300
33.000800
33.039300
33.078900
33.101700
33.120800
33.153600
33.204900
33.220000
33.251100
33.266500
33.281500
33.331900
33.364400
33.382400
33.396700
33.444100
33.493100
33.513200
33.545500
33.560100
33.573800
33.694200
33.736000
33.795100
33.812400
33.834100
33.867400
33.906800
33.938100
33.969600
34.020200
34.072100
34.092700
34.108300
34.136700
34.146100
34.195700
34.309500
34.321700
34.351500
34.408600
34.444000
34.477700
34.514300
34.540800
34.557400
34.631200
34.660000
34.686400
34.722100
34.738600
34.807000
34.919700
34.937900
34.986600
35.015000
35.026000
35.030200
35.449800
36.382200
36.563700
36.585800
36.743700
36.801700
36.967300
37.159100
37.255000
37.263700
37.345900
37.350900
37.362200
37.591900
37.663600
37.676100
38.042100
38.061600
38.359800
38.373900
38.593900
38.599700
38.659400
38.693000
38.718400
38.733600
38.833300
38.843500
38.886000
38.988600
39.451000
39.467800
39.703900
39.897200
40.070900
40.258300
40.276700
40.282900
40.470400
40.533700
40.587000
40.596900
40.611600
40.647900
40.791900
40.799000
41.010100
41.017600
41.029900
41.271900
41.282000
41.449200
41.467900
41.477900
41.485700
41.821400
42.205600
42.220900
42.231200
42.240000
42.399700
42.802900
42.813200
42.819300
42.849300
42.862800
43.133600
43.517800
43.779500
44.043900
44.072300
44.229500
44.267600
44.521500
44.542300
44.661800
44.668800
44.701900
44.748800
44.760300
44.981900
44.986200
44.993500
45.007200
45.022400
45.066900
45.075800
45.442100
45.469900
45.499500
45.505800
45.640000
45.692200
45.832000
46.129600
46.145700
46.159800
46.211100
46.223400
46.288500
46.425200
46.558000
46.569900
46.670300
46.682500
46.729900
46.893900
47.037300
47.192000
47.332200
47.713400
47.723200
47.732300
48.023400
48.033100
48.088700
48.222700
48.317500
48.328800
48.385100
48.503500
48.515600
48.593700
48.606700
48.697900
48.744100
48.897900
48.933700
48.942300
49.109800
49.118600
49.134100
49.162100
49.336900
49.425100
49.461100
49.584900
49.842900
49.996100
50.378100
50.412100
50.541500
50.717700
50.790200
50.798100
50.804100
50.851900
51.337400
51.393400
51.671200
51.681400
51.691100
51.754300
51.983800
52.180300
52.268600
52.278500
52.286900
52.292800
52.579600
52.585400
52.925600
52.935900
52.946100
52.976500
52.986700
53.110400
53.259200
53.362800
53.483900
53.490700
53.498600
53.655400
53.895400
54.509100
54.910800
54.937300
54.949100
54.973600
55.108400
55.115400
55.122100
55.275700
55.936700
56.169000
56.283700
56.290500
56.299000
56.423400
56.559400
56.683900
56.701200
56.712100
57.048900
57.064300
57.073500
57.266300
57.275600
57.499100
57.509500
57.562500
57.778300
57.963000
57.970600
57.976400
58.030600
58.036600
58.043300
58.061000
58.070100
58.099500
58.113500
58.212200
58.549700
58.636000
58.645400
58.731900
58.759200
59.008800
59.580000
59.680100
59.799500
59.882800
60.152100
60.433400
60.439400
60.500200
60.508700
60.639400
60.657700
60.666800
60.855800
60.867300
61.210900
61.468500
61.522400
61.536700
61.546700
61.774300
61.951100
62.025500
62.128800
62.823100
62.982100
62.990300
63.063300
63.211300
63.361600
63.401900
63.409600
63.422700
63.439300
63.557400
63.603600
63.611800
63.627500
63.657700
63.852300
64.095600
64.135700
64.324400
64.335100
64.918000
64.925500
64.937300
65.025000
65.031100
65.036700
65.053300
65.070100
65.080300
65.137700
65.310600
65.736900
65.861300
66.229300
66.234500
66.333400
66.584800
66.693400
66.703900
67.139900
67.151300
67.347300
67.361900
67.547600
67.680500
67.878500
67.885400
67.911700
68.168700
68.211300
68.402100
68.409500
68.860900
68.870100
68.878500
69.094600
69.103100
69.292700
69.658200
69.663700
69.672800
69.678900
69.977200
70.098400
70.236000
70.407300
70.471700
70.564900
70.644000
70.661500
70.668000
70.995300
71.006000
71.219800
71.396900
71.412100
71.713600
71.722100
71.731700
72.006400
72.134300
72.141700
72.225500
72.232500
72.238900
72.414400
72.427500
72.439800
72.510800
72.518000
72.747700
72.789700
72.808100
73.211000
73.310900
73.476100
73.488600
73.678500
73.835900
74.085600
74.094900
74.117500
74.126900
74.390500
74.679800
74.692200
74.734300
74.802700
74.811200
75.196600
75.350400
75.836200
75.846100
75.942000
76.238000
76.326600
76.336100
76.605300
76.713700
77.133700
77.138700
77.149000
77.157400
77.175300
77.189300
77.228300
77.244100
77.260600
77.267300
77.274200
77.519700
77.527300
77.537300
77.544400
77.555600
77.566400
77.887100
78.159100
78.284200
78.360000
78.368900
78.434200
78.507000
78.794700
78.805700
78.960100
79.155900
79.208700
79.346000
79.362000
79.424400
79.487600
79.546400
79.552600
79.665100
80.057000
80.081500
80.088300
80.095300
80.337400
80.443600
80.453200
80.464500
80.474700
80.484100
80.762800
80.788700
80.916000
81.037900
81.047500
81.071300
81.096900
81.397300
81.415300
81.552600
81.794000
81.860500
81.924100
81.943400
81.953700
82.130600
82.137500
82.188600
82.388900
82.410200
82.893200
82.926600
83.112000
83.124300
83.332700
83.675900
83.681600
83.687900
83.711000
83.724500
84.890300
85.149600
85.167000
85.174600
85.283600
85.291700
85.475100
85.481300
85.658500
85.751500
85.821100
85.837100
85.973600
86.114200
86.415100
86.821500
86.878500
86.897900
87.082800
87.341500
87.520200
87.543000
87.810600
87.820000
87.830000
87.841600
87.943500
88.028500
88.148300
88.155500
88.327200
88.400600
88.465400
88.511600
88.653700
88.662700
88.676300
88.688300
88.702300
88.809300
88.974400
89.007000
89.065300
89.248900
89.518200
89.544800
89.754400
89.876000
89.885600
89.915900
89.925400
89.934900
90.351400
90.369300
90.591100
90.599000
90.607500
90.617500
90.640500
90.649000
91.406500
91.416100
91.432300
91.441100
91.454600
91.470800
91.541800
91.803100
91.921300
91.961700
92.057600
92.247600
92.258300
92.504700
92.743400
92.755000
92.764900
92.774300
92.932200
93.002600
93.184800
93.191900
93.258300
93.601400
93.607900
93.614300
93.790600
93.993500
94.010900
94.023100
94.056700
94.148300
94.162500
94.247200
94.534700
94.553300
94.562700
94.574800
94.592500
94.737800
94.926900
94.988100
94.995400
95.027300
95.037300
95.147700
95.259300
95.567600
95.574400
96.048400
96.055500
96.072000
96.340600
96.370300
96.546000
96.557200
96.821800
96.989600
97.260000
97.267700
97.276900
97.332300
97.341000
97.470600
97.504400
97.710700
97.900200
97.910700
98.015200
98.022900
98.185400
98.207300
98.219200
98.239000
98.249000
98.317000
98.324800
98.424400
98.853200
98.946300
99.109300
99.116800
99.440400
99.916300
100.178000
100.220600
100.497900
100.505200
100.558600
100.747400
100.772800
100.781200
101.371200
101.455800
101.580500
101.586500
101.603400
101.843400
101.852900
101.863300
102.073300
102.080300
102.421200
102.452700
102.465100
102.520200
102.527800
102.713100
103.157800
103.171200
103.407600
103.776300
103.989700
104.019400
104.229900
104.237500
104.248000
104.329300
104.340800
104.394800
104.403800
104.921100
105.009400
105.055300
105.290200
105.297800
105.582900
105.652000
106.061500
106.090700
106.135500
106.367900
106.376600
106.388900
106.421100
106.434700
106.452800
106.464500
106.781400
106.787700
106.959800
106.970300
107.337700
107.808200
107.837300
108.073800
108.087000
108.122700
108.455200
108.568900
108.629000
108.802300
109.135200
109.216000
109.286600
109.341300
109.354000
109.698900
110.073000
110.599000
110.609900
110.618800
110.655200
111.053800
111.074300
111.158000
111.257900
111.264400
111.461000
111.470700
111.481000
111.490500
111.501300
111.612100
111.618300
111.624300
111.844000
112.140600
112.149600
112.158400
112.164400
112.550700
112.771900
112.952200
112.958000
112.966000
112.974200
112.989600
112.996300
113.067100
113.940100
114.071900
114.171600
114.204600
114.346700
114.463500
114.474200
114.559100
114.911500
114.917500
114.929700
114.944100
115.211300
115.241800
115.257200
115.267500
115.375900
115.399300
115.474600
115.849500
116.168800
116.180500
116.277800
116.339700
116.648400
116.861200
117.363000
117.407800
117.418900
117.427000
117.574500
117.595200
117.603300
117.680600
117.688200
117.848000
117.892300
118.129300
118.142200
118.652900
118.660800
119.163700
119.171400
119.178100
119.192200
119.323500
119.473400
119.488300
119.627500
119.637200
119.816800
119.829700
119.923600
