spike times
0.642300
0.953400
1.029400
1.045400
2.175900
2.875700
3.175000
5.182100
5.193900
5.228700
6.090800
6.212400
6.221700
6.676500
6.683900
6.697900
7.744300
8.052300
9.804300
9.933800
11.338700
11.409700
11.552100
12.624100
12.737800
13.238400
13.731500
13.882500
14.310700
14.324200
14.910200
15.598800
16.723200
16.742200
16.776100
17.107200
19.040100
19.261800
19.712600
20.349900
21.214000
21.224800
21.260900
21.270300
22.329000
22.818300
23.160700
24.407400
24.815300
25.243600
25.255900
25.661300
25.976700
26.822000
27.850300
28.215600
28.512800
28.528700
28.544000
29.685200
29.706100
30.010800
30.014500
30.018300
30.022000
30.025500
30.029000
30.032600
30.036300
30.040700
30.045600
30.050500
30.055400
30.060800
30.066400
30.072600
30.078600
30.086600
30.093900
30.102500
30.110400
30.116600
30.124300
30.134500
30.142400
30.152100
30.163700
30.186700
30.193400
30.204300
30.213500
30.224600
30.238200
30.252400
30.271800
30.281800
30.302700
30.310900
30.322000
30.346200
30.367200
30.404400
30.440600
30.463000
30.493000
30.503500
30.766000
31.254700
31.522800
31.758400
32.376500
33.053700
33.375500
33.390500
33.692700
33.813800
34.185100
35.072600
35.095800
35.590600
36.045200
36.052700
36.069900
36.243900
36.252500
36.814200
37.144700
37.160700
37.178200
38.007500
38.017300
38.644400
38.662700
39.082100
39.092500
39.923900
40.237200
40.249600
41.595600
41.808100
41.914200
42.166200
42.644900
43.051500
43.737700
44.238100
44.256900
45.127600
45.728200
46.037400
46.052300
46.736400
46.936800
47.037400
47.759500
47.772700
47.802400
47.901700
48.143600
48.561900
49.123700
50.209500
50.219300
50.954800
51.094300
51.273400
51.532100
52.595000
53.197100
53.406800
53.994500
54.015800
55.073200
55.151300
56.009700
56.711000
57.783200
58.191600
58.213500
58.614000
60.112000
60.535000
61.801900
61.810700
62.439700
63.269200
63.527500
65.293200
65.303700
66.244800
66.765300
66.787700
67.666400
67.673500
68.319800
68.604100
68.676100
69.333100
70.292800
70.306900
70.667200
70.684900
71.164400
71.939500
73.335300
73.913300
74.640500
74.975900
74.987800
75.458600
75.571600
75.633200
76.272500
76.818400
76.828800
77.074700
77.123600
77.730600
77.760900
78.560900
79.116900
79.253200
79.698700
79.710600
80.061200
80.724400
80.737000
81.126900
81.140100
81.833100
82.408300
83.589500
84.169300
84.183000
84.470800
84.492500
85.833700
85.848200
86.374500
87.070200
87.089200
87.516400
87.706300
88.032500
88.044600
89.287800
89.343500
91.107200
91.317100
91.645400
92.370000
92.385500
92.856800
93.645000
93.780700
94.439400
94.586900
95.074800
95.093700
96.264000
96.819700
98.141600
98.151700
98.431400
99.021800
99.046200
99.989300
100.269500
100.293900
100.304900
100.313700
100.892800
100.898800
100.907800
100.920700
101.266700
102.907100
103.852700
104.192500
104.493000
104.873300
105.220100
107.587200
108.883400
109.763000
112.081100
112.098500
112.432600
114.106000
114.289300
114.452400
116.882000
117.903700
118.157800
118.165000
118.174300
119.035500
119.924100
119.932800
