spike times
7.655900
7.674500
23.414200
30.038700
30.042300
30.045500
30.048900
30.052300
30.055500
30.058600
30.061600
30.064500
30.067400
30.070100
30.073200
30.076100
30.079400
30.082700
30.086400
30.089900
30.093800
30.098200
30.103400
30.108500
30.114700
30.121500
30.128400
30.136300
30.458000
30.481300
30.541700
30.582800
30.912800
31.309800
31.318700
31.437800
32.935100
32.949700
36.111700
39.679500
39.689700
39.706600
39.719500
39.734300
42.318800
42.328900
42.341100
42.509700
45.091100
59.362600
69.314200
69.325600
69.358000
