spike times
0.720000
0.731400
0.832900
1.719800
1.878400
2.000900
2.077500
7.073300
7.102900
7.630500
8.679800
11.101600
11.132800
11.142700
11.162500
11.298000
11.475400
13.353100
13.570600
14.150400
15.989300
16.754000
16.802400
17.291000
18.238900
18.256600
18.271200
18.540800
19.031400
19.048900
20.557900
21.837700
21.879200
22.413200
22.437400
22.456900
22.648100
23.511000
24.127900
24.137300
24.192800
24.614000
24.633200
25.517600
25.533600
25.787400
28.238500
28.247900
28.270000
28.292400
28.309400
28.619100
28.647200
29.075300
29.128100
29.516500
29.743000
30.050200
30.058500
30.068200
30.076800
30.091500
30.517300
30.530000
30.541600
30.566700
30.579500
30.893300
31.130700
31.611000
31.623100
33.884000
33.913800
34.574900
34.602800
35.105400
36.561300
37.626800
37.656500
39.282300
39.300400
39.332500
39.735600
40.067300
40.731800
40.980200
42.343100
42.654000
42.676600
45.680200
46.065200
46.833800
46.867200
47.287200
49.049000
49.459500
51.805900
52.504100
53.436000
53.463900
54.233400
54.750700
54.767300
54.788400
56.579700
56.598400
57.987900
58.460900
58.677800
58.694000
58.943600
58.960600
60.923500
62.018000
62.027600
62.040200
62.169500
62.177000
62.185400
62.204900
62.368800
63.068000
63.189300
64.163000
64.182400
66.334900
66.350000
66.362000
66.805300
68.150300
68.161200
68.178400
68.205700
68.794800
70.369700
71.112200
71.461700
73.563800
73.579100
73.598000
73.668900
73.693800
73.839600
73.876900
74.217000
74.822300
77.890200
79.639900
81.233800
81.245100
84.138900
84.156600
