spike times
0.033900
0.057600
0.073600
0.686900
1.175100
1.587700
1.804200
2.460300
3.133200
3.150200
3.371100
4.418200
5.380400
5.389400
5.399400
5.415900
5.448200
5.930400
8.276000
9.216400
9.422000
9.435300
9.658600
10.462200
10.472800
10.907200
11.221400
11.233400
11.741500
12.574900
12.603300
13.051100
13.232600
14.080800
14.890000
15.311200
15.584700
17.016600
17.954100
18.762700
19.897700
20.277600
20.293200
20.638600
21.569200
21.701200
21.718200
22.375200
22.392000
24.009000
24.545900
25.019000
26.125400
26.385100
26.400300
26.575500
27.313500
27.590200
27.605000
28.654300
28.667600
29.158700
29.189100
30.042700
30.046500
30.050100
30.054300
30.058500
30.062400
30.066700
30.071700
30.076800
30.081900
30.088400
30.094100
30.101100
30.107500
30.114200
30.121900
30.132400
30.140800
30.175700
30.277700
30.287200
30.331900
30.343100
30.687300
30.729000
30.754500
30.763800
31.244600
31.256100
33.472400
33.484700
34.065200
34.072900
34.256400
34.267500
35.076300
35.103200
35.527400
35.787100
37.408700
37.418900
39.279200
39.293200
39.305000
40.260400
40.583700
40.597100
40.648200
41.818100
42.399400
42.407700
43.006500
43.168900
43.861200
45.085000
45.098600
46.665300
47.134500
47.184400
47.204100
47.532100
47.542900
47.552400
48.787100
48.826900
49.250500
49.263800
49.276100
49.743300
49.928000
51.622300
53.097300
53.708400
54.814400
55.482600
56.385700
56.725400
57.429500
58.987700
59.002700
60.130000
60.493100
60.854900
62.255300
62.266600
62.288700
62.299700
62.604300
63.574300
63.935600
64.250000
65.424500
66.447000
66.466100
68.187600
68.226000
68.710800
68.722700
68.731500
69.884500
70.586900
70.631100
