spike times
3.147200
6.088000
6.114400
8.294300
8.313600
18.160200
18.989900
19.012800
21.033900
21.494100
21.531400
22.844200
25.672900
25.690900
26.844700
27.476800
28.986300
29.012200
30.058300
30.068400
30.077000
30.094000
30.115500
30.124700
34.410700
34.420400
34.448400
36.177300
37.913100
39.543700
40.283200
40.294300
47.309500
47.322600
47.343400
48.406300
48.432000
50.135500
50.450300
52.421900
53.752500
54.862100
54.886200
56.182700
57.074500
57.810300
61.718000
64.181800
64.202700
67.825900
68.906600
68.924800
68.948800
70.250100
70.289600
70.465000
70.880100
70.891000
72.340600
72.354100
73.739000
74.712900
78.328400
78.356900
80.401900
81.002500
81.500500
82.779000
86.283700
87.539800
