spike times
0.066000
0.346000
0.353300
0.371200
0.658700
0.670100
0.722500
0.736700
0.838200
1.550500
1.571300
1.585800
1.648900
1.887200
2.308300
2.668500
2.688900
2.701300
2.887600
3.298300
3.359200
3.397900
3.408200
3.423000
3.741000
3.764500
3.949200
4.321500
4.342700
4.591000
4.615800
5.018700
5.250700
5.319900
5.457300
5.467000
5.881000
6.202500
6.278000
6.727700
7.367100
7.391100
7.439700
7.454100
7.467500
7.486200
7.583900
7.592500
7.606700
7.802900
7.828800
7.843100
7.854700
7.973800
8.112600
8.164600
8.330700
8.498400
8.508400
8.590100
8.602900
9.220300
9.679400
9.851400
10.052800
10.200300
10.495300
10.512800
10.667600
10.686000
10.850100
11.039000
11.159800
11.180600
11.378000
11.389100
11.499200
11.510100
11.544900
11.585500
11.768100
12.333100
12.490800
12.528300
12.702000
12.749200
12.787700
12.832400
13.110800
13.265100
13.275300
13.328400
13.350900
13.443200
13.458400
13.763400
13.783000
13.819700
13.905300
14.150100
14.235400
14.800900
14.978700
15.094800
15.157800
15.277900
15.559300
15.807200
15.936600
15.946900
15.999700
16.082100
16.278800
16.454800
16.569900
16.669200
16.751200
17.261700
17.268500
17.297000
17.307700
17.324000
17.539500
17.836900
17.974500
17.997800
18.606700
18.632400
18.684200
18.693900
18.703200
18.721300
18.882500
19.129200
19.291100
19.301100
19.325500
19.474200
19.539500
19.601000
19.910000
20.100300
20.110600
20.603300
20.628600
20.640100
20.918500
21.335900
21.656400
21.698900
21.785000
21.930900
21.991300
22.232300
22.241900
22.258100
22.286200
22.348000
22.462600
22.506600
23.186000
23.269000
23.895500
24.235500
24.799800
24.890600
25.529800
25.957100
26.332600
26.342800
26.879000
27.054700
27.293300
27.313500
27.566300
27.592100
27.616900
27.633500
28.609000
28.622000
28.720100
28.889900
29.243500
29.375800
29.574900
29.636200
29.836300
29.846500
30.042800
30.048700
30.054000
30.060100
30.065000
30.069400
30.073600
30.079100
30.083900
30.088600
30.092500
30.096300
30.100100
30.104300
30.108800
30.113900
30.119300
30.126300
30.132300
30.137600
30.149000
30.159900
30.165900
30.175800
30.188800
30.234900
30.265700
30.270900
30.277000
30.283600
30.293800
30.305400
30.312600
30.320900
30.330200
30.351500
30.384400
30.391500
30.405800
30.464600
30.469900
30.476700
30.483100
30.494200
30.512700
30.531700
30.550700
30.568400
30.575400
30.582500
30.632800
30.647100
30.685800
30.711600
30.731100
30.761200
30.815200
30.848600
30.857500
30.958100
30.973000
30.982000
31.028200
31.075800
31.085700
31.096800
31.153400
31.211700
31.225700
31.241300
31.252100
31.264300
31.351300
31.361500
31.397200
31.477700
31.537200
31.546300
31.557400
31.565600
31.682700
31.701100
31.748300
31.764200
31.781300
31.808100
31.821100
31.828300
31.838000
31.919300
31.995400
32.017300
32.024100
32.053300
32.129600
32.141900
32.278100
32.314300
32.335100
32.343600
32.357600
32.420700
32.477900
32.489400
32.501500
32.594200
32.667800
32.706700
32.715000
32.814700
32.836100
32.899500
32.925800
32.969200
32.985300
33.059400
33.207000
33.247900
33.276200
33.286700
33.324400
33.402100
33.471200
33.500000
33.517600
33.540500
33.801300
33.875700
33.897500
33.915000
33.930000
33.975200
34.083500
34.171500
34.230600
34.241200
34.272400
34.332500
34.347000
34.387500
34.445300
34.521800
34.643200
34.703200
34.799400
34.808300
34.819000
34.924200
35.750600
36.516600
36.595000
36.792400
36.932100
37.102100
37.114300
38.057600
38.509400
38.533100
38.553700
39.077900
39.329800
39.486200
39.661100
39.798400
39.828800
39.862600
39.874300
39.887200
40.081400
40.210600
40.665700
40.675600
40.931700
41.014500
41.704300
41.715200
41.724300
41.733200
41.830200
41.849800
42.216500
42.231500
42.247300
42.511900
42.527600
42.715100
42.991600
43.248900
43.256300
43.269000
43.342200
43.545300
43.774700
43.782800
43.918500
44.172400
44.197400
44.305000
44.313500
44.326300
44.351800
44.598400
44.626000
44.726900
44.793500
44.805100
44.980500
45.082000
45.105000
45.112600
45.126000
45.210800
45.220000
45.423000
45.439200
45.455400
45.488800
45.909500
45.918000
46.024800
46.037100
46.221800
46.812100
46.822900
46.917400
47.101700
47.373100
47.607400
47.622600
47.636000
47.811400
47.820400
48.088500
48.280200
48.290200
48.447200
48.547900
48.640800
49.558600
49.613600
49.935100
50.060300
50.070400
50.082700
50.119600
50.128900
50.387000
50.486900
50.763700
51.071000
51.102900
51.402600
52.304900
52.330900
52.361700
52.438700
52.447700
52.467700
52.482600
52.871700
52.945000
53.175400
53.250200
53.438800
53.467700
53.688300
53.725300
53.735300
53.888100
54.309200
54.320400
54.614800
54.773800
54.867700
54.952200
55.048000
55.242300
55.257300
55.518600
55.529700
56.571700
56.588100
56.612000
57.247500
57.338300
57.605600
57.969900
58.046800
58.066800
58.077000
58.201500
58.226800
58.620200
58.743100
58.932000
59.198000
59.482100
60.180800
60.471900
60.488600
60.613300
60.624300
60.636300
60.649300
60.844000
60.926800
61.101800
61.499900
61.660000
61.849600
61.864900
62.072300
62.171600
62.238400
62.250100
62.333200
62.345100
62.636600
62.657400
62.797900
62.814500
63.126300
63.335600
63.398400
63.656800
63.828900
63.843600
64.150300
64.179300
64.208700
64.347700
64.370400
65.046100
65.132500
65.143500
65.197800
65.218500
65.591100
65.643600
65.862300
65.972900
66.472800
66.592000
66.771000
66.784200
66.967900
67.094800
67.248700
67.370100
67.388300
67.570200
67.754100
67.773100
67.789300
68.346200
68.498600
68.517900
68.541600
68.740800
69.075000
69.084300
69.098100
69.112300
69.121100
69.128500
69.137700
69.145100
69.231200
69.546000
69.663100
69.671600
69.718100
69.728700
69.742300
69.808900
70.316400
70.330000
70.395900
70.665000
70.688100
70.817900
71.073400
71.137900
71.466600
71.481900
72.212100
72.276600
72.551500
72.621500
72.648000
72.772800
72.876400
72.888800
72.903600
73.153300
73.164900
73.174700
73.185300
73.201200
73.235900
73.630500
74.069100
74.364300
74.424200
74.438500
74.467800
74.494800
74.598800
74.695100
74.757400
74.776200
74.849900
75.072800
75.322900
75.337700
75.383000
75.572000
75.603600
75.685600
76.195800
76.212700
76.279100
76.342100
76.353000
76.436200
76.640700
76.652600
76.703400
76.858800
77.299400
77.311100
77.565600
77.812000
77.854300
77.939500
77.979100
78.342800
79.217900
79.227900
79.478800
79.562200
79.588000
79.806200
79.840600
79.916200
79.962000
80.191300
80.200200
80.842900
80.867900
81.176100
81.215800
81.261200
81.276200
81.295600
81.334500
81.347600
81.365200
81.385100
81.572700
81.780500
82.043700
82.168700
82.214000
82.231100
82.416300
82.431600
82.443800
82.622800
82.631000
82.705600
83.405600
83.478800
83.485600
83.498900
83.546800
83.751900
83.950600
83.999400
84.014000
84.143800
84.174500
84.183900
84.473500
84.481300
84.491800
84.733100
84.802200
84.823600
85.157500
85.440100
85.489000
85.503300
85.911300
85.935900
85.948400
85.962100
85.974700
86.198400
86.793100
86.806400
86.818800
86.845700
86.855500
86.873800
86.947500
86.963000
87.072100
87.084900
87.328900
87.481900
87.844900
87.889900
88.432800
88.465300
88.621600
88.716200
88.732300
88.743500
88.752100
88.885000
88.918700
89.014600
89.143800
89.171900
89.215500
89.226700
89.698100
89.802300
89.816300
89.829400
89.849400
90.571600
90.592300
90.642800
90.796100
90.819900
90.997300
91.442800
91.461400
91.471600
91.479100
91.849700
91.914600
91.922700
92.205600
92.212400
92.219000
92.375700
92.788100
92.859500
92.882700
93.000800
93.029300
93.526800
93.819700
93.996800
94.018700
94.231200
94.540900
94.561500
94.647700
94.657800
94.665300
94.868800
95.005000
95.039700
95.082200
95.362000
95.610900
95.621400
95.633700
96.126900
96.561000
97.381200
97.416800
97.596100
97.790800
98.100200
98.140600
98.486300
98.497300
98.517500
99.049800
99.333900
99.704400
99.762800
100.527300
100.884100
101.448900
101.475000
101.552500
101.788700
101.831700
101.856100
101.866500
102.047800
102.240100
102.257900
102.340500
102.860500
102.883100
103.057000
103.070000
103.095100
103.360100
103.666800
103.991700
104.772900
104.932700
105.108000
106.237500
106.384800
106.886200
107.306500
107.317800
107.390000
107.708900
107.772600
107.786000
107.868000
108.141700
108.423700
108.434300
108.558600
108.569000
108.683300
108.785900
108.883200
109.056700
109.539900
109.558900
109.698900
109.923600
109.938800
109.950200
110.123600
110.679800
110.774700
110.811900
110.909400
110.933200
110.975500
111.303300
111.649600
111.744600
111.773400
111.930100
112.097300
112.199000
112.300800
112.324300
112.337600
112.631000
112.875000
113.328800
113.341700
113.480300
113.883900
114.144600
114.747000
114.766200
114.780600
114.873000
114.886500
115.200400
115.393500
115.421600
115.616700
115.633600
115.646400
115.781200
115.810400
115.835800
115.847500
115.965800
116.309300
116.339300
116.459900
116.883500
117.202000
117.452100
117.525600
117.639400
117.655000
118.121100
118.630800
118.657700
118.699600
118.814300
119.034800
119.074200
119.275100
119.315700
119.609000
119.627800
119.657500
119.757000
