spike times
0.808300
0.896300
0.909200
0.980400
0.991300
1.191300
1.624900
1.662000
1.685100
1.692700
1.828400
2.014500
2.021400
2.027700
2.043000
2.179900
2.403700
2.409900
2.532100
2.766500
2.788400
2.852800
2.860300
2.865800
3.286600
3.291300
3.297400
3.303900
3.309200
3.500400
3.509700
3.518000
3.656100
3.832400
3.849600
3.864400
4.247700
4.258100
4.587100
4.748000
5.137100
5.256900
5.266200
5.475300
5.492400
5.616700
5.626600
5.801600
5.832800
5.855200
6.235700
6.356800
6.412200
6.699200
6.773800
6.869300
6.978300
6.989300
7.148200
7.236400
7.246300
7.336500
7.662800
7.682700
7.691400
7.714400
7.867100
7.877600
8.022500
8.039300
8.110100
8.117400
8.152400
8.163500
8.335600
8.343300
8.560000
8.692200
8.698200
8.738600
8.744600
8.755300
8.798500
8.806400
9.049700
9.176600
9.206200
9.223600
9.232000
9.679900
9.688400
9.818100
9.830900
9.958500
10.210100
10.215900
10.403800
10.414200
10.422000
10.511700
10.656700
10.885500
10.944000
10.952700
11.393000
11.756000
12.027300
12.161000
12.258500
12.266400
12.274700
12.287600
12.338500
12.472100
12.482300
12.574200
12.889900
12.953600
12.967200
12.976600
12.998200
13.161400
13.230300
13.573100
13.581900
13.677400
13.835400
13.881000
13.897700
14.011400
14.021700
14.304800
14.328100
14.598000
14.821700
14.859000
15.296600
15.310000
15.354200
15.376000
15.383200
15.414200
15.424000
15.667700
16.008500
16.029500
16.039300
16.301800
16.423900
16.440700
16.557900
16.564500
16.575600
16.601300
16.672800
16.689000
17.101300
17.108700
17.792600
18.126700
18.144600
18.157300
18.167300
18.176100
18.256800
18.419800
18.468500
18.767800
18.865100
18.968400
19.089500
19.454300
19.707300
19.715300
19.746900
19.761000
19.865000
19.879200
20.256200
20.265200
20.272200
20.366300
20.371400
20.379900
20.394700
20.412600
20.424300
20.791400
20.797500
20.807500
20.938200
21.202000
21.359700
21.433400
21.444000
21.486100
21.565900
22.006400
22.018000
22.139400
22.156000
22.388000
22.948500
22.994700
23.009100
23.015800
23.316500
23.336000
23.344400
23.359800
23.365600
23.591800
23.753400
23.764200
23.929000
23.935400
24.054700
24.063800
24.079100
24.484100
24.585400
24.601400
24.610000
24.759300
24.910300
25.176400
25.183600
25.300800
25.458700
25.488100
25.819200
25.842200
25.851200
25.858300
25.894400
25.901200
25.917300
25.945400
25.974800
25.981100
26.306500
26.317900
26.328000
26.335700
26.406500
26.416400
26.425800
26.695100
26.803500
27.608900
27.617700
27.630100
27.667700
27.804900
27.814900
28.062400
28.372700
28.392800
28.500700
28.583800
28.658600
28.727300
28.768000
28.785200
28.791400
29.291500
29.402900
29.427700
29.434400
29.825800
29.864000
29.982800
30.020600
30.022500
30.037000
30.041200
30.045100
30.048800
30.052400
30.056600
30.060100
30.063600
30.067000
30.070600
30.074300
30.078200
30.082000
30.086100
30.090500
30.095300
30.104000
30.108500
30.117700
30.122300
30.126900
30.131600
30.136700
30.141600
30.146300
30.151400
30.156100
30.161300
30.166200
30.170700
30.176000
30.181200
30.186600
30.191600
30.196000
30.201400
30.207000
30.212500
30.218500
30.224100
30.229400
30.235400
30.241300
30.247700
30.254300
30.259600
30.264700
30.270300
30.275300
30.281300
30.287600
30.293700
30.299900
30.305600
30.310800
30.317600
30.324300
30.330900
30.336300
30.342600
30.350600
30.357200
30.362700
30.368700
30.376900
30.385300
30.391700
30.398700
30.404600
30.411700
30.421300
30.427400
30.435900
30.442600
30.450800
30.458600
30.465500
30.473300
30.480600
30.487200
30.494200
30.501400
30.507000
30.514600
30.522200
30.531900
30.536200
30.539900
30.548600
30.556200
30.571100
30.579500
30.587500
30.596400
30.603900
30.613200
30.621800
30.629500
30.640500
30.649700
30.657300
30.663900
30.672900
30.681400
30.688800
30.700600
30.709100
30.715400
30.724400
30.735300
30.745900
30.760000
30.769500
30.779100
30.788000
30.799900
30.806400
30.814400
30.823700
30.831000
30.857500
30.866700
30.876700
30.890100
30.901500
30.914800
30.930300
30.940900
30.951900
30.961300
30.971500
30.982500
30.989400
30.999100
31.009000
31.022900
31.027100
31.169000
31.234500
31.271600
31.394200
31.486300
31.496600
31.503400
31.539300
31.723200
31.817700
32.089100
32.114400
32.173900
32.215300
32.258300
32.360300
32.371200
32.605600
32.632000
32.665900
32.931800
32.970000
33.045700
33.060800
33.609800
33.636600
33.646600
33.663300
34.039600
34.068800
34.366800
34.375500
34.646800
34.655000
34.733400
34.748500
35.167400
35.387700
35.400000
35.568600
35.609900
35.628600
35.637100
35.654700
35.974700
35.987000
35.995400
36.017600
36.160000
36.284100
36.345400
36.448500
36.587700
36.600300
36.719400
36.872900
36.937600
37.156100
37.183600
37.302100
37.320200
37.362600
37.372000
37.378700
37.478600
37.484600
37.490800
37.624100
37.795200
38.087600
38.225100
38.248200
38.339400
38.694200
38.804900
38.827100
39.174300
39.337700
39.367900
39.375500
39.384300
39.391200
39.402000
39.661000
39.670000
39.692400
39.709000
39.843100
39.961000
39.977300
39.996800
40.015300
40.209900
40.267900
40.403400
40.475800
40.750400
40.768500
40.995400
41.058800
41.095200
41.196200
41.246400
41.431100
41.701900
41.811200
41.842900
41.903500
41.911900
42.099800
42.308100
42.327600
42.641400
42.650300
42.974100
43.188900
43.223900
43.232100
43.252000
43.262000
43.298000
43.307300
43.316200
43.379400
43.906900
44.111100
44.213000
44.222000
44.298000
44.336000
44.541900
44.890200
44.905800
45.133500
45.245200
45.332900
45.472500
45.640300
46.119500
46.168400
46.488000
46.525800
46.731500
46.775200
46.895800
46.927500
46.937700
47.048000
47.211400
47.260900
47.270800
47.536300
47.546400
47.643000
47.654200
47.664300
47.671100
48.125600
48.214600
48.295800
48.306800
48.356300
48.716400
48.726500
48.941400
48.953600
48.963800
49.053200
49.386000
49.691500
50.002100
50.009200
50.146700
50.165000
50.171400
50.182900
50.255700
50.262600
50.271900
50.285500
50.452000
50.457000
50.463100
50.688800
50.697600
50.768600
50.799900
50.807900
50.944200
50.960700
50.984400
51.225800
51.308100
51.318400
51.398600
51.520700
51.566000
51.598300
51.786700
51.805700
52.145900
52.157800
52.194300
52.211600
52.520800
52.625000
52.632300
52.640600
52.693400
52.699400
52.708300
52.796000
53.309300
53.371800
53.487300
53.601800
53.610000
53.639200
53.709100
53.727700
53.965700
54.148100
54.241800
54.366200
54.559300
54.566300
54.632600
54.640600
54.834400
55.095900
55.198900
55.416100
55.484300
55.605600
55.767000
55.773400
55.931000
56.119000
56.129100
56.171700
56.666200
56.808200
56.921600
56.930700
56.952500
57.214800
57.222800
57.310900
57.438400
57.525400
57.534600
57.551500
57.597700
57.741700
57.748600
57.766000
57.793100
57.872200
57.956100
58.565000
58.576300
58.870600
58.876600
59.214200
59.624600
59.780100
59.945700
60.079200
60.121700
60.213700
60.401200
60.538800
60.650600
60.708500
60.867200
60.902100
60.905400
60.991100
61.001900
61.066200
61.241800
61.255300
61.274400
61.306400
61.545100
61.564100
61.573000
61.597500
61.607200
61.642200
61.673600
61.837200
61.901200
61.914000
61.930500
62.222900
62.546700
62.596800
62.612100
62.619900
62.655800
62.663600
63.039400
63.225700
63.236200
63.246700
63.328900
63.361500
63.372900
63.419900
63.428400
63.453000
63.664700
63.680300
63.812200
63.822100
64.032400
64.267100
64.280700
64.285900
64.295100
64.420900
64.661200
64.680200
64.814400
65.090800
65.102600
65.116100
65.123700
65.362900
65.373000
65.616000
65.626900
65.662500
65.669500
65.676000
65.688900
65.750000
65.960300
65.968400
66.257700
66.392800
66.504300
66.574700
66.583300
66.841000
67.029700
67.042800
67.054600
67.063000
67.071900
67.172800
67.395900
67.428400
67.453500
67.466800
67.864800
67.900700
68.256500
68.293900
68.373800
68.409800
68.641800
68.832000
68.863700
69.143900
69.547000
69.554000
69.573700
69.582600
69.712400
69.779200
69.785900
69.891900
69.901100
69.925400
70.678700
70.840300
70.910500
70.918300
71.013900
71.235700
71.250200
71.366700
71.376900
71.383900
71.391600
71.649500
71.724000
71.808300
71.817200
72.265400
72.414700
72.534000
72.626500
72.982100
73.105000
73.116700
73.198400
73.263500
73.271300
73.286900
73.520300
73.660500
73.672300
73.953000
73.977700
74.007400
74.016600
74.021900
74.031900
74.344600
74.473000
74.658900
74.743600
74.752500
74.762600
74.775700
74.804500
74.816700
74.856400
75.115000
75.243900
75.300400
75.346300
75.491900
75.504000
75.679800
75.797900
75.827100
75.956400
75.962400
75.971100
76.235700
76.341800
76.349200
76.488900
76.577400
76.583500
76.591900
76.602700
76.886100
76.934100
76.946900
77.108100
77.258400
77.274300
77.483000
77.489700
77.630400
78.105500
78.137600
78.198900
78.272400
78.595600
78.665100
78.675200
78.887000
79.220700
79.364600
79.373900
79.381900
79.418500
79.424200
79.430300
79.709800
79.749300
79.910700
79.922300
79.999500
80.030100
80.713400
80.793500
80.942600
80.951000
81.044800
81.054400
81.073700
81.080400
81.297600
81.489600
81.495100
81.501300
81.571800
81.585700
81.659100
81.845100
81.916400
81.924200
81.933200
81.943000
82.102500
82.109000
82.304200
82.316900
82.553200
82.564100
82.631100
82.924000
82.929000
82.941800
83.267100
83.277800
83.391400
83.529800
83.550100
83.664400
83.786500
83.929000
83.999000
84.041900
84.052500
84.196200
84.302200
84.332800
84.349400
84.435300
84.612700
84.622600
84.628600
84.686800
84.863800
84.945500
85.082300
85.411800
85.422300
85.432500
85.444500
85.464400
85.472000
85.482500
85.718600
85.878700
85.884000
85.896800
85.938600
86.345600
86.360000
86.403500
86.563500
86.573300
86.582200
86.894000
87.613800
87.619800
87.689100
87.794100
87.807200
87.909700
87.931800
87.972200
88.073500
88.179700
88.192800
88.339100
88.370800
88.604500
88.813200
89.205100
89.211700
89.222200
89.255200
89.348900
89.355500
89.896000
89.969600
89.975600
89.986300
89.995900
90.006700
90.013600
90.164400
90.173700
90.186000
90.208600
90.527900
90.745100
90.751200
90.780400
90.934800
91.013400
91.056900
91.247700
91.254300
91.262300
91.281700
91.308300
91.409300
91.433400
91.552500
91.566800
91.587700
91.796600
91.808100
91.900100
91.909800
91.938100
92.055400
92.314300
92.331600
92.421900
92.864400
92.941400
92.947800
93.029700
93.035900
93.302800
93.368400
93.376800
93.388800
93.399200
93.406600
93.420800
93.606000
93.618400
93.629000
93.670500
94.482800
94.489500
94.535800
94.559700
94.571800
94.727600
94.953700
94.967800
95.013500
95.020800
95.037700
95.046700
95.312500
95.768500
95.963500
95.969800
95.977700
96.027500
96.037100
96.164600
96.178500
96.183800
96.191200
96.354400
96.467300
96.475300
96.689300
96.747300
96.929000
96.946600
97.174700
97.420400
97.438800
97.447900
97.528600
97.539800
97.546100
97.614400
97.959800
98.085200
98.099600
98.351900
98.524300
98.556300
98.583000
98.592400
98.680600
98.711100
98.860700
98.868500
99.043400
99.072700
99.353900
99.362400
99.444600
99.453300
99.753000
99.817700
99.825800
99.851200
99.919400
99.931300
99.945600
99.954800
100.294900
100.304700
100.310900
100.328100
100.336500
100.452800
100.493400
100.512400
100.888600
100.901300
100.914800
100.981200
101.159300
101.176300
101.225000
101.319400
101.507200
101.696200
101.711400
101.718800
101.731500
101.890600
102.404100
102.521700
102.532300
102.548900
102.570900
102.576500
102.659900
102.891300
102.917600
103.146100
103.471900
103.477600
103.564000
104.113700
104.203200
104.223300
104.673000
104.743500
104.895300
104.907700
105.029100
105.048800
105.055800
105.064200
105.071500
105.168700
105.245700
105.554000
105.800700
105.832900
105.853800
105.863100
106.006900
106.026600
106.151500
106.178500
106.362100
106.368100
106.386100
106.715800
106.764300
106.835400
106.846000
106.858000
106.978500
106.987700
107.028600
107.210200
107.219100
107.616100
107.860100
108.054300
108.071500
108.240700
108.457300
108.473400
108.482000
108.654700
108.733200
108.816100
108.826300
108.935000
108.967100
108.985900
109.146100
109.369900
109.591400
109.633100
109.700500
109.956100
109.962100
109.976900
109.984000
110.007300
110.260700
110.403900
110.414400
110.552400
110.755600
110.895900
110.981100
111.006300
111.154200
111.318600
111.325900
111.584200
111.594300
111.664700
111.700200
111.726400
111.920100
112.021300
112.164300
112.444100
112.674900
112.717000
112.775800
112.788800
112.804600
112.844200
112.913300
112.952400
113.289800
113.317100
113.324200
113.331400
113.405900
113.412700
113.866900
113.998000
114.041300
114.056600
114.124500
114.485900
114.515000
114.745200
114.750100
114.927000
114.995100
115.022600
115.029300
115.086000
115.128100
115.177800
115.396800
115.478600
115.485400
115.493300
115.513000
115.758400
115.765400
115.848700
115.858200
115.866500
115.886000
115.991500
115.997100
116.011000
116.100900
116.156700
116.399700
116.437200
116.732500
116.748800
116.766200
116.882800
116.898300
116.907000
117.066300
117.120500
117.230800
117.439400
117.450000
117.772900
117.992100
118.213000
118.270200
118.279300
118.305800
118.585900
118.594200
118.740800
118.753800
118.760800
118.770500
118.870900
119.106800
119.114100
119.476800
119.603500
119.661200
119.677100
