spike times
0.253200
0.428000
1.394900
2.033100
2.332100
2.838700
2.859300
2.920700
3.022900
3.362100
3.847900
5.017900
5.032700
5.745600
5.758700
5.787300
6.183600
6.202100
6.945800
8.237000
9.148900
9.818100
10.459100
11.268600
12.886200
13.351500
13.541000
13.703700
13.721600
13.745500
14.211900
15.641600
16.827200
16.849900
16.861800
17.680600
17.695600
17.732300
19.407100
19.574600
19.644400
20.229300
20.757100
22.183500
25.523700
25.843500
26.845200
26.863300
28.731100
30.042800
30.047600
30.052700
30.057600
30.062000
30.066000
30.070100
30.073900
30.078100
30.082400
30.086600
30.091600
30.096500
30.101800
30.107600
30.114200
30.119400
30.125100
30.131000
30.136300
30.142600
30.150500
30.161900
30.168500
30.177200
30.185600
30.197300
30.214600
30.222600
30.241800
30.253000
31.007300
31.193000
31.538400
31.549100
31.580900
33.021000
34.641700
34.658900
34.678600
36.214900
36.232600
36.715700
36.736700
36.751800
39.187800
39.199900
41.245600
41.874200
41.890300
41.911700
42.709700
44.293400
44.322400
45.284700
45.942000
46.342800
47.901000
48.104500
48.813400
49.199000
49.530300
49.553600
49.871500
51.917300
53.569100
55.321400
56.298000
57.072300
57.271500
57.296100
57.635900
57.927200
58.139400
58.155300
58.630400
58.643600
58.918400
59.140100
59.171600
59.252400
59.857000
59.875200
60.206700
60.424800
60.455300
60.475300
61.346700
61.361900
61.799300
61.819400
63.014200
63.771800
63.797100
63.888400
64.297700
64.627000
64.642500
64.711500
64.733400
64.917100
65.126300
65.337700
65.397400
65.872000
66.176800
66.502400
66.693700
66.820900
67.470600
67.647500
67.667000
68.855600
69.089700
69.104500
69.117700
69.649500
69.920300
70.315400
70.331900
71.517400
71.547300
72.200300
73.249600
73.462200
73.985500
74.000500
74.023200
74.037600
74.588300
75.287700
75.484200
75.897600
75.910100
75.926500
77.082600
77.540800
77.552500
77.571400
77.599000
78.793400
78.837900
79.288400
79.665000
79.683500
80.086500
80.258700
80.807300
81.779800
82.229000
82.995300
83.027600
83.235100
83.278000
83.343500
83.490600
84.352400
84.367400
84.907600
85.678300
85.943000
85.966300
86.342500
86.811700
87.105800
87.337500
87.822800
88.145600
88.318900
88.670800
88.680500
88.842400
89.794400
90.940900
90.963200
90.977600
91.219600
91.236700
91.252400
91.504100
91.522200
91.682900
92.755000
92.765000
92.779200
93.158700
93.831300
93.855500
93.945500
93.962100
93.976000
94.338800
94.754100
96.382200
96.656200
96.685900
97.362200
98.233500
98.250500
98.898400
99.754800
99.772300
100.400500
101.983600
107.326700
107.339900
107.350200
107.358600
108.059100
108.639100
110.142500
110.343800
110.845200
112.088600
112.101800
112.140800
112.168600
112.348600
114.143700
114.431300
114.446000
114.465300
115.422400
115.742200
116.138400
116.535100
116.886400
117.028300
117.066000
117.304300
117.704000
118.444400
119.071500
119.088200
119.265400
119.819000
119.840800
