spike times
0.125700
1.284000
4.266300
4.281600
5.392500
5.405100
6.525400
8.931100
9.443100
9.795500
10.549000
13.846800
13.883800
20.411700
23.954800
24.023200
26.352900
26.836400
27.387200
29.656100
30.035800
30.040200
30.044300
30.048000
30.051700
30.055800
30.059800
30.064100
30.068200
30.072200
30.076300
30.081200
30.086000
30.091400
30.096900
30.102200
30.110000
30.116800
30.124900
30.132000
30.142700
30.151000
30.160100
30.170300
30.177300
30.186200
30.195500
30.210400
30.220300
30.229500
30.239500
30.247900
30.259200
30.280500
30.293700
30.312300
30.330400
30.341700
30.381300
30.392700
30.403100
30.410200
30.433200
30.456000
30.499600
30.505100
30.513500
30.539300
30.548700
30.591300
30.663700
30.672000
30.683500
30.710700
30.731800
30.762700
30.774200
30.805300
30.821000
30.874000
30.889400
30.963700
30.970100
31.003600
31.012900
31.048100
31.059700
31.106400
31.125400
31.145400
31.157100
31.172000
31.227500
31.238100
31.257900
31.270200
31.322100
31.365800
31.373500
31.414000
31.423200
31.433800
31.510700
31.529100
31.539500
31.556900
31.596300
31.640000
31.675000
31.698900
31.710900
31.757700
31.768300
31.824700
31.877700
31.887100
31.903400
31.919900
31.952200
31.968400
31.981000
32.006300
32.075800
32.084600
32.100200
32.114000
32.197600
32.225000
32.234200
32.291600
32.308700
32.327800
32.420200
32.427500
32.437200
32.493400
32.522600
32.566500
32.596100
32.611400
32.725100
32.737300
32.748100
32.779900
32.825800
32.842700
32.870000
32.913100
32.927600
33.003600
33.080400
33.129800
33.156500
33.228900
33.242800
33.257600
33.322900
33.357800
33.374800
33.402000
33.483400
33.514000
33.539600
33.573400
33.656000
33.666600
33.692500
33.703000
33.713900
33.805500
33.842000
33.903300
33.920000
33.937300
34.043200
34.106300
34.125700
34.136200
34.175300
34.187500
34.219800
34.250100
34.274100
34.350400
34.386300
34.495500
34.538000
34.549400
34.568700
34.580500
34.601700
34.616800
34.669800
34.719800
34.731400
34.783500
34.835800
34.860800
34.936900
34.959600
35.028400
35.464000
35.888500
36.291500
36.770300
36.788500
36.799900
36.818000
36.827700
37.121000
37.127400
37.138200
37.295300
38.035600
38.342000
38.922900
38.959200
38.982400
39.325900
39.519000
39.540500
40.051500
40.079000
40.703700
40.832900
40.850700
41.361400
42.392500
42.857500
42.874400
42.975900
43.478700
43.769100
44.483300
44.498900
45.047900
45.540400
46.099000
46.116700
46.676500
47.687200
47.698100
48.616800
49.074000
49.164000
49.197300
49.554400
49.606500
49.631700
50.580800
50.928000
51.431000
51.464200
52.155600
53.099800
53.125000
53.361100
53.647200
54.563400
54.573900
54.984000
55.504400
55.885600
56.087900
56.109300
56.129200
56.652000
56.859300
57.092100
57.515700
59.493100
60.113400
60.451600
60.474100
60.879500
61.097000
61.116600
62.462400
62.838200
62.923100
63.173900
63.492200
64.456500
64.907600
65.696600
66.138900
66.860000
66.871500
66.887100
67.165600
67.369400
67.711700
67.851300
68.978300
69.652600
69.659400
69.675400
69.698300
70.376900
70.865200
70.882300
72.684900
72.697500
73.423200
73.660600
73.674600
74.585800
75.157000
75.733300
75.773900
75.909100
76.486400
76.959200
77.891100
78.179700
78.192200
78.210100
78.223600
78.601800
78.951800
79.840600
80.384300
80.400200
80.408600
80.435300
80.447200
81.222700
81.544000
82.075000
83.150700
83.270800
83.620500
83.661000
83.685700
85.519000
86.252700
87.142300
87.577400
89.217500
89.802500
89.819400
90.959400
91.463900
93.443900
94.181700
94.342500
94.737800
95.363600
95.380600
95.683700
95.699100
95.854500
95.950900
96.023600
96.261800
97.160000
97.916900
98.194200
98.204300
98.662400
98.675000
98.911700
99.510700
99.543200
99.706800
99.713700
99.723000
99.734100
100.844800
101.689100
101.711500
101.970900
101.992900
102.014700
102.806700
103.151400
103.530500
103.764900
104.160900
104.203400
104.954300
104.971400
104.988600
105.556500
105.564700
105.579200
106.132800
106.515800
106.548400
106.560600
107.150600
107.166200
107.177000
107.198600
107.422900
107.447600
108.863800
108.884400
109.113400
110.457300
110.466800
110.475700
110.691800
111.020800
111.669800
114.075000
114.619000
114.634600
114.647700
114.682700
114.702800
114.718500
114.805100
115.702700
116.679700
117.344000
117.490500
117.516000
118.287100
118.885500
118.949300
119.563300
119.840200
