spike times
0.003000
0.231700
0.618600
0.629600
0.910800
1.018800
1.133100
1.148800
1.205200
1.333800
1.349400
1.827000
2.220900
2.232500
2.332400
3.388000
3.463800
3.475800
3.521400
3.536600
3.723100
4.000700
4.319600
4.746000
4.770100
4.789500
4.802400
4.944900
5.656300
5.675700
5.695300
6.087100
6.618700
6.677100
6.857900
6.921300
7.300700
7.329600
7.549500
8.182100
8.349900
9.045700
9.058500
9.072200
9.449500
9.468300
10.140100
10.491100
10.626000
11.177700
11.322200
11.419200
11.485800
11.645200
11.883100
11.933200
12.279600
13.319200
13.416400
13.950900
14.249500
14.342200
14.941900
15.171600
15.489700
15.526600
15.555800
15.862100
15.976900
16.321200
16.337900
16.376600
16.445500
16.459300
16.474500
16.588700
16.607000
16.855900
17.488300
17.509400
17.525300
17.979400
18.001900
18.149900
18.266800
18.295200
18.882900
18.894100
18.933100
19.756200
20.666900
21.074700
21.165100
21.176200
21.214000
21.326900
21.545900
22.764800
23.130200
23.258100
23.296500
23.307100
23.483900
23.761400
23.780700
23.801300
23.818200
23.828200
24.212300
25.250100
25.265300
25.277400
25.298400
25.312800
25.997400
26.406200
26.788400
27.007200
27.227300
27.425200
27.437300
27.462400
27.482900
27.631200
27.794900
28.235000
28.248900
28.279000
28.566800
28.823600
28.942700
30.053300
30.063200
30.077300
30.087600
30.097700
30.120500
30.970000
30.977800
30.988200
30.997700
31.010900
31.023700
31.136300
31.260500
31.785000
32.039200
32.048400
32.304700
32.334500
32.349700
32.653100
32.945700
33.000100
33.252500
33.266600
33.281100
33.773200
33.958600
34.090000
34.098600
34.117900
34.340200
34.351600
34.609000
36.071300
36.799900
36.812700
36.835600
37.062300
37.459200
37.483400
37.687100
37.701400
37.929400
37.948300
37.974000
39.312800
39.988300
40.686500
41.099300
41.258300
41.353200
41.405600
42.311900
42.340800
42.650200
42.684600
42.950000
43.228100
43.237700
45.325400
45.343200
46.092500
46.106400
46.136800
46.429700
46.956200
48.167200
48.820000
49.000000
49.628900
49.646800
49.911800
49.927400
49.942300
50.032300
50.421800
50.434800
50.468600
50.569000
50.861400
51.253800
52.780700
53.267600
53.629700
54.020800
54.076400
54.606100
54.639300
54.973800
55.007300
55.143500
55.608700
55.619600
55.669000
55.681100
55.747300
55.937700
56.510200
56.522700
57.213900
57.236700
57.505700
57.518700
57.839400
58.409600
58.751400
58.778700
58.989200
59.178200
59.473900
59.481500
59.509700
59.576600
59.750500
60.411800
60.431800
60.975800
61.170400
61.184400
61.194600
61.217400
61.229900
61.470200
61.972100
62.373800
62.388400
62.397800
62.412400
62.616500
62.957700
62.973400
62.982800
62.995800
63.328000
63.348000
63.360600
63.762300
64.338900
64.353100
64.542400
64.558700
64.744700
64.958000
64.971500
65.653900
65.761400
66.561100
66.671700
66.757600
67.422800
67.450700
67.545100
67.979300
68.143900
68.431300
68.441300
68.455600
68.863200
68.978400
69.163700
69.327300
69.339400
69.947500
69.957000
71.190000
71.212000
71.516000
71.524500
71.539700
71.609100
72.340800
72.709600
72.739900
72.904800
72.934700
72.953600
73.574800
73.604400
73.616300
73.744600
73.939900
73.958900
74.220500
74.244400
74.896300
75.502200
75.516100
75.545700
75.630400
75.807600
75.821100
75.972500
75.982700
76.678100
76.686400
76.933100
76.956800
76.978100
77.027600
77.307100
77.672300
77.688600
77.846200
78.591000
78.620400
78.700900
78.721200
78.742700
79.112300
79.308500
79.534200
79.974100
79.988300
80.006200
80.845900
80.867500
80.957600
81.374600
81.415900
81.435000
81.709200
81.717800
81.750000
82.015400
82.068500
83.032800
83.537500
83.551600
83.569400
83.582500
83.602400
84.388300
84.403300
84.609400
84.935500
85.169800
85.198700
85.207800
85.595300
85.619900
85.698500
85.906600
86.102700
86.374300
86.765500
87.072900
87.089200
87.379600
87.400600
87.412900
87.859200
87.876100
87.894900
88.397900
88.740300
88.786800
88.822000
88.905300
89.090300
89.432100
89.786500
89.807900
90.039600
90.173600
90.458700
90.781000
91.012600
91.374900
91.990700
92.651600
93.025400
93.044200
93.420800
94.317500
94.330100
94.369500
95.752800
95.829400
95.852000
95.867200
95.894300
96.596100
97.306700
97.318400
97.542900
97.657200
97.671000
98.305600
98.416100
98.681600
98.697900
99.252000
99.273100
100.468400
100.489400
100.591200
101.007800
101.023300
101.098900
101.123700
101.341100
101.657900
101.895000
101.961200
101.985000
102.436100
102.689100
102.740600
102.938400
102.951100
103.055800
103.196600
103.444300
103.459200
103.808300
103.818600
103.888100
103.910000
103.930700
103.966200
103.999700
104.477800
104.629500
104.986000
105.015000
105.282800
105.307700
105.357100
105.589300
105.600200
105.759300
105.793900
106.564800
106.578000
106.748800
107.088300
107.100300
107.110700
107.122400
107.134100
107.160300
107.530300
107.864000
107.898100
107.911300
108.101700
108.807800
108.855900
108.864300
108.891600
109.083400
109.363600
109.377700
109.960500
110.328200
110.363600
110.918100
111.242400
111.262700
111.367100
111.376900
111.390700
111.461600
111.497200
111.513300
111.642300
111.863200
111.932600
112.118000
112.130700
112.142100
112.325500
