spike times
10.616000
13.671900
14.817700
14.833000
21.623900
30.058400
30.065200
30.073100
30.078900
30.085300
30.091700
30.098500
30.106400
30.112500
30.121700
30.145900
30.164600
30.225900
30.242200
30.250700
30.260300
30.270100
30.342700
30.352000
30.387500
30.433900
30.449300
30.491800
30.511900
30.638000
30.652300
30.667600
30.680400
30.725800
30.735100
30.797200
30.807100
30.872900
30.906200
30.931500
30.972800
31.033300
31.040800
31.080600
31.097800
31.138800
31.217700
31.231500
31.291500
31.325900
31.344900
31.359000
31.408900
31.529200
31.552900
31.567100
31.672800
31.679900
31.686700
31.695700
31.726900
31.765700
31.776900
31.843700
31.869800
31.903600
32.064900
32.824200
33.741400
34.589600
34.618000
34.886800
34.905500
38.536000
38.639800
39.468500
40.216900
41.516800
50.546400
50.573100
63.831400
65.348400
65.371300
66.181700
67.020100
67.036200
68.652000
69.610300
72.478500
73.119000
74.217700
76.069900
78.708500
79.897700
86.375400
86.643500
87.936200
88.481200
88.495000
90.762000
90.774100
94.780800
98.422000
98.440900
107.040300
107.055000
107.378200
107.389100
109.104200
109.126100
109.805600
110.775400
113.634100
113.646700
115.455000
119.580000
