spike times
0.163100
0.180000
0.190500
0.603500
0.620300
0.922900
0.930200
1.278200
1.862700
2.296900
2.914800
3.392000
3.399000
3.421300
3.434800
3.984000
3.996600
4.008400
4.210100
4.453600
4.461900
4.617100
5.052700
5.059600
5.422400
6.102500
6.112200
6.130000
6.154100
7.126600
7.298300
7.308900
8.450300
8.624100
8.633500
8.645100
8.652100
8.660600
8.885600
9.428600
9.442100
9.607000
9.613800
10.562700
10.571500
10.595100
10.861700
10.879400
10.886800
10.900300
11.026800
11.037100
11.288900
11.785100
11.795300
11.802500
11.823600
11.840300
11.852500
12.340700
12.347000
12.355100
12.362800
12.372500
13.092300
13.104600
13.117500
13.134800
13.852400
13.860100
14.337400
14.349300
14.629100
14.871100
14.883800
15.534100
15.541300
15.548800
15.569100
17.209500
17.378100
17.386000
17.462000
18.023000
18.338600
18.343300
18.349200
18.355800
19.381200
19.763100
19.768600
20.222800
20.234600
20.246600
20.742500
20.748200
21.053700
21.071100
21.964200
21.978800
22.345300
22.358000
22.367600
23.507300
23.518200
23.999900
24.007600
24.018600
24.072800
24.082000
24.103900
24.139600
24.560200
24.573300
24.962800
24.970800
25.253800
25.259500
25.483500
26.285900
26.294800
26.303100
27.581700
27.596500
27.803300
28.229900
28.323400
28.335300
28.931000
28.943100
28.954400
29.766000
29.775000
29.784100
29.793400
30.034500
30.038900
30.042400
30.045700
30.052700
30.056200
30.060000
30.063700
30.067800
30.073500
30.078100
30.082900
30.087900
30.094400
30.099500
30.108900
30.116700
30.128800
30.173700
30.189100
30.241500
30.254900
30.339100
30.450700
30.457000
30.465400
30.626400
30.632900
30.639600
30.652100
30.980300
30.987700
30.997100
31.024500
31.034300
31.042700
31.650400
31.656900
32.214300
32.233100
32.459000
32.752000
33.093100
33.098200
33.104500
33.138200
33.170800
34.066100
34.073000
34.508000
34.514900
34.534500
34.938800
36.308100
36.315000
36.322500
36.439600
36.753500
37.104700
37.358300
38.119300
38.124800
38.132300
38.143800
38.340100
38.346300
38.353800
38.624200
38.643600
39.526300
39.534800
40.188400
40.460400
40.476700
40.707200
40.944100
40.951200
41.172500
41.177800
41.186800
42.526800
42.534200
42.736000
42.940700
42.948200
43.439300
43.445700
43.459300
43.470700
43.901000
44.571600
45.091400
45.098600
45.467800
45.603000
46.020800
46.027700
46.047200
47.054200
47.062000
47.067700
47.077900
47.089200
47.139900
47.152300
47.161600
47.440300
47.974900
47.985600
47.996300
48.012700
48.021100
48.123600
49.312400
49.319200
49.491700
49.900900
49.911000
49.925700
50.366900
50.414700
50.655400
50.661800
50.676600
50.836700
50.846500
51.808300
51.817600
51.826300
53.109400
53.116200
53.129100
53.142400
53.905500
54.240400
54.269900
54.513200
54.519700
54.870400
55.059100
55.536300
55.851300
55.861500
56.823000
56.837400
57.150000
57.158700
57.166000
57.611100
57.620900
57.632700
59.222100
59.412100
59.429200
59.523100
60.244500
60.311900
60.628500
60.638300
61.222500
61.231000
61.242800
61.269600
61.877500
61.884500
61.890000
61.896000
61.909600
62.155400
62.187100
62.198900
62.207000
62.993000
63.367100
64.101400
64.119800
64.527300
64.940800
65.112600
65.277200
66.015800
67.800900
67.806700
67.812700
68.795400
68.801600
68.809600
68.817100
68.936900
69.702500
69.708800
69.716900
69.791400
69.797800
69.819400
70.364900
70.371900
71.323100
71.362900
71.375400
71.948300
72.574900
72.774200
73.413700
73.420200
73.426100
73.433400
73.828400
74.468600
74.474900
74.786000
74.791900
74.800300
74.812700
74.822400
74.831600
75.159700
75.171000
75.301600
75.315800
75.621500
75.778100
76.165100
76.175700
76.189300
76.201400
77.296800
77.302800
77.311400
77.320200
77.654600
77.660700
77.805000
78.389300
78.402400
78.411200
79.853900
79.866900
80.848400
81.270400
81.301000
81.315600
81.328000
81.741400
82.307000
83.073000
83.082800
84.776400
