spike times
0.995300
1.012200
1.240700
1.253200
3.197500
5.437100
11.108500
11.135400
11.145500
14.919100
16.136200
16.188700
17.549000
17.558000
17.570000
17.780500
17.789300
17.803500
17.819500
19.667200
19.680800
19.731700
19.933200
23.330400
30.035300
30.038500
30.041600
30.044300
30.047000
30.049700
30.052300
30.054900
30.057600
30.060500
30.063100
30.065800
30.068500
30.071300
30.074100
30.077100
30.080100
30.083300
30.086500
30.089600
30.092900
30.096000
30.099300
30.102900
30.106700
30.110200
30.114100
30.117800
30.122100
30.126800
30.131500
30.135900
30.141500
30.146200
30.152000
30.157800
30.163400
30.196600
31.074500
31.082700
31.355400
31.368300
31.561100
31.643000
31.884200
31.894000
32.175600
32.183400
32.890200
32.900400
32.967500
32.982200
33.171100
33.180200
33.424800
33.438900
33.766400
36.660200
36.746800
36.810000
36.822900
36.925600
36.935200
37.978200
37.994500
38.015700
38.112400
38.226800
40.215600
42.034200
42.055600
42.066400
42.081600
44.430200
44.444200
44.460200
44.656500
44.687800
44.719800
44.833600
47.390400
47.410900
47.425800
50.150600
50.238000
53.674100
53.705200
53.718500
53.729900
61.336300
61.587000
61.599400
62.584400
64.981300
66.322200
66.339100
66.350600
66.361200
68.411700
68.422900
68.432900
69.573600
70.130700
73.261200
73.270800
73.307100
73.340800
77.644400
77.657200
84.803100
84.814500
84.835300
88.863700
88.942600
89.313200
89.344100
89.361500
