spike times
1.351300
1.856000
3.340200
4.583100
4.594700
4.741500
6.551000
6.565200
6.572400
6.581100
6.591300
9.616100
15.044300
15.052400
15.078600
15.921800
16.807700
16.812400
16.816900
16.829000
17.323900
17.443300
20.836500
21.006400
21.353300
22.382000
22.400400
22.414600
23.754000
26.733600
30.043800
30.048400
30.053400
30.058700
30.063100
30.067500
30.072000
30.076900
30.083100
30.089400
30.094600
30.099900
30.108900
31.228100
34.546200
36.099000
42.349500
42.364100
43.138100
46.835200
50.486900
52.468000
61.641500
65.039200
68.361600
69.893600
75.919400
76.792200
81.801800
81.822000
81.828900
81.837200
83.117300
83.151400
83.161100
83.173700
83.190500
91.652000
94.615600
97.023800
97.041400
98.652400
99.349300
100.004800
100.519800
100.539700
