spike times
0.225000
0.953900
0.970400
1.974200
2.244400
2.426900
3.475300
3.486300
4.863800
4.879200
4.892800
5.344500
5.352900
5.368500
5.578300
6.891400
6.901600
6.914000
6.966900
6.978000
7.430800
7.531200
9.233100
10.193700
10.548500
10.784300
11.172900
11.183000
11.527800
11.625200
12.395100
12.492500
12.500900
12.636300
12.864600
13.869000
13.888400
14.509300
14.523300
14.533800
14.543700
14.551700
14.951800
15.606100
15.616900
15.646800
15.710500
15.719100
15.729700
15.749000
16.107100
16.141300
16.155300
17.030600
17.363400
17.388500
18.215600
18.735100
18.748400
20.676200
20.686100
20.699700
20.731200
20.994100
21.464300
21.578400
21.815200
21.827200
22.269900
22.279500
22.308300
23.104300
23.230800
23.496500
23.631200
23.865700
23.878900
23.890200
23.926000
24.364100
24.373300
25.126300
25.138400
25.165100
25.869200
25.878600
25.891900
26.026400
26.042600
26.250800
26.625400
27.905900
27.920300
27.943500
28.305400
28.314200
28.322800
28.330300
29.339000
30.041700
30.045400
30.048600
30.051800
30.055100
30.058300
30.061700
30.065000
30.068400
30.072000
30.076200
30.080100
30.084200
30.089300
30.093900
30.099200
30.105400
30.113400
30.131800
30.150100
30.769700
31.174500
31.181000
31.187300
31.194700
31.204500
31.448500
32.012600
32.024000
32.038500
32.703500
32.715600
33.214300
33.573200
34.165300
34.187600
34.198900
34.219900
34.607200
34.758200
35.108600
35.780700
35.800100
35.870300
36.532500
37.215900
38.069800
38.081300
38.096000
38.643800
38.660500
38.760800
38.778500
40.783300
41.352300
41.362700
41.619800
41.887800
42.169600
43.077200
43.485200
43.967000
45.413900
45.921100
45.930300
45.947200
46.474000
46.487200
46.626300
48.389000
48.399700
48.540100
48.884500
48.905200
49.340100
49.350000
49.547400
49.564400
49.589700
50.615800
50.670900
50.930600
52.301800
52.318300
52.579300
52.961600
52.978700
52.990100
53.003900
53.070800
54.440800
55.432800
55.452400
55.472100
56.043700
56.077600
56.255000
56.264100
56.659500
56.671000
56.694700
57.418000
57.530200
57.549900
59.475600
59.484400
59.496000
59.511400
59.552800
59.572000
59.741900
59.752100
60.089600
60.619300
60.632600
61.095700
61.115400
62.203700
62.221000
62.228200
62.842700
62.850700
62.867200
62.889500
63.500800
63.520800
65.306100
65.323300
65.345900
65.559300
65.819900
65.842000
65.852700
66.015200
66.026200
66.759100
67.024200
67.031900
67.041800
67.245500
67.360400
67.387000
67.703900
67.723300
68.144400
68.764700
69.744400
69.774100
70.090500
70.099100
70.124500
70.138600
71.231800
72.539800
72.559600
72.786800
74.170900
74.183100
74.212400
75.193200
76.009900
76.428600
77.730000
77.919500
77.928700
78.232300
78.272400
78.282800
78.296500
78.330700
78.678400
78.689900
79.720300
79.832500
81.349700
81.794600
82.753300
82.791100
82.936800
82.944300
82.976300
82.998900
84.462700
84.469200
84.681400
84.692400
84.706000
84.724100
85.073000
85.596800
86.137700
86.144900
86.179300
86.685000
86.701700
87.598000
89.541800
89.555500
89.579400
90.620300
