spike times
0.078300
0.244100
0.503300
0.611100
0.629600
1.820000
3.856500
4.464600
4.603900
4.980700
5.002100
5.251600
5.260500
6.293700
6.731500
6.739800
7.614500
7.646000
7.667000
8.481300
8.657300
8.671500
8.812600
9.655100
9.675700
9.733400
10.032300
10.040200
10.051000
10.061300
10.072400
10.232800
10.247700
10.345900
10.356200
12.488200
13.112300
13.192900
13.205300
13.533000
13.770400
15.562200
16.385000
16.696200
17.064800
17.503200
17.916500
17.942700
18.061700
18.586600
18.599900
18.686700
18.870800
20.661700
20.671900
20.740700
21.125800
21.255400
21.321500
21.335000
21.357400
21.367400
21.573600
21.598500
21.708900
22.482400
22.489300
22.506400
22.520700
22.872100
23.075800
23.087700
23.284600
23.321300
23.639500
24.158000
24.173500
24.490600
24.937600
25.838900
26.072100
26.150900
26.185600
26.545200
26.776100
28.504600
28.520900
28.535100
28.767200
28.779500
29.012200
29.899100
30.065700
30.070700
30.075500
30.080400
30.085000
30.090100
30.095000
30.099900
30.105400
30.111400
30.117200
30.123300
30.129900
30.141900
30.148500
30.156200
30.172100
30.191100
30.202200
30.214400
30.226200
30.235000
30.250000
30.257100
30.265300
30.277200
30.286000
30.297000
30.305300
30.317600
30.357800
30.363800
30.377300
30.385400
30.393500
30.403800
30.416500
30.430900
30.452200
30.484900
30.495200
30.503600
30.513800
30.529500
30.538100
30.566700
30.585300
30.970400
31.247000
31.261300
31.275900
31.457800
31.470400
31.485000
31.878300
31.887100
32.020300
32.031900
32.152000
32.167100
32.178900
32.548000
33.241800
33.254900
33.335800
34.161400
34.172200
34.180500
34.503000
34.579700
34.589300
34.732000
35.740500
35.747800
37.192200
37.448800
37.906500
38.977200
39.142000
39.194500
39.259300
39.738600
40.036100
40.061400
40.579500
40.587400
40.598300
40.616100
40.626100
41.462300
41.668900
42.241200
43.144400
43.170100
43.189600
43.198100
43.865100
43.877200
43.887000
44.033500
44.536900
46.307600
46.372200
47.613100
47.699200
48.010000
48.030800
48.054100
49.396300
49.428500
50.184800
50.216200
50.442200
50.798300
50.813600
50.849700
51.252500
51.260600
51.274200
51.282400
51.292300
51.301300
51.490700
52.243800
52.511400
52.574100
53.427800
53.438000
53.455000
53.470000
54.227200
54.265600
55.001700
55.914300
56.256800
56.274700
56.282300
56.294200
56.501900
56.512600
56.862300
57.419600
57.947900
57.992000
58.254300
58.528900
58.540700
59.050700
59.157800
59.676300
60.475400
61.150700
61.164100
61.179000
61.322800
61.571700
61.848700
62.123400
62.564100
62.572200
62.591000
63.391500
63.402900
63.557800
63.699800
63.712700
64.021000
64.795300
65.279000
66.358900
66.383100
66.399000
67.189300
68.214600
68.440900
69.032500
69.679800
69.695300
69.710500
69.719800
69.818700
70.386400
70.444100
70.460700
71.739400
72.413200
73.014000
73.020800
73.886600
73.906100
73.924800
74.046000
74.077200
74.299800
74.447300
74.456200
74.464700
74.482600
74.495600
74.642800
74.655400
74.683500
74.843800
74.855900
74.945700
76.390800
76.408600
76.457600
76.758600
77.223800
78.058100
78.072100
78.375700
78.411100
80.772900
81.166300
81.184300
81.339000
81.450900
81.745300
81.775500
81.802100
81.811200
82.172200
83.061400
83.394400
83.909100
84.021500
84.534300
85.276500
85.576400
86.657900
86.690000
87.145700
87.332500
88.587900
88.595500
88.606000
88.622300
88.630900
88.689700
88.822700
88.838400
88.863300
89.954100
90.024200
90.036200
90.056500
90.270100
90.337400
90.344900
90.366700
90.376900
90.390900
90.398800
90.423300
91.506400
91.973800
92.183500
92.209600
92.309200
92.367800
92.806400
92.836200
92.918800
93.231500
93.565800
93.582400
93.780100
94.259600
95.392800
95.418900
96.519000
96.526600
96.832400
96.945000
97.018800
97.460800
97.499000
97.626600
98.470500
98.996000
99.686200
100.420800
100.429700
100.540500
100.779700
100.794900
100.816100
100.888800
100.982800
101.073400
101.231300
101.278400
101.848700
102.271200
102.854900
103.184700
103.383800
104.097300
104.565700
105.135800
105.176800
105.344200
105.372400
105.714600
106.175700
106.676800
106.703400
107.342300
107.373500
107.506000
107.533400
108.200300
108.822400
108.971800
109.182700
110.244000
110.262400
110.525600
110.802500
110.811200
110.818000
110.824900
110.837800
110.866200
110.879300
111.141800
111.152600
111.193000
111.794400
111.806300
111.819400
112.562700
112.585600
112.607700
113.088700
113.141400
114.163800
114.192100
114.206100
115.616100
116.692500
117.029100
117.042700
118.279000
118.539400
118.553100
118.620000
119.276700
119.990300
