spike times
2.804200
2.826600
3.090900
13.350500
13.365300
16.773200
21.139700
21.149200
30.041500
30.046300
30.050000
30.053300
30.057500
30.061300
30.065100
30.069200
30.073000
30.079400
30.084800
30.091300
30.098700
30.108200
32.330400
33.266000
33.661800
33.692300
39.561100
43.593200
43.734700
49.565700
49.577700
49.591600
55.061400
55.073900
55.098800
55.117800
56.796800
68.223700
71.295200
72.523800
72.547000
81.719400
81.732100
85.948600
86.107000
88.743000
88.754000
95.793200
97.200100
