spike times
0.464000
0.905100
0.922900
2.180600
2.531500
2.558000
2.592200
2.643300
3.200100
3.507800
3.519600
3.609500
3.709000
4.700000
5.663100
6.340700
7.172500
7.714600
8.517800
8.530500
9.340500
9.361100
9.370000
9.377700
9.392100
9.419600
9.460300
9.475800
9.593300
9.615300
9.884400
11.995600
12.470300
13.068400
13.390700
13.565900
13.577200
13.591600
13.619900
14.242000
14.253300
15.180100
15.321600
15.902600
16.110400
16.641000
16.658400
16.667400
17.199100
17.746000
20.269100
20.284800
20.957600
20.991900
22.065100
22.804700
23.445600
23.460800
24.128400
24.231900
24.242200
24.786600
24.806100
24.856200
25.118600
25.127300
25.133900
25.143300
25.157500
26.048300
26.398600
26.412500
26.862600
26.877100
26.887700
26.900400
27.120000
27.134700
27.165300
27.177800
27.600300
27.692500
27.702800
28.001100
28.626000
28.666600
28.718400
29.263000
29.276100
29.455300
30.304500
30.499000
30.516800
30.750300
30.928100
30.936100
31.922800
32.075200
32.190200
32.487000
33.451700
33.655000
34.300100
34.310800
34.326700
35.164100
35.413500
35.607600
35.677100
35.685400
35.691500
36.544200
36.571100
36.607600
36.619600
37.416800
37.620700
37.912800
37.932700
39.115200
39.215400
39.661700
39.942500
39.965000
39.972300
39.982100
40.200000
40.635100
41.151900
41.378500
42.773400
42.855900
42.901300
43.860500
44.407500
44.415400
44.478600
44.792000
45.071100
45.361700
46.430700
46.460300
47.097100
47.125400
47.756100
48.246300
48.271800
48.399300
48.472200
49.478700
49.575100
49.867500
49.888800
49.912200
50.051500
50.936100
51.853000
51.874400
51.883500
52.743700
52.754800
53.058300
53.360900
53.724400
53.733600
53.745200
53.756800
53.766700
53.776500
53.838800
53.847200
54.400200
54.867700
54.891500
55.380700
55.393500
55.405300
56.689300
58.155100
58.196400
58.492800
58.685400
59.173100
59.182600
59.923200
60.000900
60.012300
61.202600
62.368500
62.410000
62.424000
63.173100
63.193500
63.583700
63.591800
63.606200
63.625800
64.431900
64.825400
64.834900
64.844500
64.855600
65.572200
66.554200
66.763800
67.337700
67.378000
67.754800
67.767600
67.777200
67.793300
67.806000
68.481200
68.640500
68.692400
68.700000
69.192100
69.207700
69.223100
70.027300
70.239000
70.622500
71.048000
71.943200
72.021500
72.517100
72.656800
73.138500
73.157000
73.170600
73.498800
73.507500
73.514900
73.528500
74.561800
74.960800
74.968800
74.978500
75.559800
75.579600
76.203200
77.167900
77.703200
78.178200
78.354800
81.110100
82.253300
83.986200
84.103100
84.114200
85.081100
85.090400
85.116300
85.140100
85.184300
85.663300
85.710300
85.751000
86.082000
86.257900
86.565700
86.578200
86.584800
87.133300
87.146800
87.352300
87.643700
87.651100
87.665000
87.674500
88.407300
88.664500
90.135900
90.171700
90.215600
91.277000
91.290700
91.325500
91.970700
92.456700
92.943500
93.367500
93.375900
93.388600
93.394800
93.401300
93.416500
93.422400
93.815000
94.508300
94.648900
95.274200
95.675100
96.807700
97.751400
99.140300
100.544400
100.555000
100.652200
100.673800
101.612500
102.678200
103.465800
103.497400
105.070900
105.158900
105.833500
106.831600
106.844300
106.855500
106.863900
106.887300
106.956400
107.248900
107.355100
107.671300
107.679900
107.694000
107.999000
108.012200
108.498100
108.830000
108.852700
109.082500
110.532800
110.849300
111.906100
112.798600
113.208500
113.432400
113.623900
113.708400
113.723500
114.392600
114.635000
115.026600
116.890500
116.912100
117.852500
118.037100
118.422000
