spike times
0.286800
0.312300
0.569800
0.923900
2.318400
2.327100
2.341000
3.201600
3.213100
3.353300
3.447800
3.767400
4.726100
6.292200
7.348900
7.682400
7.696200
9.361700
9.370700
9.855700
9.863800
9.922300
9.930300
9.946000
10.614500
11.224400
11.231400
12.481200
12.493200
13.821400
15.035000
15.759400
15.768900
15.798700
15.812300
16.281100
16.286900
16.299200
17.989000
17.998500
18.005200
18.014500
18.036400
18.295100
18.302300
18.312000
20.062600
20.148900
21.090400
21.104400
21.136100
21.151000
21.175500
21.614200
22.746100
22.752800
22.759800
22.770300
22.782600
22.790500
22.944500
24.018000
24.025700
24.032300
24.056500
24.723300
24.730700
24.751800
25.185500
25.203200
25.907400
25.919500
26.238500
26.247500
26.256800
26.263300
26.754900
26.765100
26.773900
26.784800
27.724500
27.978300
28.131700
28.139700
28.151500
28.533300
28.552600
29.580400
29.586600
29.596700
29.607300
29.620900
30.015900
30.023800
30.037200
30.043100
30.048100
30.052000
30.055700
30.060700
30.065600
30.070700
30.075000
30.079500
30.084100
30.091500
30.099600
30.104300
30.111400
30.117000
30.122800
30.129200
30.134600
30.140300
30.147600
30.156900
30.167200
30.172400
30.178900
30.192700
30.199100
30.214900
30.221600
30.228800
31.406700
31.414100
31.424600
32.222200
32.231600
33.228800
33.240800
33.768100
33.777300
34.813300
34.820300
34.825400
34.830200
34.839900
35.689500
35.700600
35.712000
36.467600
36.475700
36.489800
36.496700
36.506000
36.612400
37.410500
37.421100
37.429700
37.932700
37.938100
37.946600
37.961500
37.974400
38.695300
38.702400
38.711300
38.718700
38.726900
38.740700
39.411900
40.481200
40.507300
40.518500
40.527500
40.707800
40.715400
40.722400
40.728600
40.742200
41.522100
41.531000
41.539400
41.548600
41.900600
41.914800
42.742300
42.969100
42.980400
43.051700
44.277800
44.293300
44.761100
45.507100
45.515800
45.690200
45.702400
45.718600
45.731000
46.008000
46.224700
46.231600
46.240400
46.332400
46.359900
47.690600
48.335100
48.346700
49.599600
50.903400
50.909300
50.921300
50.927800
50.935900
50.941600
50.949400
50.960300
50.974100
51.353000
51.809200
52.658000
52.678800
53.425000
53.435200
53.451300
53.743000
53.750500
54.009300
54.873800
54.883300
54.906000
55.948900
56.038200
56.801800
57.169500
57.199500
57.217400
57.418700
58.940800
58.956900
60.108500
60.117400
60.435200
60.888900
60.905300
60.915900
61.642500
61.648000
61.660400
62.053900
63.184900
64.001100
64.087100
64.344600
64.357000
64.871500
64.880100
64.887900
65.195800
67.765800
67.784600
67.807300
67.818900
68.398800
68.407000
68.417800
68.915200
68.925700
68.932800
68.945200
68.953600
69.162200
69.173500
69.185500
69.572700
70.610700
70.718200
70.729500
70.745900
71.680600
71.690000
71.707300
71.716800
71.732300
72.202000
72.212800
72.219100
72.229400
72.255400
72.938200
72.947100
72.967900
74.701000
74.709400
74.723200
75.876100
75.882600
75.889300
75.895800
75.901900
75.913000
76.961200
76.970400
76.980400
76.988200
76.993500
76.999800
77.449300
77.766400
77.772600
77.781900
77.788900
77.797900
77.808400
77.823000
78.674500
79.141700
79.151400
79.162600
79.586800
79.597600
79.605600
80.209400
80.224200
80.561000
80.586700
81.313100
81.872500
81.880500
81.900400
82.257400
82.284200
82.299400
83.038200
83.045400
83.052500
83.058300
83.065900
83.448200
83.459100
84.147400
84.669300
84.798500
84.805500
85.551100
85.753700
85.903100
85.910000
87.840600
87.865600
88.295000
88.784600
88.798600
88.813500
89.829400
89.881000
89.886900
89.894900
90.187300
90.194100
90.200900
90.248300
90.497100
90.509100
91.932700
91.942700
91.953400
91.964000
92.513000
92.522200
93.037900
93.540000
94.255800
94.270600
94.287900
94.457100
95.908000
95.916400
97.026500
97.036300
97.045100
97.062400
97.074800
97.436800
97.449200
97.459400
97.473700
98.376800
98.389300
98.396500
98.418600
98.851200
98.857200
98.864400
98.895900
99.508500
100.070800
100.079100
100.091600
100.098400
100.500400
100.517200
102.610500
103.211300
103.871300
104.394900
104.405500
105.682700
105.694200
105.702900
105.935100
105.949800
105.970700
106.861900
106.868400
106.879800
106.887600
106.894900
107.245400
107.260100
108.380300
108.396100
108.409100
108.515000
108.525600
108.560600
108.578200
108.692100
108.726100
109.561800
109.590400
109.598700
109.955900
109.962600
109.968900
109.976300
109.993800
110.007500
110.014000
110.020400
110.080100
110.088000
110.097000
110.105100
