spike times
0.067700
0.296300
1.227300
1.359400
1.528900
2.425200
2.525000
3.412700
3.470700
3.868800
3.910500
4.625800
4.644400
5.316900
5.333000
5.350300
5.534800
6.894000
7.569900
7.577300
7.668800
7.675100
7.686600
7.759800
7.774100
8.517300
8.862700
9.080000
9.089900
9.107700
9.425400
9.434300
9.752900
10.624400
10.642600
13.182900
13.718500
13.737800
14.546500
14.919600
15.145900
15.322900
16.001600
16.337000
16.682300
16.690000
16.698200
16.940700
17.668000
17.682100
18.030400
18.445400
20.201000
20.327800
20.592800
21.282600
21.311600
21.457100
21.523200
22.080600
22.091100
22.133800
22.488100
23.127900
23.141400
23.152400
25.602400
26.364100
26.372900
26.380900
26.567700
26.615800
26.624700
26.634200
27.826600
28.699200
29.136800
29.147300
29.184800
29.868500
29.882200
29.895200
30.038500
30.042000
30.045300
30.048800
30.051700
30.054700
30.057700
30.060700
30.064000
30.067200
30.070700
30.074100
30.077900
30.081300
30.084800
30.088900
30.093300
30.097700
30.102000
30.106400
30.111300
30.116900
30.122000
30.127200
30.132400
30.137600
30.143000
30.148400
30.158500
30.176700
30.187200
30.250300
30.399500
31.169200
31.401000
31.995300
33.274300
33.285800
33.293400
33.301600
33.312200
33.562600
34.093600
34.110600
34.119600
34.540400
35.161800
35.186800
35.480300
35.591900
36.388400
36.837400
36.855600
37.374400
37.793500
37.810500
38.540100
38.554400
39.134400
39.145400
39.485100
39.494200
39.518600
40.265000
40.751100
40.776100
40.935300
40.956100
41.327400
41.338000
42.305100
42.314000
42.326100
43.132200
43.716000
43.725300
43.734900
43.750200
44.131800
44.510600
44.536600
45.092400
45.662800
45.682600
47.094000
47.103400
47.112200
47.210400
47.462400
47.615600
48.583800
48.595400
48.838600
48.850600
48.860800
48.872000
48.951100
48.970300
49.412800
49.663100
49.675300
49.689100
49.705900
50.177000
50.206800
50.813600
50.824100
51.222800
51.236300
51.791400
51.802800
51.814900
52.199800
52.332400
52.339900
52.349800
52.997800
53.009100
53.027600
53.042900
53.058900
53.072200
53.089500
53.379200
53.390900
53.705000
54.096800
54.385000
54.851100
54.872600
56.523300
56.537900
56.907900
56.925100
56.934200
56.946000
57.471900
57.494100
57.504600
57.514800
57.523000
58.028100
58.037900
58.049200
59.031300
60.455900
60.470200
60.861700
60.938300
61.535400
61.700100
62.283100
62.294200
63.219500
63.230400
63.602300
64.266100
64.576400
64.830000
64.869100
65.346700
65.635000
66.470100
66.482400
66.969000
67.389300
67.412600
67.455000
67.722800
68.228700
68.238800
68.252500
68.269900
69.226800
69.235100
69.252700
69.271900
69.644500
69.683900
69.951300
70.827200
71.035500
71.139900
72.109000
72.119800
72.132900
72.647100
72.660400
72.861400
72.868800
72.885100
73.943000
74.708500
75.536700
75.767100
75.777600
75.811200
77.534400
77.711600
78.222400
78.255400
78.271000
78.865600
78.874200
79.114400
79.122200
79.138200
79.353100
81.201200
81.213700
81.513400
81.787800
82.084500
82.097100
82.177700
83.029200
83.385200
83.820100
84.168400
84.514000
84.592200
84.608200
84.636900
85.070500
87.125100
87.810400
87.852100
89.084900
89.152800
89.162300
89.177500
89.909900
89.917700
89.938200
89.966000
90.345900
90.361900
90.734600
90.742600
91.586500
91.594100
91.609800
91.617600
91.635900
92.094500
92.107900
92.157300
92.934100
92.956000
92.977100
92.992300
93.355000
94.295500
94.321100
94.666900
94.691200
94.989700
95.128800
95.144900
95.816900
96.049200
96.537300
96.550700
96.595800
97.272100
97.319800
97.524400
97.861700
97.870000
98.204900
98.674000
98.961000
99.319300
99.602700
100.050200
100.059400
101.841000
101.850600
101.871900
101.892100
102.011800
102.629000
102.773400
102.781700
103.698100
106.623600
107.040400
107.687800
107.704700
108.829700
108.838500
108.887500
109.098100
109.109600
109.465700
109.602000
110.413700
110.639600
110.647700
111.068000
111.587100
112.106700
112.928100
112.939000
113.913900
114.561600
114.621000
114.700000
114.712600
115.393600
115.404800
115.443300
115.643400
116.304500
116.320400
117.098800
117.107400
117.119400
117.303300
117.314400
117.332200
117.342700
117.987800
118.011700
118.092600
118.286800
118.298700
118.318800
118.975900
