spike times
2.400500
3.058500
3.087500
5.223400
5.236000
5.254600
5.601200
9.124400
9.253700
11.525600
11.550600
11.575200
13.721000
16.161500
16.181000
16.209600
17.662900
17.680200
21.791700
21.812300
21.840600
21.854100
24.383300
24.405000
30.039200
30.044700
30.049200
30.053500
30.056900
30.061500
30.066300
30.070200
30.073200
30.078300
30.082500
30.086800
30.091300
30.096300
30.101200
30.107700
30.116700
30.121800
30.126700
30.131800
30.137200
30.143500
30.152000
30.173400
30.184800
30.870100
31.002800
31.016700
31.032300
31.735300
31.758400
32.073800
35.215700
35.252100
35.266300
37.699700
42.236700
52.097600
53.846500
57.394500
59.136800
66.121000
66.155100
67.656900
67.690000
72.588800
72.618700
78.616600
82.313900
82.332300
83.836400
85.998500
86.035900
86.063500
91.243300
