spike times
0.032700
0.042800
0.051400
0.072400
1.165800
1.182000
1.561600
1.568700
1.762100
2.155800
2.224000
2.229900
2.399600
2.406500
2.419400
2.559400
3.026900
3.992700
4.006400
4.309000
4.319000
4.570900
5.849000
5.856600
5.867800
6.034500
6.041800
6.055400
6.064400
6.427300
6.434500
6.445200
6.462200
6.472200
6.481600
7.332000
7.650500
7.660700
7.974000
7.980900
8.621000
9.117500
9.126400
9.132300
9.145500
10.104200
10.401800
10.408800
10.420000
10.427000
11.238900
11.249200
11.391600
11.400200
12.439900
12.447900
12.458100
12.926000
12.932400
12.936800
12.941500
12.947700
12.956800
13.182600
13.188200
13.194300
13.202400
13.209500
14.836000
14.844800
15.104500
15.117000
15.135200
16.666100
16.674200
16.684400
16.692300
16.702300
17.136000
17.147900
17.420200
17.429700
18.172400
18.181200
18.189600
18.799300
19.392500
19.406300
19.414800
19.430100
19.443700
19.453200
19.464600
19.966700
19.972500
19.978400
19.991500
20.004100
20.016200
20.143700
20.152700
20.981400
20.990000
21.004200
21.010700
21.022000
21.029100
21.044600
21.498300
21.880400
21.891400
21.900900
21.909300
23.052600
23.061900
23.075700
23.933100
23.941300
25.467000
26.140500
26.188000
26.606800
27.135600
27.146300
27.155400
27.166300
27.727900
27.733100
27.738100
27.749300
27.763300
27.777400
28.382000
28.738900
29.333600
29.342800
29.350200
29.359300
29.369300
29.384800
29.867200
29.874100
29.897300
30.037600
30.041700
30.045800
30.049300
30.052700
30.056400
30.060000
30.063300
30.066800
30.070000
30.073800
30.077700
30.081700
30.085200
30.089700
30.093900
30.098800
30.104100
30.111000
30.116600
30.125300
30.146900
30.161300
30.172200
30.744900
30.752700
30.762500
30.772600
30.779500
30.787200
31.300300
32.040400
32.046200
32.060600
32.069700
32.077100
32.099600
32.307300
32.315300
32.711300
32.723700
32.733600
32.743700
32.760000
33.826500
33.837600
34.295300
34.302800
34.310900
34.638800
34.649700
34.673700
35.124900
35.133200
35.144100
35.157600
35.742700
35.761700
35.775400
35.943100
35.952500
36.078700
36.269900
36.277500
37.364000
37.373700
37.382000
37.388200
37.394700
37.485700
37.763000
38.300500
38.309800
38.569900
38.578300
39.579000
39.901400
40.566300
40.589700
41.128800
41.137800
41.165000
41.174500
41.185100
42.837100
42.906400
43.078300
43.088000
43.098000
43.317800
43.324400
44.153200
44.164700
44.171600
44.180300
44.185900
44.194800
44.939600
44.949700
44.958800
44.966200
44.975000
44.983000
45.536200
45.542900
45.551200
45.559700
47.507400
47.515400
47.701400
47.708000
47.984700
48.505600
48.512100
48.632200
48.724400
49.906700
49.914600
49.920700
49.934800
49.943000
49.951800
50.311300
50.316700
50.323400
50.333400
50.346400
50.356700
50.363900
50.683000
50.689400
50.695100
50.707600
51.330400
51.336200
51.364800
51.715100
51.734100
52.297300
52.691400
52.728700
52.735000
52.904700
52.912100
53.325100
53.334900
53.342800
53.354900
53.591600
53.597700
53.605800
53.880100
54.685900
54.698400
55.771900
55.788100
56.180200
56.187900
56.195200
56.201000
56.208500
56.370500
56.377600
56.384300
56.867400
56.879100
57.098100
57.395500
58.158400
58.165800
58.190400
58.509400
58.900900
58.915200
59.495900
59.504500
59.513900
60.375800
60.385200
61.355200
61.381200
61.401800
61.726500
63.630500
63.639700
63.650500
63.665500
63.672800
64.735900
64.903600
65.604500
65.613000
65.623200
65.628200
65.636000
65.643600
65.650900
65.921100
68.078400
69.276100
69.808100
69.819000
69.983500
69.993300
70.003400
71.674000
72.113600
72.121600
72.132900
72.144900
72.152100
72.163700
72.619300
72.909200
72.915000
72.923000
72.930500
72.943100
72.950000
73.222500
73.445900
73.479200
73.486400
73.861600
73.869400
73.876200
73.883800
73.892100
74.504400
74.510800
74.516800
74.522700
74.534000
74.718100
74.724800
74.733600
75.838000
75.844800
75.851200
75.860400
75.866000
75.873400
76.062700
76.268300
76.274700
76.286000
76.989000
76.996400
77.004500
77.019400
77.031200
77.045300
77.330700
77.340200
78.054400
78.069100
78.781000
78.961500
78.969200
79.651400
79.659100
79.671100
79.687500
80.052700
80.076400
80.086200
80.095000
80.926400
80.936000
81.930100
81.937300
81.956100
81.970500
81.978300
82.709500
82.716100
82.744000
82.993600
83.056400
83.066200
83.081100
84.005200
84.018200
84.312000
84.331800
84.344400
84.678200
84.695000
