spike times
0.251800
0.277900
0.850100
0.869100
1.197200
1.996000
3.003600
3.565400
3.577700
4.105500
4.368600
4.771900
8.442500
8.469800
8.769700
9.702100
10.569100
12.267100
12.532600
12.984400
12.993000
13.116600
15.072400
15.707900
16.501900
17.941200
19.375100
19.388100
21.044200
21.070200
25.352500
25.393200
26.660500
27.304700
27.584700
28.263800
29.699600
30.047000
30.052700
30.057800
30.062600
30.067200
30.071600
30.076400
30.081000
30.085800
30.090500
30.095000
30.099400
30.104100
30.109200
30.116100
30.123200
30.130200
30.144900
30.161800
30.178300
30.195100
30.210500
30.219200
30.229100
30.240400
30.254300
30.280100
30.292800
30.308900
30.335100
30.352400
30.358900
30.372200
30.383000
30.416000
30.424400
30.497000
30.505200
30.516900
30.536900
30.556300
30.612500
30.664900
30.674500
30.687300
30.707600
30.770800
30.808400
30.819700
30.857600
30.866400
30.892900
30.907600
30.961400
30.989900
31.012600
31.022100
31.060400
31.068500
31.148100
31.159200
31.181000
31.241500
31.282300
31.323300
31.368700
31.395900
31.409700
31.438100
31.454900
31.467700
31.475900
31.498200
31.515800
31.598600
31.651800
31.664800
31.689800
31.748600
31.764600
31.795600
31.826700
31.853400
31.865500
31.938800
31.952100
32.022400
32.034500
32.044700
32.597700
32.745600
32.839300
33.055300
33.592800
34.070400
34.082000
34.639100
36.134200
36.913000
38.245100
38.643300
39.137200
40.378900
40.743700
40.753700
40.773600
41.421200
45.461700
46.320600
47.396400
47.408500
47.423900
49.958400
52.880200
53.112100
54.370000
58.076000
58.093700
58.957300
59.381300
59.403600
59.707600
63.448900
66.008500
66.196200
66.856300
70.259600
70.270900
70.286100
71.271800
72.065100
74.553400
74.781500
74.933800
76.689700
79.569900
79.855900
80.697400
80.720500
81.331800
81.539900
81.877200
81.889500
81.920800
82.913300
82.936300
85.925600
86.392900
86.407900
86.436400
86.453500
86.478200
86.491100
86.891400
86.902300
87.114900
87.629900
89.444900
89.975800
91.599800
92.087200
92.442600
94.060100
98.575600
98.819800
98.837200
99.175000
99.796200
99.835300
100.378700
100.388600
100.401100
100.414200
100.447200
101.964000
102.523200
103.295200
103.314100
103.817200
105.229200
106.789700
106.805900
108.678300
108.691500
110.748200
110.918700
112.575300
112.725100
114.921100
116.702600
117.962800
