spike times
22.599600
22.610700
22.626200
30.037700
30.041300
30.044300
30.047300
30.050300
30.053300
30.056300
30.059300
30.062200
30.065000
30.068200
30.071300
30.074500
30.077500
30.080900
30.084100
30.087400
30.090700
30.094300
30.098000
30.101800
30.105300
30.109400
30.113800
30.118700
30.123400
30.128000
30.132700
30.137000
30.141400
30.146000
30.150400
30.156400
30.162900
30.171900
30.178400
30.184100
30.191900
30.199200
30.206800
30.216600
30.223400
30.231300
30.238600
30.252700
30.261100
30.272000
30.285100
30.292000
30.309300
30.328500
30.343700
30.352500
30.368200
30.386400
30.397900
30.408900
30.430800
30.461900
30.471000
30.498600
30.515800
30.524000
30.566700
30.579900
30.594200
30.657400
30.672600
30.682300
30.690900
30.715300
30.748100
30.782600
30.841600
30.850500
30.860500
30.890200
30.899200
30.906700
30.956000
30.983000
31.018500
31.028100
31.062600
31.072100
31.113900
31.152400
31.158400
31.166200
31.179400
31.202300
31.306300
31.315300
31.322100
31.344700
31.379500
31.386700
31.399300
31.436500
31.444400
31.472300
31.509000
31.529000
31.538400
31.547000
31.558100
31.618600
31.626600
31.641100
31.652200
31.663500
31.719700
31.747200
31.754500
31.767000
31.773900
31.788200
31.820200
31.873300
31.883400
31.898000
31.909500
31.925200
32.009400
32.018900
32.031200
32.248800
32.333900
32.448100
32.694400
32.729700
33.033500
33.059400
33.069200
33.217900
33.352000
33.456700
33.468100
33.631700
33.875200
34.039200
34.051700
34.384200
34.395000
34.414500
34.520600
34.671400
34.965900
35.172700
35.188200
35.197100
35.206600
35.213400
35.375600
35.477200
35.604000
35.614300
35.904200
35.935400
35.949200
36.406200
36.419900
36.950000
37.428200
37.636800
37.728700
38.044400
38.078400
38.380700
38.414200
38.441300
39.031500
39.160700
39.179700
39.188500
39.204800
39.439400
39.450100
39.632700
39.646400
40.204300
40.212800
40.236800
40.465200
40.472700
40.606600
40.729300
41.001500
41.670100
41.682300
42.271200
42.320800
42.354800
42.451900
42.980000
43.106700
43.683900
44.188600
44.197400
44.211600
44.260800
44.448200
44.460100
44.487600
44.726000
44.887900
44.908600
45.708200
45.721700
45.970100
45.984400
45.997200
46.004000
46.515600
46.525500
46.989900
47.029100
49.585200
49.598900
49.607900
49.629100
50.034200
50.523500
50.537600
50.548700
50.850700
50.873600
50.890200
52.935600
52.943600
53.015800
53.050900
53.319900
53.381600
53.913400
53.966600
54.132600
54.516100
55.295100
55.304200
55.393800
55.442500
57.129900
57.137900
57.439500
57.516100
58.409600
58.420400
58.439700
58.726200
59.529300
59.539400
59.688300
59.701800
59.714200
59.773600
61.388700
61.405700
62.231000
62.240200
62.460000
63.268100
63.805300
63.820800
64.399300
64.632500
65.188100
65.203300
66.736400
66.794000
67.990500
69.280500
69.293600
69.304800
69.318800
69.334400
72.476600
75.807000
75.830000
75.853300
77.675000
77.701400
78.262200
78.277400
79.215700
80.569700
80.941900
80.974300
80.994900
82.749000
82.942500
82.984600
83.502600
83.514200
83.528800
84.033400
84.046000
84.057200
84.869000
84.890500
84.925000
84.937100
85.314400
85.331700
85.343300
85.360200
85.413000
85.429000
86.390400
86.400400
86.417200
87.314000
90.579000
93.164900
93.186700
93.466700
93.876800
93.914200
94.701300
94.719700
96.165300
96.965600
96.998800
97.155400
97.610800
98.258300
98.304800
98.317100
98.966800
99.146600
99.171400
99.215600
100.708000
100.716800
100.727400
102.203600
102.221700
102.962300
102.971200
106.230900
107.300500
107.352300
107.372600
110.168300
110.460600
110.469000
111.617500
111.634100
111.654400
111.697100
113.693900
114.687600
114.702600
116.068800
116.078400
117.155400
117.165700
117.200300
117.218200
118.333200
118.347800
118.358500
118.368900
119.108000
119.122400
119.134100
119.172300
