spike times
2.978100
8.388800
12.301600
13.744300
19.730600
19.748500
23.099400
23.112400
30.060900
30.065600
30.070600
30.076500
30.082400
30.089000
30.094200
30.100300
30.107100
30.118300
30.135000
30.147600
30.161400
33.067100
38.522600
46.633900
49.949500
50.346100
52.109400
52.857800
58.221300
60.832600
66.300100
66.337800
68.849500
71.818500
76.572400
77.581300
82.534500
91.569800
94.576400
94.741100
95.855600
99.156500
99.180600
102.391300
103.940100
105.519200
109.269700
109.288400
