spike times
0.246200
0.263200
0.635000
2.967300
2.988900
3.044200
3.287600
3.300100
3.340200
3.797100
3.808600
3.910400
4.487500
4.548700
4.980700
5.960200
5.983300
6.323100
6.347600
6.391800
7.384700
7.943300
7.957000
8.712200
9.284600
9.304600
10.376300
10.392000
10.411500
11.605100
11.622700
11.641600
12.096900
12.504600
12.538700
12.557600
13.089600
13.100000
13.762100
13.960400
15.218200
15.250700
15.846200
16.189400
18.379900
18.413300
18.814200
18.948600
19.993200
20.004300
21.156500
21.181100
21.197600
21.204700
22.502300
22.534700
22.717600
23.037500
24.643200
25.008500
25.032300
25.062700
27.115900
28.050600
28.626000
28.643500
28.919700
28.936200
29.212100
29.787900
29.804100
29.821400
29.986200
30.011100
30.034100
30.039700
30.046200
30.052400
30.057500
30.065300
30.072000
30.080100
30.094800
30.152800
31.914600
31.934100
32.588500
33.857800
34.700500
34.723800
35.311900
36.072000
36.089200
36.110100
37.162500
37.176100
37.462400
37.636900
37.653300
38.364600
38.384300
39.009500
39.368900
39.517600
40.247000
40.260300
43.079200
43.114500
43.857000
43.903700
44.579400
44.660600
45.456200
45.476400
46.262800
46.724100
46.734400
46.758300
47.377800
48.757700
49.367800
49.385600
50.837500
50.860600
51.401000
51.416100
51.777900
51.793900
52.104400
52.422300
52.880200
53.141200
53.168200
53.183400
53.415200
54.822500
54.834000
54.847800
58.447400
59.042200
59.052100
59.061500
59.088200
59.431500
59.489100
61.117900
61.126500
61.138300
61.176500
63.777300
63.991800
64.183800
64.475400
64.762200
64.772900
65.162000
66.626200
66.757300
69.217800
69.251000
70.213800
70.232000
70.932700
71.523800
71.556800
72.112000
72.201600
74.187200
74.737700
81.302100
81.359900
81.728300
81.870900
81.886300
83.684700
83.818800
86.205500
86.397200
87.883700
88.604100
90.583600
90.631600
91.054800
91.093100
91.399900
92.378300
92.570200
92.765200
93.671800
94.326600
95.741100
95.761100
97.266400
97.288200
97.642800
100.586500
101.869500
101.889400
103.744400
104.871900
105.293200
106.242600
106.275100
106.751700
107.437100
107.997900
108.690600
110.132300
111.004700
111.240800
112.526800
112.553600
112.565000
112.628700
112.953500
112.971200
113.398600
113.486100
113.544700
113.974300
114.026900
114.042700
116.489200
116.508000
116.544900
117.104700
117.120900
118.655400
118.966000
119.019600
119.641700
119.711200
