spike times
3.805600
3.812800
3.818000
3.826400
3.873500
4.849700
4.859400
4.864600
4.873700
4.880800
7.550200
7.557100
7.564600
7.570400
7.592800
8.561400
8.571000
8.578600
8.584000
8.592600
10.380500
10.385800
10.397500
10.409700
10.417000
13.484600
13.494100
14.869900
14.877200
14.886600
14.900200
15.879600
21.584200
21.611800
24.062900
24.076600
24.099900
24.108200
25.489200
25.494900
25.511700
26.347700
26.357300
27.244400
27.716400
27.730400
29.195500
29.213600
30.032500
30.036400
30.039400
30.042300
30.045000
30.047800
30.050600
30.053300
30.056000
30.058500
30.061300
30.064000
30.066800
30.069600
30.072300
30.075100
30.077900
30.080700
30.083800
30.086800
30.090100
30.093400
30.096600
30.099900
30.104000
30.107700
30.111300
30.115500
30.119800
30.124200
30.128700
30.133100
30.137400
30.141500
30.145900
30.150300
30.155500
30.159800
30.164200
30.169700
30.174700
30.180700
30.185300
30.191000
30.197700
30.204000
30.209600
30.216200
30.223700
30.228800
30.245500
30.568200
30.647200
30.656700
30.742500
30.872100
30.876100
30.883600
31.285500
31.295500
31.302600
31.309700
31.320900
31.876700
31.882600
31.889100
31.897400
31.903100
31.913500
32.579100
32.585600
32.594600
32.914900
32.920500
32.927700
32.933500
32.943000
33.294600
33.300800
33.307800
33.315600
33.321500
34.282800
34.288400
34.294600
34.316800
34.338600
35.812200
35.818800
35.826900
35.963700
35.971000
35.979000
35.984400
36.631100
36.636300
36.641400
36.649900
36.862800
37.502100
37.508700
37.514300
37.530100
37.542700
37.551200
37.569500
39.105500
39.111500
39.287700
39.293600
39.298800
39.304500
39.309900
39.316800
39.479100
39.483700
39.490500
39.654100
42.381800
42.387400
44.261700
44.270400
44.276200
44.287500
49.900300
49.922200
51.637700
51.643000
51.651500
51.656800
56.757500
56.765200
56.778400
56.784800
56.792800
56.802500
67.291800
67.296400
67.302300
67.307600
67.319900
70.417300
70.423500
70.437000
70.448600
70.454300
71.931000
71.938000
71.948700
72.005300
72.020600
72.027100
72.476500
72.482400
72.500700
78.055000
78.064500
78.070800
78.085400
78.098600
78.106600
78.133300
78.138000
78.142100
78.146600
78.151800
78.958400
78.963700
78.969600
78.977400
78.988300
79.121800
80.735800
80.742700
80.751600
80.766100
86.918800
86.925400
88.749900
88.757300
88.762700
88.768300
88.777600
88.785000
88.797800
88.811100
91.419600
91.428600
92.627300
92.634100
92.639700
92.647100
92.659800
92.667900
92.686000
98.311800
98.319500
98.328700
98.334000
98.344000
99.112000
99.118000
100.112100
100.118700
100.125100
100.132700
100.142900
100.211800
102.883000
102.889900
102.899100
102.904200
102.910100
106.950700
111.665100
111.672000
111.678000
111.683200
111.692900
111.698800
111.705500
119.008900
119.015600
119.021100
119.030700
119.047300
119.056800
119.064900
