spike times
4.342700
7.859300
7.963800
10.563500
11.639700
11.668900
12.125800
12.971000
14.306500
14.601700
14.846600
17.386600
17.396900
17.504500
17.794000
17.881900
18.250400
18.540400
18.557400
18.569300
18.712400
19.612400
21.561600
28.372200
28.387600
29.853100
29.910300
30.052600
30.057800
30.062200
30.066300
30.070300
30.073900
30.078400
30.082500
30.086000
30.089200
30.092600
30.096000
30.099600
30.103100
30.107100
30.111300
30.115800
30.121000
30.126400
30.131500
30.136800
30.142900
30.150400
30.160000
30.169800
30.179800
30.189900
30.220200
30.930500
30.944000
31.290700
33.302900
33.315400
33.399500
33.744700
33.984500
34.547500
34.726500
35.165200
36.004500
36.341800
36.388500
36.843200
36.865000
37.154400
37.229200
37.427700
37.444300
37.452400
37.679600
37.706500
37.849400
38.488700
38.934500
39.480900
40.086000
40.674200
40.693300
41.395800
41.407900
41.686700
41.866900
42.563300
42.593400
43.144100
43.168100
43.198600
43.361400
43.418400
43.532100
44.347400
44.379800
44.400500
44.538300
44.874600
44.921000
45.058800
45.168400
46.151200
46.775300
48.285100
49.972800
50.253400
50.798700
51.882700
52.778000
52.847000
52.864900
53.226600
54.116100
54.264900
56.128300
59.519700
59.725400
59.985000
60.011900
60.296200
60.308900
60.813100
61.367000
61.376600
61.514100
62.844200
63.535700
63.817100
64.111900
66.001000
66.280100
66.300200
68.430500
68.789300
68.899900
69.226500
69.262800
69.274100
69.296700
69.368200
70.391900
70.502200
72.831100
73.277600
73.900300
76.946000
77.314700
77.329800
78.494400
79.583800
79.600500
79.831000
79.846400
80.973600
81.544500
82.775300
82.792600
82.864100
83.519400
83.536400
83.548000
83.563900
83.812500
83.827300
84.274700
84.444500
85.032100
85.097200
86.250800
86.309300
87.253500
87.268800
87.300100
87.397100
87.868200
88.083100
88.336300
88.463900
88.475900
88.507000
88.631000
89.871300
90.151600
90.161000
90.170200
90.179100
90.186300
90.366600
90.384000
90.420500
90.904300
90.920600
90.987300
91.052600
91.245800
91.266700
91.665700
91.993000
92.017400
92.046300
92.096800
92.297900
92.312700
92.720600
93.033300
93.225300
94.039100
94.137000
94.925800
95.182100
95.366500
96.489800
96.600700
96.750300
98.595400
99.268100
99.495500
99.509300
100.911700
101.424800
101.501500
101.849300
102.002700
102.080400
102.374100
102.472900
102.491600
102.738700
103.297600
103.313300
104.584800
108.460300
108.505800
108.774900
108.806600
108.833100
109.995100
110.007900
110.688900
110.698400
110.921900
111.913100
111.930100
112.154800
112.452200
112.958900
113.188900
113.290000
113.300900
113.528400
113.542900
115.344200
115.664800
116.384200
116.487600
116.787600
116.961600
117.046200
117.505800
118.244200
118.941200
118.967400
119.542700
119.548900
119.971700
119.995100
