spike times
2.840100
6.181300
6.192800
9.676900
19.023200
19.036600
19.055600
19.074300
21.245000
21.278100
26.159400
26.181900
26.193100
30.042500
30.046000
30.049400
30.052900
30.056200
30.059400
30.062900
30.065900
30.069300
30.072700
30.076300
30.079800
30.084700
30.088400
30.092700
30.096500
30.101300
30.108100
30.112700
30.119800
30.125800
30.131600
30.140900
30.709700
31.662600
32.837600
38.566000
39.350600
44.202900
45.351700
46.632900
47.983000
53.616000
58.643700
60.965900
60.982200
61.321600
61.335800
61.972200
64.139900
64.150100
70.950700
70.959800
80.752500
80.762100
80.970400
89.046700
