spike times
0.286000
0.310800
0.324600
1.610800
1.639500
1.658300
2.337500
2.968300
4.562000
6.605300
7.243900
7.257700
7.291800
8.032500
8.044000
8.070800
8.365700
9.864600
9.878900
9.889400
9.907400
9.955900
11.384600
11.399300
12.478400
12.649000
13.207800
13.223300
13.754900
13.774700
15.172100
15.208700
15.377000
15.531100
19.494000
20.533400
21.385000
23.569700
24.001400
24.011600
24.032600
25.039300
26.099500
27.438000
27.507800
27.715800
28.942100
28.959200
29.003600
30.039000
30.043400
30.048000
30.052500
30.057100
30.061400
30.065500
30.069800
30.074600
30.081900
30.088200
30.096900
30.104000
30.112300
30.120200
31.055300
31.100400
35.621600
36.662500
37.584700
37.614300
37.856700
39.549400
41.145800
41.176200
41.723200
41.822400
44.253600
47.429800
47.459400
47.866600
54.440800
54.483700
55.387500
55.412000
56.888100
56.960800
58.503200
59.520200
60.144100
65.136000
65.649600
66.057400
70.884200
70.901300
70.943900
73.649600
74.055600
74.075900
74.552100
75.580200
76.207300
76.701200
77.077600
78.820600
80.034900
81.463200
81.475100
85.537200
85.556200
85.622100
86.667600
87.396700
88.148500
88.162400
88.179600
90.214000
90.936400
92.142100
94.438500
99.598300
99.622000
99.639200
100.564100
101.980300
103.805900
103.823500
104.214400
105.138000
108.560100
108.707900
111.495800
112.019500
112.057000
112.190300
