spike times
15.296800
15.313200
15.733400
19.946900
30.077800
30.085100
30.095200
30.102600
30.110000
30.120600
30.144300
30.153400
30.319700
30.326900
30.337100
30.349000
30.476700
30.488900
30.503700
30.510600
30.597400
30.626700
30.633100
30.740700
30.750600
30.789100
30.874900
30.980700
30.989100
30.996000
31.047800
31.058600
31.385500
31.479600
31.497000
31.871600
32.146500
37.260000
39.575600
42.083900
54.525000
54.540600
61.006300
61.014100
61.020400
61.027800
61.036200
61.043300
61.052800
61.063600
61.630600
72.122300
76.488600
78.028600
78.055500
92.483300
92.505700
95.701200
107.035500
117.774300
117.783500
117.792500
117.802000
117.818200
117.829600
117.850100
119.331400
119.339300
119.346900
119.359300
119.371700
