spike times
19.670400
26.722800
28.632700
28.664000
30.043700
30.048000
30.051700
30.055400
30.059100
30.062700
30.066500
30.070400
30.074800
30.079800
30.085400
30.090900
30.100200
30.106300
30.113500
30.125500
30.136800
30.143000
30.159000
30.188700
30.196000
30.209600
30.222300
30.230100
30.253200
30.295700
30.311900
30.320100
30.327100
30.372300
30.381600
30.388000
30.396400
30.411800
30.435500
30.469500
30.509700
30.532100
30.552800
30.601300
30.630300
30.645100
30.654800
30.671400
30.698800
30.711100
30.757000
30.769500
30.776100
30.786100
30.865200
30.879700
30.917400
30.925100
30.939200
30.954400
30.994200
31.002100
31.054200
31.704400
32.035700
32.178900
32.626700
32.647700
33.893800
33.912300
34.041100
34.681600
34.983100
35.397900
37.576300
37.589000
37.602500
38.490300
38.935400
41.334200
42.343200
42.419600
43.425200
43.921200
43.930700
44.926000
47.453000
48.244700
49.277500
49.626000
50.381100
50.401500
51.526300
53.469200
53.489400
56.825200
57.093000
58.380700
58.632500
59.428500
60.054500
60.066500
61.188900
61.585100
63.174200
63.208100
63.284100
63.894800
65.721200
68.518700
69.127600
70.956800
71.990500
72.011500
72.357200
74.063000
74.686600
75.133000
75.348400
77.109800
77.822400
78.426900
80.056900
81.237500
84.029900
87.425300
87.440600
88.103600
88.878900
89.362100
90.735100
91.287700
100.578000
100.974600
101.044300
105.911300
107.060000
109.669200
109.694100
112.092300
116.065900
119.117300
119.985000
