spike times
4.894600
8.552300
8.569300
14.918300
14.935800
18.984100
20.071500
20.088000
20.116000
22.581900
30.038700
30.043100
30.044900
30.050500
30.054200
30.058500
30.062500
30.066300
30.070100
30.074600
30.079900
30.085000
30.092500
30.099900
30.105800
30.112400
30.121600
30.134700
30.771100
30.792500
31.877400
31.896400
33.952900
36.573900
36.593600
37.087200
52.445600
52.457500
52.470600
54.475000
59.723000
62.829300
71.630200
72.282800
72.295200
72.306400
72.316100
73.115200
73.129000
73.165600
