spike times
5.195000
5.207900
16.487400
30.047700
30.053100
30.057600
30.062300
30.066700
30.070800
30.074500
30.078300
30.082800
30.087300
30.091800
30.096500
30.101300
30.108300
30.117600
30.127000
30.136700
30.143700
30.152400
30.161700
30.182400
30.196100
30.243100
30.260100
30.286700
30.404600
30.415300
30.496700
30.579700
30.704700
30.723900
30.789000
30.830100
30.945700
30.981700
33.785800
33.975700
35.056600
35.067000
37.928400
37.945600
42.311400
42.513400
58.188100
58.203400
59.878100
63.645700
75.444900
75.459000
75.481500
75.508100
75.533700
86.765200
86.792100
115.325700
115.347500
