spike times
0.438300
4.413400
5.459100
6.612400
6.626800
9.240900
11.315300
13.964900
13.982000
14.032000
15.153600
18.495300
19.713800
20.365700
20.381700
24.555700
25.924400
30.036700
30.041100
30.044600
30.047900
30.051400
30.054500
30.057600
30.060900
30.064200
30.067300
30.070500
30.073600
30.076900
30.080200
30.083700
30.087100
30.090700
30.094600
30.098800
30.102800
30.107400
30.111800
30.116300
30.121800
30.127100
30.134500
30.141100
30.159400
31.758700
31.777100
32.261000
42.027600
42.043000
44.892000
44.964400
48.875900
48.904200
48.935000
49.822000
49.840300
49.855500
54.984500
63.452900
64.374300
66.209300
66.996200
67.025300
67.035700
67.597600
74.633800
74.654200
86.535300
86.548800
86.592000
92.718100
94.226800
97.413800
97.449200
99.057800
100.834100
100.854700
