spike times
0.847200
0.884500
7.290600
7.307700
10.986100
11.090800
13.384700
16.654500
16.673000
21.609100
21.626100
23.204700
23.216200
23.263200
30.040800
30.045400
30.049000
30.052600
30.055900
30.059700
30.063600
30.067300
30.070800
30.074100
30.077500
30.080800
30.084100
30.087600
30.090900
30.094500
30.098000
30.101700
30.105600
30.109400
30.113600
30.117800
30.122200
30.126700
30.131700
30.137000
30.142300
30.147200
30.153500
30.161300
30.167600
30.174000
30.182500
30.190500
30.205100
30.221800
30.231800
30.250900
30.259600
30.307400
30.340500
30.365600
30.385200
30.466200
30.492400
30.517100
30.600500
30.638600
30.696200
30.718900
30.755900
30.799100
30.836300
30.856600
30.871700
30.931300
30.993300
31.016800
31.080400
31.102400
31.114000
31.135800
31.212800
31.280100
31.378400
31.390000
31.457900
31.467400
31.494400
31.530300
31.549900
31.565300
31.583100
31.586200
31.603900
31.624600
31.689600
31.701800
31.752300
31.809600
31.829000
31.974400
31.985800
32.006300
32.143900
32.199300
32.236200
32.284400
32.309400
32.322700
32.335100
32.398900
32.443900
32.457500
32.484000
32.523300
32.591500
32.662800
32.675400
32.687500
32.791700
32.803300
32.905300
32.970300
33.006900
33.026300
33.042000
33.106400
33.219300
33.304600
33.330600
33.353200
33.374400
33.420400
33.490700
33.517300
33.695800
33.724700
33.738300
33.765800
33.798700
33.809700
33.826400
33.846300
34.046000
34.077500
34.124200
34.172300
34.182400
34.195400
34.244600
34.288600
34.431400
34.454200
34.489000
34.585500
34.599000
34.610500
34.654600
34.668700
34.691500
34.910400
34.989000
35.001200
35.025800
36.026400
36.044400
37.057200
37.237400
37.441300
37.757200
37.839800
37.858200
38.690000
38.811400
39.078800
39.127300
40.545700
40.566600
40.656700
40.838900
41.412800
42.613300
44.074300
44.085600
44.094100
44.590700
44.627200
45.022900
45.133800
45.504300
46.202000
46.625900
46.734500
48.392100
49.450000
49.669000
49.680700
49.703900
50.188800
50.213000
50.377100
51.439300
51.458000
51.481900
51.883000
52.317400
52.579300
52.609800
53.007200
54.592700
57.764400
58.278600
58.701400
59.644900
60.270000
60.903100
61.980500
62.970100
63.815100
63.956800
63.993600
65.730200
67.383500
67.400200
67.416800
67.514800
67.529200
69.238600
69.434700
70.158800
70.810300
71.689500
72.977200
72.996400
73.501300
73.630200
73.643000
75.241400
75.895400
76.108200
76.707000
78.900500
78.913100
79.511500
79.547700
80.282600
81.287800
82.155500
82.616100
83.017500
83.524000
84.748500
85.132000
86.134300
87.121100
87.954800
87.972100
89.546600
89.561400
89.642300
89.654800
89.670300
90.709400
90.722200
90.906500
91.198500
91.215800
95.115200
95.369300
99.027300
102.283300
103.749000
104.385000
104.397600
104.789900
106.215100
107.184900
107.216300
108.371600
108.380900
108.396500
111.064600
111.541400
111.555500
112.436000
113.159800
116.977800
119.590700
