spike times
0.284200
0.318000
0.332100
0.360800
3.173300
3.182700
3.244900
3.256700
3.824400
3.836700
8.255100
8.272800
8.284700
8.299200
8.311600
13.713600
13.749500
26.856700
27.204200
27.244200
28.850000
28.874400
28.885100
28.900500
29.873400
29.881500
29.892800
29.920500
30.027700
30.032200
30.037100
30.044100
30.050500
30.058400
30.063800
30.072100
30.382200
30.391100
33.408400
33.418800
33.429800
34.681100
34.691000
37.668000
37.678600
37.687800
37.703000
41.846300
41.888300
41.907300
43.814300
60.032700
62.999300
63.016400
63.033500
63.043900
65.409700
66.265400
68.065300
68.080100
68.113500
70.087300
70.119600
70.153500
70.165900
71.489700
78.396800
82.250300
82.920200
82.930500
82.950600
82.961900
85.657700
85.667900
