spike times
0.612500
0.642600
1.803800
1.979600
2.384400
3.423000
4.405600
9.015000
9.735800
9.878800
10.061900
11.342000
11.361800
12.728400
18.513400
20.266000
20.281800
20.327800
22.883100
22.895900
24.496600
26.393900
30.035500
30.039500
30.043300
30.046600
30.050300
30.053700
30.056800
30.059800
30.062900
30.065900
30.069000
30.072100
30.075300
30.079000
30.082400
30.085800
30.089300
30.092700
30.096400
30.100400
30.104800
30.108800
30.113100
30.117500
30.121500
30.125900
30.130800
30.135800
30.140900
30.146600
30.152000
30.157600
30.164200
30.169800
30.177000
30.182600
30.188700
30.199200
30.210200
30.216600
30.234400
30.241400
30.267800
30.280900
30.304100
30.356100
30.373300
30.382400
30.412800
30.479900
31.054600
31.907100
31.920100
32.674200
33.076200
33.363400
33.643100
34.462400
35.179300
35.957700
35.970200
35.982800
36.271800
36.303700
36.634800
36.657600
38.089600
39.128000
39.318800
40.042000
40.375500
40.808800
40.829400
42.172700
46.055800
47.812800
47.826400
49.169900
50.483300
50.494800
50.568300
51.777100
53.603400
53.615700
55.353000
55.384100
55.621800
56.342900
56.713300
56.726600
57.625900
60.672300
61.448700
61.462700
62.346800
62.366800
64.155100
64.168700
64.208100
65.336400
66.278400
70.543400
70.569300
70.589000
71.903500
71.926400
76.719200
81.744500
81.765100
82.034600
82.046800
82.061600
84.992800
85.007300
85.024700
85.054100
91.276100
92.495700
92.754200
92.769200
93.727700
96.646100
98.345700
98.359900
100.012900
102.562300
108.068400
108.713100
108.724700
108.735000
109.547600
109.572900
111.263800
111.284800
114.661500
115.523400
117.454700
117.469800
118.293300
118.324100
118.706500
