spike times
30.036900
30.041200
30.045200
30.048700
30.052100
30.055800
30.059700
30.063700
30.067900
30.071900
30.075500
30.079300
30.083200
30.087400
30.091700
30.095700
30.099600
30.104100
30.108400
30.113100
30.119100
30.124600
30.129500
30.136100
30.141800
30.148900
30.158200
30.182300
47.312500
49.478000
59.391100
59.424800
65.148300
65.161400
67.098900
67.111400
68.712700
69.489700
69.511900
86.091700
103.909100
104.474700
106.031700
106.315000
106.382700
106.389000
106.396800
