spike times
0.479600
0.489000
0.514200
0.536200
1.363000
3.586900
3.599000
3.608400
3.628400
3.638500
3.655400
6.342000
6.352200
6.362600
6.398700
13.577500
13.662500
13.680300
13.719100
21.212600
21.220200
21.228500
21.236500
21.243900
21.253300
21.260800
21.282000
21.293400
23.205500
23.213700
23.222300
23.231800
23.241700
26.872700
30.034800
30.038400
30.042100
30.045400
30.048900
30.052400
30.056400
30.060100
30.063700
30.067400
30.071500
30.075200
30.079200
30.083400
30.087400
30.092600
30.098300
30.103700
30.108100
30.112900
30.117400
30.122000
30.127200
30.131900
30.137800
30.144100
30.149600
30.158300
30.177300
30.193600
31.425400
33.610300
33.619000
33.639600
35.671300
37.416800
37.903600
37.924300
37.947200
40.401000
40.436000
40.702500
40.745800
41.231900
41.286600
42.394200
42.404700
47.072400
47.082400
47.095300
47.121700
47.742600
47.755600
47.821100
47.846100
52.228600
52.245500
52.257600
52.308600
62.997600
71.523400
71.534900
71.544800
71.579500
71.607400
73.918300
73.936700
73.947700
73.959300
104.717300
104.723600
104.740200
104.749700
104.759400
107.866100
107.893600
112.827700
113.685300
113.723800
