spike times
5.076700
5.086400
5.099400
7.281300
7.297600
7.311500
7.382200
12.936700
14.437700
14.451200
14.876100
14.898900
20.340500
20.352300
20.384200
30.038900
30.044100
30.047900
30.051500
30.055300
30.058500
30.062100
30.065600
30.069200
30.072700
30.076400
30.080100
30.084000
30.088400
30.092900
30.098100
30.103100
30.109000
30.115700
30.124600
30.136400
30.172200
30.719300
31.817400
50.720900
52.614800
52.636400
52.670200
57.827300
57.850600
80.050300
99.607400
