spike times
5.628100
29.787800
30.039500
30.044100
30.047900
30.051500
30.055000
30.058700
30.062200
30.065400
30.068800
30.072600
30.076100
30.080100
30.083700
30.087300
30.091400
30.095500
30.099900
30.104200
30.108300
30.112400
30.117200
30.122600
30.128400
30.134400
30.140000
30.146200
30.152200
30.161000
30.168800
30.180600
30.192400
30.235800
30.284500
30.302600
30.312600
30.332600
30.345200
30.369800
30.389500
30.400900
30.480100
30.499300
30.511200
30.618400
30.632400
30.686700
30.695300
30.716700
30.745600
30.785500
30.799600
30.832500
30.843900
30.887500
30.903500
30.966300
30.992900
31.011700
31.063800
31.253900
31.263600
31.275600
31.308600
31.323300
31.338500
31.363000
31.417400
31.445500
31.498100
31.514700
31.550200
31.575100
31.637400
31.673800
31.683600
31.720200
31.837000
31.852600
31.890600
31.917300
31.945200
31.976700
31.986300
32.011500
32.448100
32.891400
34.904900
35.337400
36.367000
36.375600
36.390800
36.735500
37.008900
37.030100
37.666100
38.884700
39.983700
40.341700
40.358700
40.784800
41.498200
43.773000
44.640900
45.044200
45.489500
46.840200
46.851100
46.876700
47.347900
51.776900
51.792600
51.814600
52.169400
53.926900
55.824100
55.840400
56.237400
58.997000
66.000800
67.239300
67.267800
67.960200
69.358800
70.880400
77.960000
79.657900
85.576500
85.587500
85.602200
85.613600
85.637500
88.270300
88.777900
88.813800
93.085700
97.393900
97.413400
100.674200
100.964000
101.357600
101.372100
101.383500
111.098700
114.595000
117.776100
