spike times
8.649500
8.661300
8.697600
8.716500
13.077900
17.043800
20.767200
23.489700
23.528500
30.028000
30.031900
30.036000
30.039700
30.043800
30.047600
30.051600
30.055200
30.058900
30.063100
30.067900
30.072200
30.076800
30.081700
30.087900
30.093500
30.099100
30.105200
30.113400
30.119800
30.126900
30.135000
30.144500
30.154200
30.161300
30.167900
30.176300
30.195200
30.204500
30.212900
30.223600
30.232900
30.245400
30.303100
30.342200
30.353600
30.366000
33.010800
33.023400
33.053700
33.517300
33.530400
34.099500
34.310300
37.010100
40.788500
46.229300
62.210200
88.452000
92.857700
92.881600
109.729900
111.113200
111.202400
113.917100
