spike times
23.976700
23.988100
28.136000
30.037900
30.043400
30.047100
30.050900
30.054200
30.057200
30.060200
30.063500
30.066600
30.069700
30.072700
30.075900
30.079200
30.082300
30.085800
30.089200
30.092800
30.096600
30.100200
30.104100
30.108000
30.111900
30.116000
30.120300
30.125100
30.129600
30.134400
30.139800
30.146600
30.152000
30.157100
30.162800
30.171500
30.178500
30.186500
30.206300
30.215100
31.803000
31.855100
31.870100
32.442800
34.035900
34.535300
34.548100
34.567600
39.818800
44.166900
44.184900
46.798700
46.812600
46.839600
47.724600
51.590300
54.832200
71.486700
78.992700
79.003800
79.375700
79.856100
82.418300
82.431100
96.573400
96.589800
96.624100
98.329400
98.356300
104.349300
104.369600
117.633900
