spike times
2.504200
2.901900
3.828000
3.840100
3.851200
5.855900
5.907700
7.645300
7.675000
9.855800
9.875500
15.592000
15.607100
15.915800
16.240400
17.512400
19.081200
19.104500
23.895700
23.916400
28.733900
28.751200
30.034000
30.037800
30.041700
30.045600
30.049900
30.054100
30.058700
30.063000
30.068100
30.072600
30.079700
30.085900
30.095600
30.105900
30.112800
32.040200
32.056500
32.065700
32.081600
32.480700
32.492300
34.312400
34.326500
34.344600
34.438900
37.560100
37.587900
40.832000
40.847600
42.467200
42.816300
46.408300
46.424500
49.837600
49.855000
49.867300
49.922600
50.493900
54.210800
58.055600
58.064500
58.074200
60.685900
60.701100
64.475800
65.299600
66.224600
66.245100
68.769600
68.932600
70.254400
70.281700
72.996300
73.294400
73.311900
74.499900
74.510600
76.514600
76.542700
77.412100
81.968100
82.002700
82.028000
88.467000
88.482500
88.497200
89.190200
92.576800
92.616800
92.646000
94.840100
96.558700
96.573400
96.867700
96.881900
99.690600
99.702300
104.171300
107.381200
108.551600
108.602200
108.624100
118.441000
119.115900
119.129300
119.142400
119.152500
