spike times
6.500500
8.789500
19.194900
19.221600
19.233600
19.246900
19.343600
27.954100
27.974400
29.357900
30.039200
30.043000
30.046600
30.049900
30.053500
30.057000
30.060400
30.063700
30.066900
30.069900
30.073200
30.076500
30.080100
30.083600
30.087300
30.090900
30.094900
30.099000
30.104000
30.109000
30.115700
30.121400
30.128500
30.141400
30.162900
36.583700
37.103800
37.147600
42.752600
42.781600
46.714800
49.145500
49.421200
49.433500
49.768400
49.787400
50.561700
51.755700
52.773000
52.785700
52.850800
68.612000
72.767200
76.002400
78.587400
82.585900
82.597800
88.062700
88.278700
101.347100
101.359200
115.031900
119.554800
119.573400
