spike times
10.655000
30.040000
30.044900
30.048500
30.052500
30.056700
30.060400
30.064400
30.068400
30.072700
30.076700
30.081000
30.085400
30.089700
30.094500
30.098500
30.103500
30.108400
30.114200
30.119900
30.125700
30.132900
30.139100
30.146500
30.154100
30.160500
30.168400
30.175000
30.186400
30.195900
30.211600
30.296600
30.349100
30.358000
30.407500
30.416700
30.508300
30.641900
30.664100
30.684900
30.765700
30.779600
30.793600
30.919900
30.946000
30.990400
31.169100
31.235800
31.340200
31.349300
31.437000
31.452900
31.459700
31.493300
31.572400
31.715400
31.908800
31.933700
31.946900
32.037700
33.199900
33.208400
33.228200
33.853700
34.142300
34.157500
34.975500
35.395000
36.222300
36.263100
37.752300
37.981800
37.998300
38.605000
43.002900
43.074000
43.096600
44.793400
44.830100
45.771200
45.792800
45.808000
45.826300
47.417000
47.444600
53.307900
55.705300
56.447900
63.847900
64.890100
64.935800
69.738900
70.899500
71.488300
75.920900
92.172900
92.533600
95.325300
95.690000
105.295000
105.313200
105.325600
107.020600
107.033900
109.915700
115.355200
115.472100
116.859300
116.909200
116.933400
116.953400
