spike times
0.959900
2.989500
5.019900
6.737400
7.490600
7.504000
13.182900
13.201800
13.229800
19.675600
19.692400
30.035000
30.039700
30.043700
30.047300
30.050600
30.054000
30.057200
30.060400
30.063400
30.066500
30.069900
30.073000
30.076400
30.079800
30.083100
30.086700
30.090300
30.093900
30.097800
30.101800
30.106000
30.110000
30.114300
30.118800
30.123400
30.128200
30.133200
30.138000
30.143400
30.148800
30.154700
30.162500
30.167800
30.174000
30.180900
30.190400
30.205000
30.215300
30.231900
30.251000
30.260000
30.284900
30.296400
30.310600
30.329600
30.370300
30.396500
30.428100
30.455800
30.472600
30.482400
30.495100
30.559000
30.579600
30.626000
30.634500
30.730500
30.783400
30.793200
30.809400
30.880400
30.936000
30.948700
30.970000
30.984400
31.008100
32.004500
32.013000
32.028600
32.047500
32.468200
32.481800
33.007900
33.016200
33.024100
33.033400
33.049400
33.059700
33.335100
33.351500
33.363600
33.562500
34.389200
35.609800
35.622700
36.510400
36.524700
36.556600
37.733600
39.195000
40.333300
41.038300
41.250100
41.629000
42.929300
43.229800
43.374100
43.770900
43.783500
43.798100
44.314700
46.929100
46.945500
47.518300
47.535500
47.552100
48.065600
48.317900
48.544700
49.740100
53.474100
55.372700
55.403900
56.875100
56.893100
57.321800
57.333500
58.080800
59.711600
60.294000
60.464400
60.487900
61.087500
61.098100
61.120000
61.819300
63.885400
63.930400
66.214700
67.246900
71.787000
71.810300
72.623300
73.596100
73.696700
75.472100
75.767400
77.312900
77.560800
77.600900
82.636900
82.916900
82.935500
83.403900
85.895400
92.636100
92.651300
94.587400
95.900800
95.909700
95.921100
95.932800
95.943700
96.161400
96.497200
96.847500
96.861400
98.345200
98.357300
101.611500
101.661800
101.682200
101.699200
101.718300
102.046900
103.383500
103.408100
106.058000
110.969900
110.989900
111.891400
111.939000
117.311100
118.663500
