spike times
3.028600
3.049200
3.058700
7.723300
12.601000
12.612200
15.965600
15.992600
16.018700
24.702300
25.281600
25.300200
27.243700
27.258300
27.273900
27.291300
27.310300
30.046900
30.052300
30.057600
30.062700
30.067500
30.071700
30.075700
30.079800
30.084300
30.088600
30.093100
30.097900
30.103100
30.107400
30.114100
30.120200
30.128800
30.142900
30.149400
30.156000
30.162000
30.169700
30.189300
30.198000
30.204400
30.213200
30.236100
30.244100
30.261800
30.284100
30.322500
30.354500
30.378900
30.398800
30.409200
30.446300
30.568500
30.635600
30.761300
30.814700
30.824100
30.829800
30.842600
31.164300
31.175100
31.218800
31.228600
31.236100
31.280900
31.311800
31.378300
31.389500
31.463200
31.594900
31.604200
31.636100
31.786000
31.871200
31.920400
32.003200
32.156400
32.226000
32.239600
32.285200
32.293400
32.329200
32.355300
32.374400
32.509600
32.522600
32.564000
32.582200
32.834300
32.847400
32.897300
33.055300
33.061400
33.069100
33.094700
33.102400
33.113800
33.172700
33.337700
33.348800
33.425400
33.433600
33.552400
33.596700
33.638600
33.648900
33.789100
33.801100
33.878900
33.964900
33.986800
34.004800
34.013600
34.021600
34.120300
34.234600
34.243900
34.252800
34.273600
34.303900
34.311100
34.320700
34.451300
34.609000
34.635100
34.767000
34.775700
34.815600
34.838000
34.930000
34.955300
35.025300
36.207900
36.667700
36.677400
36.693700
37.120200
37.354500
37.637600
37.803200
38.283900
38.304700
38.321500
39.070300
39.093500
39.465300
39.919100
39.943900
41.343700
42.392300
42.407900
43.137900
43.158400
43.170000
43.665700
44.349600
44.591700
45.098700
45.134400
45.146000
45.166100
46.297500
46.518200
46.852600
46.877100
47.761300
47.788200
47.852400
49.220800
50.302300
50.317900
50.349100
51.666800
51.685600
51.976100
53.387600
54.152100
54.164200
57.576100
58.281100
58.303300
59.373200
59.763500
59.779500
60.166200
61.602900
62.581900
62.593100
64.281400
64.677600
65.090800
65.228600
65.246300
67.168000
67.187300
67.939500
68.975600
68.997600
69.010400
69.035400
69.220800
70.626500
71.698000
78.400400
85.097800
85.134000
85.531700
85.576000
90.473600
90.895300
96.185700
101.200400
101.224200
103.370300
