spike times
0.010800
0.017700
0.026000
0.031200
0.037200
0.043900
0.052300
0.063500
0.077500
0.360300
0.600400
3.397100
3.404700
3.412200
24.321200
24.334700
24.342500
24.357500
26.194500
26.220200
27.368900
27.376600
27.386200
27.394100
27.399500
27.405100
27.412300
28.849400
28.860000
28.878100
30.042500
30.047000
30.050600
30.054000
30.057200
30.060400
30.063900
30.067200
30.070700
30.073900
30.077100
30.080800
30.085000
30.088600
30.092800
30.097600
30.102000
30.106300
30.110400
30.114800
30.120000
30.126000
30.132300
30.138000
30.142900
30.148700
30.154500
30.162200
30.172400
30.180200
30.187000
30.194900
30.203700
30.218300
30.230900
30.239100
30.259300
30.270500
30.286800
30.293500
30.302800
30.311300
30.318900
30.330000
30.340700
30.358200
30.366200
30.372100
30.379700
30.406700
30.450800
30.456600
30.500800
30.522600
30.531200
31.200300
31.697900
31.707500
31.715500
31.721800
32.167900
32.197100
33.906200
33.923700
34.223900
34.232300
34.245800
34.265000
36.523900
36.534000
39.187300
39.203900
39.276600
39.282000
39.287900
39.295200
39.300800
39.311900
39.325400
39.477900
39.711700
39.720600
39.728100
40.283100
40.293700
40.301700
43.302800
43.310500
43.319900
43.331500
44.015200
44.567300
44.576300
45.842000
45.851900
47.681200
47.687200
47.693100
47.716700
50.629300
50.635000
50.639500
50.643300
50.647800
50.652600
50.658000
50.664000
50.674500
50.809900
50.824600
50.836600
50.844300
51.180400
51.189800
51.198300
51.211600
53.258100
55.090700
55.095900
55.101000
55.105900
55.117500
56.400400
56.404500
56.409000
56.414200
56.419900
56.427600
56.432700
59.345200
59.348900
59.353400
59.357600
59.361300
59.367200
59.371700
59.378600
60.191000
60.195000
60.199000
60.204600
60.210700
60.217000
64.405700
64.409600
64.413500
64.417300
64.420900
64.426200
65.465500
65.469600
65.473600
65.478100
65.483100
65.487300
65.494300
65.886400
65.889600
65.893100
65.896900
65.900400
65.904300
65.913600
68.205300
68.209300
68.213200
68.220700
68.225900
68.231600
68.236300
69.189700
69.193600
69.197700
69.202000
69.206900
69.213300
69.220700
69.544200
69.547600
69.551200
69.556800
69.561000
72.262900
72.266700
72.270700
72.275300
72.280400
72.285500
72.292400
72.419200
72.423400
72.427900
72.434100
74.820800
74.824800
74.828600
74.832600
74.837300
74.841700
74.853600
75.178300
75.182400
75.185900
75.194900
75.199300
75.204600
75.540800
75.544600
75.548600
75.553200
75.557500
76.250000
76.254200
76.258300
76.262300
76.267500
76.273500
78.909300
78.913300
78.916900
78.921400
78.926800
78.932800
78.943400
79.651900
79.655300
79.659500
79.663800
79.668300
79.673800
79.679200
81.239600
81.245600
81.250700
81.255200
81.261100
81.269900
82.580800
82.584600
82.588800
82.593600
82.598500
82.603700
83.781900
83.787000
83.791900
83.800800
83.807000
88.483400
88.487400
88.492800
88.499800
90.131800
90.137400
90.142800
90.151300
90.292200
90.298300
90.304400
90.310600
91.897600
91.902600
91.907200
91.912500
91.918700
91.925300
93.247300
93.254600
93.261500
93.275400
93.592500
93.597200
93.603800
93.612000
93.618600
94.280300
94.285700
94.290600
94.295900
94.306300
100.639400
100.647300
100.656000
100.666400
100.674000
102.567700
102.574700
102.581600
102.588400
102.601000
103.530300
103.536700
103.545100
103.551300
103.565400
106.034900
106.043000
106.048500
106.056800
106.065600
107.058200
107.062800
107.070900
107.078300
107.093300
108.924900
108.931500
108.937800
108.949300
110.372700
110.379200
110.386400
110.393400
110.401500
110.412800
111.684600
111.692400
111.700800
111.707100
111.715100
111.828800
111.836700
114.370600
114.380000
116.893200
116.899800
116.906700
116.913200
118.422500
118.436000
118.444000
119.863000
119.869700
119.874400
119.881700
119.891500
