spike times
1.353800
1.407000
9.373400
9.421100
9.443200
11.256100
11.266200
11.278900
11.288800
11.304800
11.320900
11.370900
11.714800
11.904200
11.912800
13.270900
13.279600
13.287500
13.301500
13.326100
15.629200
15.636700
15.644000
15.875900
15.895700
16.535400
16.546100
16.561700
16.573000
16.588200
16.605700
17.684000
17.700900
17.711600
18.628800
18.701300
18.985600
18.997200
19.005200
19.245500
19.261100
19.963500
20.181900
20.202400
20.904100
23.279100
23.288500
23.373000
24.506800
24.515900
25.071100
25.082500
25.472000
25.482000
25.509000
25.524600
25.534400
26.605000
26.632300
26.677600
27.846600
27.862000
29.998300
30.002200
30.005500
30.009000
30.012900
30.017000
30.020900
30.025300
30.029900
30.037000
30.041800
30.052800
30.142000
30.151600
30.159600
30.403600
30.416000
30.436000
31.212900
31.220300
31.228200
31.240700
32.028900
32.038200
32.056600
33.860900
33.872400
34.026600
34.036900
34.318300
34.329300
37.522500
37.546600
37.560000
38.710800
39.181500
39.193700
39.203900
39.782400
39.789800
39.796700
39.808000
43.630300
45.628100
47.156200
47.168500
50.876600
51.141400
53.394000
53.401400
53.408200
53.415300
53.991600
54.008200
54.021700
55.093800
55.103700
55.111600
55.119700
57.051800
57.779500
57.786300
57.798900
58.720000
58.731400
58.747700
59.661300
59.671200
62.224700
62.238900
62.255000
63.073700
63.088300
63.099900
63.442900
63.488700
64.437400
64.444800
64.465600
64.473300
64.874300
64.884200
65.055500
65.063500
65.071300
65.080100
65.085900
67.049600
67.062600
67.101400
67.121200
67.289900
67.302000
67.309100
71.348600
71.360800
71.853000
71.862300
73.594200
73.603000
73.609700
74.109900
74.997700
75.016600
75.024900
76.300100
76.371600
76.398700
78.355100
79.632400
79.639300
79.647700
80.250600
80.257900
80.265500
85.482600
87.153700
87.702200
87.711200
87.731600
87.770000
89.771800
89.780800
89.787800
89.794600
89.821000
