spike times
30.050100
30.054000
30.057800
30.061700
30.065700
30.069700
30.073500
30.077500
30.081500
30.086100
30.092100
30.098400
30.104300
30.110000
30.117100
30.127200
30.133300
30.187200
30.202800
30.211600
30.230500
30.266700
30.276000
30.360400
30.366800
30.384200
30.436200
30.443000
30.452400
30.459900
30.480200
30.495700
30.562200
30.575700
30.582900
30.592600
30.667000
30.682300
30.730900
30.757000
30.765000
30.890400
30.909000
30.919700
30.934700
31.109600
31.124400
31.306000
31.335100
31.346600
31.356400
31.449500
31.458700
31.467400
31.547500
31.721700
31.727800
31.746700
31.758200
31.792700
31.905800
34.553200
34.562100
34.571900
42.153200
42.166900
44.140500
44.148200
44.156600
44.168400
44.185100
72.510500
72.523000
77.067800
77.075600
98.645900
98.652500
98.660400
98.668100
98.674700
98.680800
98.689300
98.698800
100.025400
100.034400
100.047800
100.064400
100.077000
102.763900
102.772000
102.781300
102.792000
102.802200
102.812500
