spike times
5.782000
5.792700
5.801600
9.949300
9.960600
13.971000
13.978400
13.991500
14.003300
14.325100
14.335100
14.351100
19.733000
19.739200
19.747000
19.759000
19.776000
19.966900
19.978600
19.990700
22.378400
22.392900
30.039100
30.043200
30.046200
30.049300
30.052400
30.055400
30.059000
30.062100
30.065300
30.068400
30.071700
30.075200
30.079100
30.083000
30.087300
30.091600
30.096400
30.102000
30.107000
30.112300
30.117600
30.123600
30.129900
30.138000
30.144800
30.151300
30.157200
30.165400
30.173100
30.180400
30.190100
30.200100
30.210600
30.232700
30.241100
31.447800
31.455800
31.462300
31.471100
31.477600
32.156500
32.165400
33.332500
33.340900
33.349700
33.358500
33.962500
33.970900
35.219800
35.227600
35.238200
35.259500
39.069400
39.081900
41.283000
41.296400
41.304200
41.310700
41.318900
41.328900
46.750700
46.762300
52.190600
53.582800
53.594200
53.615300
62.705400
62.714700
66.044100
66.059600
66.068200
74.781200
74.795400
74.804300
76.473200
76.752200
76.757700
76.763300
76.768800
76.773700
76.780200
76.786900
76.796200
90.672700
90.680500
99.756200
102.149300
102.153800
102.159200
102.166200
102.174200
102.188500
102.298000
102.302200
102.306500
102.310800
102.315600
102.322300
102.327800
102.333500
103.159300
103.165600
103.173000
103.180100
103.885400
103.895300
103.904600
105.241000
105.250200
106.586000
106.595700
106.603300
106.613300
110.462100
116.017800
116.025300
116.041900
116.055600
116.069500
116.845900
116.853000
116.860700
116.873300
116.887100
116.894400
116.903200
117.451700
117.460800
119.867900
119.878100
119.887200
119.894400
119.903800
