spike times
0.057400
0.072600
0.088400
1.324700
1.475100
2.153600
2.164100
2.780900
2.794900
2.820500
3.039500
3.263100
3.282800
3.307300
3.718300
3.797900
4.005400
4.056500
4.318300
4.873600
4.900400
5.144700
5.641500
5.675500
5.814300
6.112800
6.929800
6.938300
7.200600
7.222000
7.511500
7.815300
7.823000
7.836000
7.978600
8.320000
8.758000
9.069300
9.666900
10.439300
10.484600
10.891800
10.903500
10.992800
11.653900
11.670400
11.682600
12.155100
12.341200
12.498700
13.342300
13.360200
13.907600
13.919000
14.065800
14.333700
14.351200
14.393600
14.404100
14.742900
14.758200
14.773800
14.867300
15.087600
15.102400
15.127800
15.309200
15.780000
15.797900
15.816300
15.836900
16.468100
16.480600
16.897900
17.277300
17.295100
17.714300
18.080300
18.299900
18.308000
18.450500
18.464000
18.674900
18.689500
18.889900
20.500500
20.644600
20.650600
20.658300
21.266100
22.054100
22.066000
22.541100
24.103300
24.351600
24.362500
24.816100
24.824600
24.832500
24.861700
25.255300
25.341900
25.506000
25.517700
25.890500
26.054200
26.308000
26.325200
26.338600
26.350000
26.659800
26.835100
27.302400
27.684400
27.995900
28.004200
28.017200
29.285000
29.459200
29.572300
29.683500
29.786700
30.051100
30.056200
30.060600
30.064600
30.068200
30.071900
30.075500
30.079400
30.083200
30.087300
30.091000
30.095300
30.099800
30.105300
30.111100
30.118400
30.132800
30.139200
30.152300
30.169800
30.225400
30.236000
30.246000
30.266300
30.387100
30.558000
30.643900
30.651900
30.685700
31.771700
32.008700
32.027200
32.309400
32.321000
32.403200
33.220600
33.233500
33.252000
33.566300
33.576100
34.455800
35.256700
35.279100
35.598900
35.650700
35.720300
36.288600
36.298400
36.539900
36.555800
36.693000
36.699200
36.711700
37.139500
37.148900
37.229200
37.238700
37.965000
37.975300
38.111500
38.726000
38.817000
39.176200
41.370500
41.393600
41.456300
42.274100
42.897100
42.908100
43.156300
43.166700
43.516600
43.531900
43.674400
44.142700
44.241100
44.901900
45.351200
45.382900
45.487700
45.958900
46.133400
46.147100
46.907000
46.919100
46.961000
47.175800
47.547300
48.260900
48.280600
48.302600
48.840600
49.373700
49.740900
49.929900
50.377900
50.711500
50.724800
50.733100
50.828200
50.848300
50.958000
51.058900
51.501500
51.922300
51.949900
52.730700
52.878300
52.905600
53.138900
53.636500
53.662200
53.850800
53.911400
54.291500
54.483300
55.093500
55.300300
55.845000
55.858100
55.873800
55.897900
56.057600
56.072800
56.258100
56.996300
57.007800
57.173400
57.734400
57.864400
57.899800
58.037200
58.047700
58.854600
59.300100
59.318500
59.334300
59.357100
59.367500
59.846800
60.509000
61.025400
61.045500
61.453000
61.695600
61.741400
61.812700
62.274900
62.544300
63.360400
63.382000
63.477400
63.646100
63.797000
64.559700
64.604700
64.970700
65.096100
65.127000
66.030200
66.057300
66.770500
66.942100
67.508700
67.544200
67.552600
67.574600
67.606800
67.764900
67.946500
68.532500
68.540200
68.627700
68.780500
68.794800
68.807500
69.481700
69.621300
70.025100
70.980300
71.004000
71.016600
71.033300
71.046700
71.693500
71.705300
71.791300
71.800600
72.547100
72.740000
72.752300
73.849300
74.130200
74.156900
74.169000
74.640800
74.648600
74.659300
75.236200
75.911000
76.268400
76.545400
76.785800
76.796700
77.013300
77.028300
77.054100
77.385800
77.851900
78.346700
78.504700
78.523300
78.644000
78.651200
79.107900
79.117000
79.301200
79.321000
79.346100
79.536300
79.549500
80.599100
80.650100
80.696400
80.741600
81.322500
81.379400
83.266000
83.293400
83.537400
83.887300
83.995100
84.005400
84.010700
84.018800
84.036800
84.148300
84.916800
84.976700
85.095700
85.113700
86.122500
86.146100
86.892400
88.445300
88.462700
89.184500
89.343600
89.367000
89.535400
89.546000
89.554300
89.570600
89.641300
89.746400
90.188600
90.438700
90.750700
91.443600
91.494200
91.666900
91.675100
91.686600
92.355100
92.372100
92.383400
92.774300
92.966300
93.510800
93.621300
93.630800
93.854300
94.018900
94.219600
94.449900
94.782200
95.582900
95.619600
96.268300
96.287200
96.381600
97.055600
97.239200
97.246400
97.255600
97.263200
97.288400
97.762100
98.647600
99.420100
99.647700
99.843700
99.856800
99.904900
100.274500
100.509900
100.560100
102.127500
102.543800
102.576200
103.075700
103.089200
103.246300
103.254000
103.263600
103.776400
103.794600
104.369600
104.623800
104.631100
104.644100
104.667000
104.905900
104.982900
104.994600
105.205000
105.217900
105.241100
105.653000
105.671700
105.777700
105.791100
106.166800
106.614000
107.396600
107.656300
107.834400
108.624700
108.991900
109.005100
109.412300
109.433200
110.105200
110.499700
110.702700
110.719200
110.726900
110.736900
110.868600
111.203600
111.429300
112.266500
112.811600
112.830400
112.840300
112.855400
113.593200
113.596900
113.600600
113.604100
113.608000
113.612000
113.617300
113.866900
114.175700
114.487600
114.500600
114.668800
114.855200
115.251400
115.595100
115.604800
115.919200
116.492800
117.082000
117.098600
117.733800
118.209500
118.330200
118.415300
118.428000
118.533800
118.747500
118.757600
119.448200
119.466000
