spike times
0.827100
3.819700
8.701100
9.487500
12.453500
15.594400
16.147700
19.691800
19.712200
21.325300
22.923300
26.557400
27.531100
29.946300
29.956000
30.024100
30.063100
30.892200
32.983400
39.517000
39.829100
39.854400
44.872900
45.449500
46.108400
46.639600
48.982000
49.885900
50.454300
52.816900
53.438700
58.368200
58.397500
58.412200
62.947700
63.685700
65.596500
66.070300
66.760700
68.784100
69.006600
69.026800
74.279200
74.298100
75.854600
76.357200
76.370900
78.476600
81.513400
83.547600
83.563200
89.058400
89.786200
91.797100
92.975600
93.841000
96.422800
103.036300
103.062100
103.811300
104.767400
104.778700
105.280400
106.984200
107.159500
108.459200
109.038000
109.129300
109.249900
110.762300
