spike times
9.871900
12.505800
12.514400
12.544700
12.559300
13.828300
13.843900
14.442800
14.452500
14.474200
14.782200
17.596000
19.309400
19.314700
19.320400
19.326000
19.332200
19.339300
21.994200
22.002100
22.019500
22.299600
22.306400
23.719200
23.728600
25.332800
26.296100
26.303900
26.313700
26.326100
26.334300
26.719300
29.237800
29.251700
29.262700
30.057900
30.063500
30.068600
30.074200
30.081200
30.087900
30.095500
30.103000
30.115400
31.317800
31.324200
31.334400
31.347200
33.125600
33.144700
33.156800
33.170900
34.730500
35.707900
35.717500
35.730700
37.446000
37.458200
39.643200
40.958000
40.964900
40.976700
40.997500
41.007300
46.454500
46.464900
46.473000
46.485500
46.495300
46.506700
48.414300
48.419600
48.425000
48.430700
48.436000
48.441900
48.449200
48.456400
48.465000
48.595900
48.605100
48.612800
48.784300
50.197200
50.486200
50.492900
50.499800
50.507700
50.519400
56.464000
56.469300
56.474200
56.479700
56.486000
56.492800
56.501500
56.519900
60.927400
60.936800
60.949600
60.960000
60.968400
61.412500
61.422300
61.428700
64.188300
64.201300
64.208700
64.222400
65.087800
65.094100
65.101500
65.118800
68.222900
68.230600
68.239100
68.247100
68.259200
68.268300
79.291300
79.302400
81.144900
81.875800
82.996500
83.002300
94.342300
95.773200
95.779000
95.788100
95.803400
101.506200
101.513900
101.528000
103.287000
103.301300
103.676400
103.684800
105.823100
105.834600
105.844300
107.623400
107.631100
107.637900
107.643600
107.654900
107.661100
107.684600
111.027800
111.034500
111.041200
111.047500
111.059200
