spike times
6.942000
7.114100
8.109400
8.120900
9.685800
10.183300
10.858500
11.526400
11.583600
13.103100
13.127000
14.047800
15.199300
16.261400
16.734000
16.747300
16.968900
17.166900
17.397200
17.646900
19.521100
20.679400
20.747200
23.660700
23.692100
26.213600
26.250500
26.269800
26.656400
26.720800
26.732500
26.881800
28.177700
28.199000
28.217400
28.545100
29.400400
29.462600
30.041900
30.048000
30.052400
30.057300
30.061500
30.064800
30.068300
30.072200
30.075800
30.079500
30.083300
30.087500
30.091300
30.095000
30.098900
30.103700
30.108300
30.113800
30.118400
30.122900
30.127600
30.133900
30.139100
30.144300
30.149500
30.154600
30.159400
30.164800
30.171300
30.177000
30.183500
30.188700
30.195900
30.201800
30.212900
30.218900
30.224400
30.233800
30.239400
30.247400
30.253800
30.259400
30.269200
30.277400
30.285200
30.290800
30.298900
30.307300
30.322800
30.328900
30.360900
30.369000
30.376100
30.383400
30.394700
30.413700
30.445900
30.453500
30.459800
30.469100
30.485800
30.493800
30.526700
30.534200
30.547300
30.563600
30.577700
30.602700
30.638800
30.644500
30.665600
30.684700
30.691300
30.699200
30.757200
30.764700
30.772600
30.792400
30.800000
30.813900
30.835400
30.857500
30.873000
30.936600
30.975700
31.019500
31.033500
31.076800
31.085300
31.091000
31.100100
31.106900
31.155600
31.162000
31.228100
31.284700
31.291400
31.301400
31.319600
31.327700
31.336500
31.348000
31.389600
31.397500
31.420700
31.428400
31.463200
31.550000
31.555600
31.588000
31.636700
31.647000
31.673700
31.734800
31.747300
31.814000
31.823000
31.829500
31.854900
31.884200
31.904800
31.925600
31.949100
32.002600
32.011300
32.026400
32.072800
32.090000
32.097500
32.112400
32.187100
32.215100
32.224000
32.231600
32.244600
32.255300
32.292000
32.353300
32.372500
32.416500
32.448700
32.468500
32.503300
32.552100
32.604100
32.614000
32.654900
32.699500
32.715500
32.749900
32.768700
32.783400
32.800100
32.871500
32.939300
32.976700
33.007000
33.025400
33.036200
33.041900
33.056900
33.078500
33.145100
33.154000
33.233300
33.243500
33.263600
33.303300
33.364200
33.390500
33.410000
33.420000
33.469900
33.494200
33.502200
33.555900
33.563400
33.590100
33.604100
33.631700
33.641200
33.651600
33.709500
33.727100
33.761900
33.799200
33.812000
33.821700
33.837700
33.882700
33.898000
33.968500
34.025700
34.038300
34.066300
34.171800
34.236800
34.245100
34.292400
34.317100
34.412200
34.506100
34.515800
34.585400
34.651400
34.658300
34.682200
34.691900
34.702200
34.726600
34.746400
34.769800
34.796000
34.822700
34.886100
34.902700
34.941100
34.998100
35.969200
35.978600
35.985300
36.024200
36.106600
36.367800
36.498900
36.509700
36.596600
36.800500
36.859100
36.869100
37.149800
37.255300
37.269200
37.366900
37.416500
37.632300
37.818900
38.010000
38.021700
38.200300
38.257300
38.725300
38.798500
39.284800
39.576900
39.589100
39.634500
39.690900
39.699000
39.722900
40.024800
40.038300
40.061200
40.071700
40.092600
40.197500
40.249700
40.279500
40.349500
40.437100
40.587700
40.894300
41.155100
41.260200
41.314400
41.388600
41.400900
41.455900
41.740300
41.852600
41.881200
42.196400
42.209000
42.222600
42.464100
42.473800
42.650900
42.794900
43.099000
43.307700
43.319800
43.331300
43.342400
43.348900
43.439100
43.568900
43.938400
43.956300
43.976200
44.173600
44.307100
44.317900
44.327700
44.640400
44.763700
44.808000
44.823700
44.930600
44.986700
45.250600
45.431800
45.684600
45.938700
45.951800
45.961000
45.993400
46.091000
46.249400
46.495900
46.842400
46.977700
46.997500
47.005500
47.046200
47.062300
47.181700
48.206000
48.257300
48.489400
48.900000
49.055600
49.107400
49.266100
49.612800
49.650200
50.112300
50.183200
50.261400
50.287800
50.307800
50.364700
50.815800
50.858200
50.871700
51.114700
51.341300
51.441000
51.449700
51.711200
51.932900
52.005900
52.207200
52.436700
52.525900
52.540000
52.635000
52.934300
53.381800
53.407500
53.923300
53.944000
53.969800
54.551700
54.565500
54.968800
55.294400
55.306100
55.317500
55.327400
55.382500
55.399500
55.418100
55.435700
55.579400
55.872000
55.933500
56.111500
56.138700
56.150400
56.158700
56.319200
56.663300
56.676600
56.722900
56.740500
56.747600
56.778000
56.905100
56.971200
57.126700
57.205200
57.348100
57.406700
57.751000
58.045800
58.177300
58.316600
58.418900
58.448700
58.791200
59.008300
59.023200
59.476700
59.553900
59.638800
59.650800
59.884300
59.978600
60.128200
60.136900
60.162400
60.178400
60.191500
60.410000
60.418300
60.425000
60.747700
60.855400
60.875800
60.971900
61.346900
61.569300
61.849600
62.038800
62.045200
62.225700
62.252400
62.540900
62.553900
62.901700
63.154600
63.213000
63.526200
63.540600
64.137900
64.334700
64.372600
64.394400
64.408700
64.422600
64.530700
64.781200
64.796200
65.259100
65.588500
65.775200
65.804800
65.825700
66.125300
66.145300
66.451800
66.466500
66.797700
66.962800
67.019500
67.205700
67.371300
67.964200
68.363800
68.376000
68.387800
68.443900
68.710100
68.717600
68.738900
69.013600
69.223600
69.231400
69.937100
70.768800
70.788200
70.806500
70.832900
70.855400
71.117200
71.134700
71.158200
71.189700
71.351100
71.528200
71.541600
71.737200
71.752000
72.086400
72.137300
72.548700
72.565500
72.575500
72.718500
72.733500
73.339100
73.384000
73.915800
74.226900
74.239900
74.246000
74.260100
74.274800
74.309000
74.471700
74.485000
75.235900
75.256100
75.266200
75.275300
75.333400
75.602300
75.928500
75.954500
76.343800
76.910700
76.930600
76.987500
77.211000
77.307700
77.609300
77.994600
78.022300
78.487500
78.502100
78.986900
79.400900
79.809700
80.349000
80.372800
80.766500
80.774700
80.783000
80.804600
81.005700
81.575500
81.632900
81.673800
82.050900
82.062200
82.082500
82.321200
82.438600
82.822800
83.133700
83.242000
83.764800
83.816100
83.843700
84.549600
85.001500
85.013600
85.829500
86.888600
86.897800
86.903200
86.935800
87.525400
88.215500
88.231700
88.242700
88.419000
88.687100
88.704400
88.724300
89.301700
89.319800
89.333100
89.343800
89.360100
89.945100
90.141500
90.154600
90.164800
90.188000
90.599200
91.245600
91.416100
91.432600
91.717100
91.901400
92.445500
92.471200
92.659300
93.126900
93.236600
93.643500
94.081200
94.312300
94.409300
94.588800
94.596300
94.891100
94.956600
95.465900
95.977400
96.373300
97.016000
97.028600
97.055900
98.200500
98.392100
99.191800
99.213600
99.447600
99.587000
99.633900
99.661900
100.010300
100.523200
100.538500
100.553300
100.902700
101.164700
101.572900
101.590700
101.600500
101.913200
102.419200
102.968000
103.007700
103.201100
104.519300
104.565600
104.900100
104.908600
104.958200
105.180700
105.221000
105.274000
105.608200
105.677600
105.687700
105.697100
106.129000
106.807900
106.817400
106.829700
106.841000
106.908900
107.060900
107.281500
107.294500
108.767700
108.842800
109.044600
109.364000
109.483400
110.489800
110.767700
110.937800
110.945200
110.954300
110.962300
110.971400
110.981800
111.077200
111.731700
111.779000
112.451600
112.986600
113.151400
113.164700
113.328100
113.337300
114.297000
114.511500
114.518700
114.542500
114.560700
114.573300
114.710000
115.367500
115.485400
115.498400
115.672400
115.679400
115.699700
116.039500
116.633100
116.680200
116.725900
116.959200
117.158000
117.750900
117.778000
117.793300
117.986900
118.409800
118.433800
119.118500
119.152100
119.273800
119.367000
119.633200
