spike times
1.713300
1.727600
1.747900
1.765600
2.041300
2.064500
2.482400
4.367600
4.378700
4.388600
4.877200
4.889400
5.139500
5.155100
6.599200
7.053100
8.686200
8.694800
9.664200
10.553700
10.569800
11.316000
11.659800
11.894500
12.708200
12.721900
13.653600
14.241100
14.758600
14.771200
15.349200
15.361300
15.721500
15.730100
15.738300
17.879300
17.899300
18.363800
18.372700
20.279200
21.930100
21.943500
22.445200
24.266600
24.290200
24.694700
26.827500
26.839800
26.860900
27.001400
27.180100
27.445600
28.401000
29.001200
29.821500
29.840300
30.039600
30.043600
30.047600
30.051600
30.056100
30.061300
30.066700
30.072300
30.087300
30.165300
30.175300
30.182900
31.203700
31.501300
31.767300
32.177700
32.367800
33.203200
33.404700
33.827100
33.840400
34.008900
34.020300
35.061200
35.863700
35.884300
36.866100
36.892300
36.902300
36.928200
37.146300
37.156900
37.608200
37.616800
37.916600
38.036000
38.565800
38.573600
38.583400
39.033100
39.051400
39.073800
39.832700
40.940300
40.948600
40.968200
41.978500
41.988400
42.005200
42.302300
44.702700
44.850100
45.710400
45.720300
46.746500
47.016300
47.033600
47.866200
47.890300
47.924200
48.656000
49.156400
49.170700
50.282400
50.705900
50.715300
50.731300
51.004800
51.960100
51.985400
52.268900
52.276200
52.607000
52.617400
54.506700
54.515200
54.530800
54.542400
54.556500
55.249600
56.167000
56.176400
58.998100
59.660900
60.209700
61.279400
62.390600
62.590800
63.202800
63.913700
66.276300
66.285900
66.304300
66.763500
66.873700
67.253000
67.270600
67.692200
67.711100
68.594000
68.613900
71.228500
73.450600
76.056900
76.335500
76.365100
77.876300
77.894500
77.904400
78.781100
78.790600
78.803400
78.816500
79.508900
79.524300
79.901400
79.912200
81.532900
82.067000
82.353700
82.378400
82.931800
84.607200
84.627200
84.798600
84.811600
85.583800
85.608000
86.366300
86.651100
86.966600
87.472300
87.483800
