spike times
0.782900
1.418100
1.491300
1.804500
2.394300
3.957900
4.907500
4.926600
4.959100
5.146100
5.161900
5.437300
5.630200
5.641100
5.684000
6.260500
6.813500
10.138600
10.151000
10.168600
11.284000
11.304700
11.319700
11.835200
11.959600
13.410900
13.434300
13.988800
15.081600
17.916200
17.946100
18.663100
19.545300
19.891600
19.918200
20.813500
20.867000
22.238500
22.761400
22.775500
23.754300
24.099600
24.115900
26.646100
28.379500
28.396400
30.045100
30.053600
30.059100
30.063700
30.067900
30.071700
30.075500
30.078800
30.083200
30.087700
30.092100
30.096700
30.100900
30.105600
30.110800
30.115600
30.120600
30.124800
30.130000
30.134100
30.138400
30.143000
30.148600
30.153500
30.158300
30.164200
30.169300
30.175200
30.182400
30.187700
30.192500
30.198300
30.204700
30.210400
30.221600
30.231100
30.238600
30.246100
30.253000
30.258900
30.268000
30.274400
30.283500
30.289700
30.296000
30.310500
30.316100
30.320800
30.326100
30.341700
30.348000
30.353800
30.360600
30.368400
30.381100
30.389500
30.399100
30.411400
30.422900
30.432400
30.447700
30.467800
30.486000
30.495400
30.508500
30.520200
30.546800
30.554000
30.582800
30.591100
30.629700
30.649200
30.673400
30.681000
30.689700
30.698000
30.728100
30.737900
30.750700
30.810800
30.820800
30.828900
30.858000
30.865100
30.895500
30.914700
30.948400
30.953700
30.961000
30.970000
30.981900
30.995400
31.036200
31.078600
31.532500
31.540700
31.553500
31.570300
31.879500
31.892900
31.902100
32.033400
32.190000
32.205700
32.376400
32.392900
32.651400
33.172500
33.258300
33.318500
33.437900
33.485800
33.513100
33.810100
33.824700
34.020900
34.032200
34.072800
34.794500
35.112600
35.751700
35.824600
35.863700
35.875900
36.840800
36.939600
37.992700
38.040800
38.048600
38.068500
38.086700
38.102700
38.118300
39.060100
39.204200
39.241800
39.250500
39.368000
39.912200
40.194500
40.229500
40.244300
40.644300
40.653100
41.083600
41.403800
41.412800
41.432000
41.450700
41.472900
42.300000
42.339400
42.385700
42.951200
42.969900
42.982500
43.014800
43.256000
44.065700
44.235400
44.246400
44.304300
44.738000
44.982000
45.175100
45.186400
45.198800
45.223500
45.237800
45.572700
46.043300
46.475500
46.601200
47.109200
48.128000
48.165200
48.176700
48.844700
48.978900
49.295000
49.472900
50.328900
50.378800
50.402900
50.873700
50.897300
51.506900
51.779500
52.215400
52.226400
52.271600
52.291700
52.312900
52.697900
52.777700
53.512100
53.520700
53.587800
53.605900
53.975300
54.601200
54.611700
55.001400
56.067900
56.136000
56.386200
56.404600
56.482700
56.492900
56.691300
56.704600
56.726000
56.735000
56.748000
58.323800
58.857600
58.942100
59.185600
59.726800
59.944500
59.961800
59.971500
60.512600
61.313000
61.535700
61.547800
61.638200
61.654500
63.097800
64.357400
64.639600
64.666600
65.889600
65.923600
65.981700
66.024400
66.964100
67.344300
67.881600
67.897100
68.117400
68.125300
68.298900
68.854800
69.243900
69.627000
71.337900
71.351000
72.108700
72.607300
73.003100
73.313700
74.434200
75.733300
76.448800
76.487800
76.509100
78.361500
78.394300
78.882900
79.691700
81.656000
81.777200
81.793400
81.832600
83.141000
83.153900
83.169000
83.224500
85.906400
88.234400
88.346800
89.710000
89.848800
90.358300
91.184700
93.286700
93.473800
94.972100
95.787000
96.796100
96.894600
96.912300
96.930000
97.642600
98.006300
99.725400
102.340000
103.294200
103.613700
103.687400
106.400000
106.932000
106.962400
107.745600
108.044000
109.723200
109.933600
110.940700
111.906300
112.306900
113.093300
114.435900
114.459400
114.485500
114.610700
114.738700
114.755600
118.245100
119.359300
