spike times
0.423900
0.436700
2.527200
2.539500
4.155700
4.170200
4.183400
4.194200
4.652800
5.553300
5.571900
5.593600
7.329200
7.338600
7.956600
7.965800
10.035600
10.047100
10.053900
10.429800
10.442300
10.449500
10.478400
10.540600
11.214400
14.057600
15.051300
15.059300
15.067600
15.946800
16.053000
16.170300
16.178500
16.248900
16.264100
17.635000
17.769700
17.777200
18.812100
20.174300
21.050800
21.061800
21.070800
21.084700
21.960500
22.620300
22.627900
22.665200
24.384800
24.391900
24.938300
25.252400
25.258700
25.274200
25.281900
25.500000
25.508300
25.718100
26.402000
27.380000
27.396500
27.569800
27.577100
27.587300
27.680400
30.038100
30.042000
30.045300
30.048400
30.051500
30.054600
30.057800
30.061100
30.064200
30.067600
30.070700
30.074200
30.077900
30.082100
30.086600
30.091400
30.096500
30.102400
30.107700
30.112400
30.117700
30.124100
30.129800
30.135700
30.143000
30.151700
30.158300
30.164900
30.170200
30.177700
30.185300
30.193700
30.199600
30.209700
30.215700
30.223000
30.230400
30.240800
30.249600
30.259400
30.268500
30.278700
30.289300
30.297400
30.306000
30.325100
30.340400
30.347800
30.357800
30.365000
30.372900
30.386200
30.394400
30.402600
30.435500
30.447200
30.468600
30.493100
30.517200
30.530900
30.550400
30.578500
30.585500
30.593200
30.604900
30.631500
30.677100
30.684600
30.714000
30.722700
30.732700
30.753200
30.779300
30.808700
30.815200
30.853000
30.864000
30.882300
30.908000
30.935400
30.941900
30.984700
31.009900
31.019200
31.026800
31.034900
31.087200
31.141300
31.149600
31.160200
31.176600
31.208700
31.232400
31.287500
31.298400
31.308400
31.333900
31.370400
31.378700
31.391900
31.435800
31.449700
31.464000
31.474200
31.526900
31.537000
31.573400
31.580400
31.591300
31.653400
31.667800
31.678200
31.687600
31.723300
31.736600
31.752600
31.776800
31.793800
31.799000
31.806400
31.850000
31.886300
31.905700
31.911600
31.929900
31.984600
32.006900
32.018900
32.800100
32.805900
32.812900
32.823600
32.831800
32.839400
33.125700
33.131700
33.245100
33.254400
33.264200
33.276200
33.282100
33.542600
33.548600
33.584100
33.915300
33.926700
33.932200
34.082200
34.203700
34.210800
34.391800
34.400000
34.406000
34.459300
34.465800
34.474000
35.479700
35.488500
35.917000
35.938200
36.420200
36.436300
36.535300
36.647200
36.753800
37.890400
37.896500
38.547100
39.202500
39.212900
39.224800
39.632300
39.639000
39.692900
40.488500
41.035300
41.043300
41.197200
41.674000
41.685200
41.858200
41.863200
41.868100
41.877800
41.889000
42.863600
42.877000
43.676700
43.682300
43.695700
43.707500
44.466700
44.604900
45.256000
45.313100
46.419400
46.656200
46.664600
47.926100
47.933500
47.949300
48.691000
48.700200
48.710400
48.751400
48.756900
49.405600
49.472800
49.813000
49.821000
50.529500
52.102400
52.857400
52.869200
52.935700
53.105600
53.127200
53.630800
53.645800
53.658500
53.692300
53.965500
53.984900
53.991900
54.589600
54.597400
55.605800
55.877200
56.800700
57.407600
57.418500
57.424000
57.435000
57.820200
58.660100
58.667600
58.709800
59.232500
59.328800
59.354100
59.448200
59.832900
60.385700
60.396000
60.463900
60.490400
60.504600
61.032400
61.446100
61.456900
61.463700
61.630300
61.640300
61.651400
61.999100
62.007800
62.591800
63.525200
63.532700
63.546900
63.870100
64.643800
65.169300
65.294300
65.310300
65.324000
65.490100
65.504800
66.275600
66.313400
66.326200
67.012700
67.681800
70.363400
70.371100
70.592600
70.600100
70.608500
70.617600
71.431500
72.865600
74.384900
74.395300
74.926600
76.077300
76.089800
76.099100
76.810100
76.823400
76.837200
76.854100
77.440100
77.448600
78.414800
78.424100
79.012400
79.021000
79.031000
79.041800
79.057800
79.210900
80.728200
81.216200
81.956100
81.975700
81.985500
82.269400
82.277500
82.301100
82.306600
82.906200
83.067000
83.072700
83.086400
83.978300
83.990900
84.006500
84.939500
84.976500
84.989400
85.520000
85.529700
85.549900
86.372800
86.386200
86.934900
87.489600
87.729000
87.751200
89.251100
89.337900
91.000200
91.008500
91.020200
92.411600
92.433300
93.778800
93.804600
95.145700
95.155600
95.169800
96.259200
96.274700
97.057400
97.259500
97.276400
97.287000
97.599300
98.480200
98.515200
99.304500
99.312600
99.344500
99.539300
104.343300
104.439000
104.930900
105.646100
107.621700
108.592400
108.605900
108.899400
109.319700
109.357300
109.400900
111.049600
111.817100
112.255700
113.594100
113.863500
114.650400
114.683000
114.696000
115.697300
115.716400
116.359700
116.387900
116.409500
117.113500
117.196600
117.328100
118.476900
118.488100
118.555200
