spike times
10.414100
10.423200
10.430900
10.438200
10.444500
10.451800
10.458600
10.465200
10.604200
10.611400
10.620300
10.628500
10.635800
10.968700
10.979500
11.261900
11.271500
11.797600
11.813000
13.471300
14.525600
14.531700
14.536700
14.543100
14.551100
14.560000
16.301400
16.311500
16.347300
17.708200
17.724300
19.061100
19.069900
19.079300
19.094300
19.102000
22.235800
22.244000
22.253800
23.261300
23.272000
24.955100
24.975600
25.698900
26.878000
27.585700
29.167200
30.036100
30.040700
30.044600
30.049100
30.053900
30.057900
30.062200
30.066300
30.070200
30.075100
30.080900
30.087800
30.099200
30.138200
30.147100
31.179000
31.189100
31.196900
32.679700
32.688300
34.080400
35.182800
35.203900
35.218300
36.580000
36.589700
36.604700
36.621800
37.475500
37.495000
39.608600
39.618300
39.625700
39.635900
40.042600
40.831700
40.840500
41.564300
41.595500
42.193800
42.202300
42.460200
44.893300
44.910200
44.927100
47.792700
47.801500
49.736500
49.761100
50.395200
50.425800
51.281000
54.071100
54.080800
54.088900
54.099700
56.805900
57.092200
57.109000
58.110100
58.121300
58.131700
58.141500
58.151800
58.167300
58.350000
58.355900
58.369700
58.475800
58.502600
58.977600
61.920800
61.931500
64.723700
65.681700
66.956500
67.008500
67.019400
67.232600
67.244700
69.737800
71.612300
71.640000
71.655600
71.873000
71.879500
71.889100
71.896000
71.901300
71.907800
71.915700
71.929000
72.030000
72.042900
72.051200
72.403300
75.200900
75.208200
75.216600
77.513100
77.872500
77.882300
79.902100
79.915100
79.924800
79.933800
84.593700
86.052700
86.062500
86.423100
88.026100
88.033600
88.048500
88.655700
88.663700
88.672700
90.347200
90.357400
90.370400
101.214900
101.229000
101.243100
104.808900
