spike times
0.066000
0.609300
1.160200
1.170600
1.182700
1.204900
1.362300
1.638300
3.817000
4.532500
4.794600
4.803900
6.210600
6.625800
7.337300
7.701500
8.593400
8.603900
8.613000
8.626200
9.027400
9.039800
9.382700
9.390600
9.402500
9.415800
9.947100
9.964400
10.738800
10.920700
10.944100
11.156600
11.278500
11.290500
11.630100
12.337800
12.348800
12.929000
13.325300
13.516200
13.525900
13.532000
13.544700
13.781600
15.474700
15.630200
16.393300
17.075900
17.344500
17.910600
17.935100
17.944900
18.336300
18.370100
18.658100
19.402300
19.456500
19.898700
19.917000
20.885400
20.897700
21.176200
21.203500
21.216700
21.228900
21.716200
21.728100
21.739700
22.097200
22.107000
22.659300
23.161600
23.170100
23.215500
23.480900
23.504800
23.812800
23.897200
24.373700
24.383000
24.609900
25.103600
25.379600
25.536700
25.546400
26.164100
27.553100
27.914800
28.665300
28.673600
29.272400
29.639200
29.676000
30.046700
30.050600
30.054300
30.057600
30.060800
30.064400
30.067500
30.071100
30.074500
30.079100
30.083900
30.088200
30.093200
30.099000
30.104300
30.110200
30.115600
30.121100
30.126400
30.133100
30.139500
30.146300
30.151400
30.157000
30.163200
30.170300
30.177600
30.186900
30.195500
30.201700
30.210200
30.216500
30.229200
30.240400
30.252300
30.260700
30.268500
30.276200
30.282900
30.290800
30.297400
30.304000
30.312600
30.323900
30.331600
30.341400
30.355900
30.365700
30.378600
30.387300
30.399000
30.408300
30.416800
30.427100
30.436400
30.447100
30.456500
30.464700
30.474000
30.495600
30.503200
30.522200
30.545800
30.910500
31.457000
31.998700
32.189500
32.196100
32.216100
32.227800
32.666600
32.705500
33.284800
33.593300
33.710700
34.577500
35.301800
36.110100
36.135600
36.151300
36.361900
36.371500
36.953600
37.604600
37.673900
37.879000
38.149000
38.618200
38.800900
39.158900
39.744700
39.755500
40.372700
40.384300
40.394500
40.585400
40.868000
40.880900
40.906600
41.153700
41.183900
41.196600
41.424500
41.783600
41.791500
41.856200
42.351800
42.447400
43.154400
43.662000
43.682500
44.199700
44.247800
44.615700
44.637200
44.654000
44.944700
45.236700
45.247700
45.261800
45.274800
45.437500
46.270200
46.393000
46.708800
46.974400
46.979800
46.995500
47.014600
47.355000
47.734000
48.165200
48.433600
48.447700
49.075900
49.104300
49.682200
49.865500
50.184800
51.283100
52.217400
52.232500
52.848000
53.226400
53.241600
53.258500
53.485200
54.094500
54.104100
54.721200
54.731400
54.849600
54.870000
55.225100
55.455300
55.699200
55.711600
55.722100
55.732800
56.690400
56.699200
57.927600
57.941200
57.963500
58.227100
58.238500
58.385400
58.398300
58.657900
58.682600
58.836700
58.849100
59.053400
59.618800
59.883000
59.894500
59.913600
59.931000
59.945500
60.221500
60.237300
60.248200
60.313100
60.829800
60.840700
61.316900
62.239600
62.336000
62.371200
63.075600
63.093100
63.300800
63.309400
63.438900
64.073200
64.160700
64.260600
64.282200
64.741200
64.753600
64.975800
65.653800
65.856600
66.066100
66.147300
66.164000
66.427600
66.600300
67.071200
67.079800
67.091900
67.111000
67.258800
67.265800
67.457600
67.485600
67.867600
68.620600
68.846700
69.038100
69.439800
69.750300
70.045000
70.415000
70.422900
70.433000
70.445900
70.673000
70.828000
70.862900
71.190500
71.201400
71.707300
72.089600
72.598400
72.614500
72.746600
73.074200
73.328300
73.498300
73.513900
73.995000
74.004700
74.013700
74.026500
74.062500
74.069000
74.176000
74.894100
75.510600
75.525200
75.547000
76.005900
76.063000
76.070800
76.274500
76.470400
76.598100
76.750700
77.437100
77.627200
77.826400
77.834100
77.843200
77.851400
78.385900
78.400200
79.315300
79.331700
80.111000
80.132300
80.144400
80.506300
80.616700
80.626000
80.640500
80.754800
80.762800
81.277600
81.286200
81.322200
81.330700
81.834700
81.848300
81.870100
82.081400
82.604200
82.614800
82.627000
82.821000
82.832400
82.913800
83.234200
83.375800
83.618500
84.125500
84.133300
84.146600
84.363600
84.628100
84.966100
84.972800
85.157800
85.165200
85.173300
85.751300
85.875000
86.708300
86.993800
87.307200
87.952700
87.961300
87.969200
88.806300
88.815800
88.822600
88.848900
89.106000
89.367800
90.263700
90.288200
90.297500
90.817900
91.070600
91.084900
91.195000
91.204100
91.687900
91.704700
91.764600
92.763500
92.917900
93.212600
93.343300
93.853900
94.054500
94.381900
94.392900
94.658500
94.670500
94.682600
95.519000
95.843400
96.627000
96.699700
96.852200
97.340900
97.352000
97.480100
98.182200
98.795700
98.836900
98.958300
98.972500
98.995800
99.212100
99.497900
100.296700
100.311500
100.909100
100.995500
101.003400
101.015100
101.270800
101.282300
101.298200
102.061500
102.073000
102.089100
102.577800
102.593200
102.904000
103.437000
103.450900
104.052100
104.059500
104.067400
104.409900
104.943700
104.954500
104.971600
105.283200
105.299700
106.093800
106.513300
106.650800
106.665000
107.619600
107.695200
108.363600
108.381800
108.486900
108.503600
108.628100
108.975900
109.214200
109.623000
110.030900
110.046800
110.831800
111.111600
111.139300
111.245800
111.261200
111.590500
111.600400
111.701200
112.025100
112.761100
113.097100
113.105300
113.120900
113.151700
113.807900
114.299000
114.318000
114.330500
114.630400
114.643200
114.675500
115.051200
115.064400
115.525000
115.541900
115.794800
116.512200
116.520900
116.765200
116.778200
116.791000
117.593300
117.603600
117.932000
118.254100
118.892100
118.901000
119.030100
119.038600
119.052900
119.179800
119.576400
119.598500
119.611200
