spike times
0.119800
0.311500
0.962800
1.039700
1.051000
1.149600
1.554800
2.424000
2.672400
2.693100
3.055600
3.066100
3.076900
3.419800
3.758300
3.765800
4.542100
4.552400
4.560900
6.046000
6.053700
6.088600
6.231300
6.662400
6.673200
8.165100
8.818600
8.955800
9.383000
9.957700
10.239200
10.304100
10.899100
10.919400
11.560400
12.137800
12.148300
12.158400
12.529600
13.186400
13.619500
14.032100
14.039800
14.048700
14.066600
14.673100
14.689500
15.043400
15.056600
15.423100
16.006200
16.018000
16.220000
16.976500
16.991400
17.000900
17.446900
17.714600
17.738000
18.021500
19.038000
19.109800
19.614400
20.132000
20.149000
20.207800
20.930900
21.242800
21.285600
22.329400
24.137800
24.157400
24.492600
25.540700
25.557500
26.479900
26.682900
26.696500
26.783100
26.790800
27.004400
27.794900
27.814000
27.943800
28.332500
28.860900
28.872800
28.886600
28.954900
29.218600
29.230700
29.356200
29.366200
29.408100
29.855400
29.984500
30.038500
30.043300
30.047800
30.053100
30.058100
30.062400
30.066800
30.098500
30.109200
30.900600
31.601700
31.718100
31.995600
32.074100
32.357700
32.771200
32.786700
33.277100
33.894600
33.904400
33.915900
34.050900
34.341500
35.526100
35.711100
35.766000
36.035000
36.049000
36.059500
36.638100
36.726600
36.989100
37.005200
37.975700
38.056400
38.368100
39.176200
39.385500
41.825200
41.838800
41.857500
42.169900
42.197700
42.537900
42.550300
42.566300
42.667100
43.159600
43.166600
43.176800
43.718300
43.736200
44.002800
44.390600
44.404000
45.466700
45.945400
46.209400
47.421100
47.435100
47.450900
47.490100
47.607800
47.623400
48.129100
48.135300
48.151500
48.158600
48.497400
48.748000
49.327100
50.720900
50.738200
50.752400
51.065600
51.201000
51.697900
51.704700
51.713000
51.741100
52.035200
52.044400
52.072200
52.083500
53.336000
53.356800
53.618100
53.875900
53.888900
54.425000
54.436100
54.880500
55.163900
55.526900
56.403400
56.412800
56.423900
56.639000
56.649500
56.959500
56.967500
56.980400
56.999300
57.357600
57.382000
57.658800
59.666000
59.897300
60.149500
60.447600
60.453600
61.053100
61.602800
61.847900
63.265100
63.285000
63.303900
63.474400
63.806800
63.815800
64.397300
64.420000
65.051900
65.586100
65.595200
65.631300
66.143900
66.152400
66.170500
67.001600
67.488400
67.496300
67.508100
67.521500
67.532200
67.786800
68.543700
68.553500
69.080000
69.108400
69.271500
69.281600
69.295200
69.475400
69.940800
70.490300
70.626900
70.635100
70.659600
71.912000
72.667500
72.758200
73.064700
73.075200
73.599500
73.605400
73.610800
73.622100
74.060800
74.079400
74.239500
74.582900
75.080600
75.087900
75.098000
75.109500
75.899300
76.570900
76.845900
76.854200
76.885900
77.101000
77.329000
77.523600
77.531600
77.713900
78.152600
78.216000
78.227100
78.607000
78.961600
78.982600
79.408800
79.423600
79.431600
79.526500
79.769400
79.783100
80.177300
80.199600
81.873600
82.166800
82.177100
82.191500
82.199500
82.215800
82.384200
82.513400
82.638800
83.617300
83.624600
83.633300
83.646700
83.661600
84.320400
84.332700
84.577700
85.115400
85.765600
85.782300
85.796700
85.812500
86.460900
86.972900
87.235800
87.370200
87.645000
87.656600
87.674800
89.078000
89.094900
89.398400
89.869300
89.880000
90.204000
90.219700
90.379900
90.548200
90.559000
90.715500
90.734400
91.145700
91.159900
91.585200
91.600300
91.631300
92.126900
92.663900
92.676900
93.119700
93.141300
93.155400
94.152000
94.371100
94.629400
94.638300
94.943500
95.045700
95.410600
95.702600
95.718200
96.226900
96.251700
96.834700
96.847900
97.500800
97.517200
97.645400
98.903200
98.913500
98.927100
99.666800
100.042500
100.056100
101.210700
101.234200
101.246700
101.810500
101.833400
101.848300
102.077000
102.630900
102.952300
102.959700
102.967400
102.978500
102.989800
103.401800
103.415400
103.761800
103.779600
103.982500
104.007800
104.286900
104.777800
104.788700
105.534100
105.755200
105.773100
106.649600
106.712000
108.016200
108.026600
108.160800
108.187300
108.694000
109.289700
109.925800
110.747600
111.231300
111.307500
112.021000
112.704900
112.731800
112.993300
112.999700
113.025200
113.697100
114.459100
114.465900
114.473800
114.483500
114.885400
115.498700
116.170200
116.180900
116.192900
116.346300
116.818900
116.969500
117.235100
118.049800
118.059900
118.195000
118.230100
118.577500
118.601300
118.619900
119.105100
119.117300
119.131900
119.141600
119.658400
119.671100
119.913500
119.926100
