spike times
8.067100
8.090500
14.101600
14.116700
21.961800
30.039800
30.047200
30.052000
30.055700
30.059800
30.063700
30.067900
30.071800
30.075600
30.079800
30.084700
30.089700
30.095700
30.100800
30.105200
30.110600
30.117300
30.123800
30.129600
30.137300
30.146400
30.152000
30.160100
30.168200
30.184400
30.194400
30.201300
30.211500
30.226400
30.231800
30.238300
30.247800
30.256500
30.270700
30.330900
30.367700
30.386000
30.391800
30.399700
30.406700
30.415800
30.451000
30.474000
30.483400
30.545600
30.554200
30.563000
30.587600
30.595700
30.606900
30.666400
30.678900
30.685500
30.697300
30.727000
30.736600
30.776500
30.790400
30.797800
30.865900
30.888400
30.950600
30.987700
31.055100
31.068800
31.141400
31.159700
31.202900
31.249700
31.256200
31.278900
31.294300
31.304400
31.340400
31.359900
31.386800
31.478600
31.487600
31.497000
31.515600
31.569800
31.594500
31.633900
31.733500
31.747300
31.758200
31.773300
31.785200
31.809400
31.912700
31.972200
31.995600
32.010800
32.048100
32.757100
32.771300
33.297200
36.450600
36.477300
37.515800
38.510700
38.644500
40.254700
45.390400
49.219100
50.081700
50.109200
52.511100
54.393300
55.682600
58.091400
58.741100
59.165100
59.965600
65.721100
69.848800
69.860800
69.868500
78.419300
79.664300
82.879600
87.613900
87.636100
88.360000
88.390700
89.361600
89.381800
90.822500
96.115600
99.939600
100.809300
103.584000
107.368600
108.379900
108.390200
108.402900
115.379600
115.390100
115.460200
115.490000
118.018000
