spike times
0.015900
0.030400
0.052800
1.934100
1.952000
3.225800
3.603500
3.617600
4.530000
4.631100
5.216200
5.525600
5.547900
5.553300
6.596000
6.624300
7.094800
7.907900
8.582400
9.205500
9.767800
9.780700
10.285500
10.863900
10.880700
10.897000
11.698700
11.707300
11.714400
11.758800
12.846500
13.129000
13.459200
14.443100
15.225600
16.488500
16.495200
16.505400
16.884500
16.918700
17.041300
17.051300
17.063100
17.529800
17.536900
18.495200
19.153900
19.499700
20.370500
20.989300
21.625500
21.634100
21.640400
22.278800
22.303400
22.326300
22.465700
23.666800
24.618900
24.630700
24.648000
24.661300
24.900700
25.064900
25.075900
25.727900
26.125700
26.867100
27.356700
27.878200
28.003400
28.019900
28.325100
29.455200
29.905800
30.050200
30.054200
30.057700
30.061000
30.064200
30.067400
30.070800
30.074400
30.078000
30.081800
30.085600
30.089900
30.094300
30.099400
30.104700
30.110200
30.117600
30.123500
30.129100
30.135900
30.144100
30.149200
30.156500
30.164600
30.172100
30.178900
30.261800
31.156600
31.506100
32.129300
32.139800
33.079800
33.715100
33.724300
33.732800
34.268800
34.803600
34.830900
35.193800
35.206400
35.221600
35.444600
35.613000
36.012700
36.023400
36.522500
36.541000
37.218800
37.896000
37.908100
39.486000
39.798600
41.321700
41.335400
42.127500
42.180000
42.655400
42.679000
43.476500
43.483300
43.501100
43.551900
43.999800
44.011400
44.229500
44.237300
45.135100
45.234500
45.975100
46.280000
46.674400
46.934400
47.241800
47.250900
47.314300
47.432300
47.460300
47.468200
47.597000
49.164900
49.178600
49.189500
49.311000
49.523000
49.712000
49.727600
49.741700
50.330000
50.532000
50.539100
50.562100
50.766200
50.814000
51.409600
51.706800
51.715600
52.231200
52.674600
52.698300
52.951700
53.298600
53.351800
53.363100
53.373200
53.531000
53.801800
54.325200
54.340400
54.562600
54.654300
54.679800
55.442600
56.193500
56.204800
57.076500
57.113700
57.122500
57.134200
57.543600
58.053300
58.091800
58.599300
59.385500
59.405600
59.972100
60.221300
60.958800
61.143800
61.175000
62.739500
62.762000
63.210000
63.218700
63.235200
63.323200
63.715300
63.752400
64.172900
64.691300
64.703800
64.921300
65.048200
65.058900
65.837900
66.264600
66.274500
66.870800
66.882500
67.013300
67.025000
67.160000
67.184300
67.323900
67.344700
67.380600
68.454000
68.460400
68.469400
69.049400
69.386300
69.410600
69.422200
70.553100
71.289400
71.837700
71.926300
71.947600
72.996600
73.331800
73.353800
73.462900
73.815000
73.835300
74.418200
74.795100
75.068100
75.661400
75.680400
75.689800
75.700400
75.714200
76.485100
76.493700
77.284200
77.460300
78.774700
79.071100
79.836800
81.035000
81.044400
81.830200
82.122400
82.459900
83.029400
83.058000
83.473100
83.483500
83.654900
83.881100
84.167300
84.511000
85.077900
85.608700
87.103800
87.927100
88.844900
88.859000
89.298300
89.909400
90.460600
90.653900
90.997400
91.066400
91.075900
91.725100
92.126400
92.204600
92.212500
92.225000
92.711900
92.937900
93.203600
93.478500
93.864500
94.126600
94.152500
94.311900
94.501200
94.642000
95.308200
95.319900
95.334100
95.701900
95.773800
96.420700
96.809100
96.909800
97.724700
97.890500
97.906900
97.929500
98.336500
98.346100
98.440600
98.456900
98.956800
99.677700
99.691000
99.700100
100.442900
100.465100
102.001400
102.010500
102.023500
102.037800
102.385300
102.681700
103.162600
103.175400
103.492900
104.168700
104.587400
104.598900
105.110900
105.241600
105.264100
105.280700
105.673500
