spike times
8.111400
9.706500
13.070500
13.156300
13.986200
14.327400
14.500100
15.879800
15.924900
15.984300
15.993000
19.840900
19.855800
19.896800
21.322500
23.341100
27.052100
27.379000
27.389700
30.043000
30.047400
30.052900
30.057800
30.062500
30.066700
30.070200
30.073600
30.077400
30.081300
30.085200
30.089400
30.094900
30.100100
30.104300
30.109400
30.114700
30.119800
30.125900
30.133700
30.139500
30.145200
30.153800
30.161000
30.167800
30.175100
30.181200
30.190800
30.198500
30.207000
30.218900
30.225900
30.242300
31.502100
31.976200
34.156200
35.146200
36.671800
36.697500
41.655500
43.508600
45.466700
46.624800
47.001800
47.490900
52.384100
56.953000
58.930600
59.227300
63.449100
65.852800
65.907100
67.531200
67.584700
67.799900
70.293200
70.316400
74.061700
77.555600
77.576800
80.768500
80.933600
87.129500
89.766200
90.977400
93.083900
93.097300
99.757100
101.287400
101.749300
101.781000
102.601200
103.118600
104.393200
104.408800
104.437800
104.475100
104.744600
105.723100
107.816100
107.865400
107.970500
108.274600
109.664400
113.332100
118.561100
