spike times
2.571500
2.583100
2.592300
5.062900
5.070100
5.076700
5.873100
5.903000
6.836300
7.855200
7.863700
7.887300
7.915200
9.774000
9.781200
9.789900
12.040200
12.050500
12.064900
12.092300
13.461800
15.256600
15.817600
16.167700
17.728300
17.737200
17.753500
17.762200
17.775100
18.947900
18.979400
20.104400
20.117100
20.253500
20.266900
20.729900
20.839700
20.851500
21.250400
24.978300
24.985300
25.862400
25.869100
25.881200
25.889900
26.824700
26.833300
26.892600
26.901200
26.911400
26.925800
27.547400
27.566000
27.620400
27.634700
27.860800
27.882800
28.033500
28.044400
28.058200
29.139700
29.158800
29.166000
30.041700
30.046100
30.053500
30.056900
30.060100
30.063500
30.067000
30.070600
30.074800
30.079000
30.083400
30.087900
30.093000
30.099000
30.104500
30.110700
30.117000
30.122500
30.129400
30.137300
30.142800
30.149700
30.160800
30.166600
30.173000
30.181000
30.193300
30.200300
30.211900
30.221300
30.228100
30.239700
30.250400
30.261600
30.272000
30.279200
30.288900
30.301600
30.325700
30.336100
30.346800
30.396200
30.406900
30.414400
30.425100
30.436900
30.475800
30.490800
30.502800
30.530100
30.537300
31.581500
31.587700
31.595700
31.622400
32.210400
35.456300
35.464400
35.951600
35.963900
35.988900
36.503600
36.996300
37.300100
37.442200
38.142600
38.153100
38.166100
38.416700
39.418000
40.254100
41.179700
41.191000
41.225300
41.610200
41.618800
43.455500
43.535100
43.543200
43.558500
45.157400
45.762400
45.773500
45.785500
46.474000
46.593000
46.613600
46.623800
46.648700
51.592000
51.607700
52.617600
52.630500
52.646700
52.658900
52.816500
52.825900
52.834000
53.623000
54.145700
54.153800
56.571200
56.579700
56.588000
57.079500
57.090300
58.102800
58.113600
58.989100
60.108300
60.118100
60.170100
60.634500
60.659000
61.285700
61.297500
61.303300
61.309200
62.087300
62.098900
64.645800
64.654500
64.663900
64.670600
64.681400
65.075000
65.878700
65.885900
65.892300
65.900000
66.305000
66.314600
66.980800
66.992700
66.998900
67.005200
67.012800
67.027100
67.035200
68.057200
68.071700
69.651500
69.658200
70.527600
70.535200
71.007400
72.208000
72.497200
72.547000
72.557200
72.789700
73.025900
73.369000
73.394600
75.472400
75.478900
75.486100
76.211100
76.247300
76.296000
78.067200
78.166100
78.644800
79.878600
79.886500
80.730000
80.738400
81.757200
81.780700
81.788000
81.802600
81.810300
81.831700
82.430800
82.439500
82.475600
82.486700
83.615100
83.625100
83.634700
83.643500
84.487000
84.758600
84.766500
84.774400
85.166900
85.176400
85.191100
86.737500
86.957700
86.967900
87.929400
87.937600
87.945000
87.958700
91.039800
91.066200
91.076000
91.095500
92.958900
92.974100
94.978600
97.302300
97.314900
97.322300
97.335500
98.099300
98.118800
98.188000
98.592300
100.000700
100.010100
100.104900
100.119500
100.312500
100.614700
100.629800
101.896600
104.103900
106.136800
106.150300
106.159900
106.179700
106.346900
107.057700
107.064700
107.075000
109.194400
109.201400
109.216500
109.227800
109.249700
109.509300
110.374500
110.580600
114.104000
114.346700
114.517100
115.621800
115.657200
115.665800
115.675700
115.870300
115.878600
116.424300
116.435300
116.449600
116.457200
116.468000
117.573200
117.589800
117.597900
117.608100
119.049300
119.243400
119.312200
