spike times
1.335800
2.308200
5.028900
5.037900
5.957100
5.987900
6.160800
7.869300
8.539800
8.550500
8.564800
8.578700
8.591400
10.268900
12.167000
12.851200
12.868700
12.877700
12.888700
13.680900
16.554100
16.765700
16.775000
16.786400
16.811600
16.905700
17.693700
17.705400
17.783300
17.811100
17.820500
17.832900
17.966600
19.206100
19.214000
19.227600
19.235800
19.262000
19.280000
22.875800
22.884800
22.899300
22.929800
23.414100
23.420900
23.434800
23.443000
24.075900
25.779200
29.842400
29.856500
29.875100
29.910400
30.038600
30.042000
30.044900
30.048000
30.050900
30.054000
30.057000
30.060100
30.063400
30.066700
30.070200
30.073900
30.077600
30.081700
30.086000
30.090100
30.094300
30.098600
30.103400
30.107500
30.112400
30.119500
30.125900
30.133000
30.139900
30.145600
30.150600
30.157300
30.165600
30.172200
30.178900
30.188800
30.196100
30.203900
30.215600
30.221700
30.228600
30.237300
30.244300
30.253900
30.261900
30.269000
30.286700
30.293000
30.309800
30.317600
30.327200
30.342400
30.348600
30.361000
30.367900
30.377900
30.387400
30.394700
30.407800
30.438800
30.457300
30.478000
30.488100
30.506700
30.512000
30.517500
30.549400
30.573600
30.582700
30.592700
30.603500
30.610000
30.657600
30.690600
30.699000
30.718400
30.739700
30.751900
30.767200
30.780700
30.786600
30.830200
30.836400
30.847500
30.854900
30.872500
30.896600
30.943000
30.969900
30.984400
30.997200
31.016700
31.068600
31.079100
31.088200
31.097500
31.105300
31.156000
31.163200
31.182000
31.189300
31.253600
31.262600
31.274900
31.284700
31.308700
31.343500
31.350400
31.412400
31.420000
31.454100
31.461000
31.475500
31.505100
31.513600
31.533100
31.554300
31.565300
31.614500
31.625600
31.656000
31.680100
31.697300
31.715300
31.765500
31.773000
31.800700
31.820500
31.830700
31.840200
31.885600
31.892100
31.912100
31.923800
31.945200
31.982100
32.008600
32.029600
32.047000
32.054300
32.075700
32.109600
32.134100
32.142900
32.158200
32.175200
32.197800
32.227200
32.248600
32.298800
32.306300
32.330300
32.349300
32.404800
32.414500
32.462200
32.481400
32.507300
32.583700
32.589900
32.599400
32.609100
32.626900
32.658400
32.685500
32.715600
32.737500
32.752400
32.795600
32.817300
32.828600
32.870100
32.887500
32.918900
32.976500
32.983700
32.997600
33.034200
33.064000
33.074700
33.107600
33.185300
33.195700
33.218000
33.258300
33.288400
33.309600
33.400700
33.412500
33.483800
33.492300
33.506600
33.530800
33.542600
33.572400
33.642000
33.682400
33.694300
33.711600
33.771500
33.832500
33.842700
33.856200
33.908000
33.918300
33.996200
34.019000
34.120800
34.130000
34.153100
34.176900
34.204300
34.216700
34.258500
34.319000
34.329600
34.338200
34.348600
34.358800
34.469200
34.482900
34.528200
34.558300
34.576900
34.640500
34.687700
34.700900
34.725900
34.743200
34.776700
34.866500
34.961900
34.978200
35.005300
35.013100
35.025800
35.850300
35.923600
35.935500
35.944400
35.970700
36.092000
36.098000
36.109000
36.124200
36.144600
36.523500
36.530800
36.538800
36.798600
36.872100
36.881500
37.266200
37.305600
37.311300
37.323100
37.556000
37.562200
37.575000
37.584700
37.903000
37.911100
38.066000
38.207300
38.214200
38.224300
38.235400
38.365100
38.377400
38.662300
38.774500
38.780700
38.786600
38.948300
38.960700
39.037000
39.322500
39.328600
39.337100
39.342700
40.115800
40.133700
40.431200
40.441800
40.467300
40.480200
40.548800
40.559300
40.566800
40.782900
40.832600
40.840900
41.234900
41.248900
41.279000
41.283900
41.295200
41.639500
41.865600
41.949000
41.956000
41.969100
41.975900
41.983700
42.077500
42.121500
42.191100
42.439200
42.530800
42.661600
42.671600
42.679900
43.380200
43.590900
43.669100
43.886000
43.896000
43.901700
44.233200
44.244300
44.414500
44.422400
44.437100
44.728100
44.739100
44.755600
44.764200
44.774400
44.867200
45.052000
45.059200
45.068800
45.195600
45.202400
45.208400
45.217400
45.223400
45.591000
45.602700
45.615200
45.972000
45.979900
45.991200
46.408500
46.421200
46.427800
46.820700
46.828800
46.839300
47.576700
47.583000
47.597300
47.603000
47.612800
47.624100
47.635800
47.934000
47.940600
47.947600
47.955900
47.977700
48.247300
48.993600
49.582000
49.609000
49.864500
49.872100
49.913100
50.075300
50.083300
50.128700
50.201000
50.210800
50.336400
50.343700
50.972700
50.979000
51.020700
51.034500
51.103400
51.112100
51.225400
51.302900
51.313900
51.539500
51.812900
51.822200
51.828900
51.839100
52.341800
52.613500
53.049100
53.055400
53.068300
53.603800
54.341700
54.558800
54.570900
54.885400
54.894900
54.903400
54.933000
55.207400
55.213100
55.222200
55.230900
55.431200
55.737300
55.842400
55.857700
56.171200
56.190300
57.038400
57.047700
57.055800
57.135900
57.144300
57.160500
57.489800
57.503500
57.678500
58.125100
58.132700
58.412400
58.959200
58.988400
59.284400
59.292200
59.509900
59.517000
59.782000
59.789400
60.082200
60.089400
60.097700
60.125600
60.298800
60.586900
60.597200
60.690100
60.726000
60.731600
60.834500
61.514400
61.521900
61.539400
61.680000
61.949400
62.422100
62.433300
62.441100
63.098000
63.104300
63.112200
63.118500
63.131100
63.311100
63.723000
63.730200
63.739000
64.470800
64.852500
65.076200
65.099400
65.110200
65.123800
66.074900
66.132600
66.143400
66.523800
66.797800
66.833900
67.045800
67.054100
67.071500
67.080400
67.115100
67.125500
67.142300
67.289700
67.533900
67.541900
67.564900
67.865600
67.874500
67.886100
67.989900
68.331000
68.502800
68.520000
68.653900
68.662100
68.685200
68.951000
69.574300
69.582000
69.803500
70.303200
70.310600
70.319000
70.332100
70.338600
70.348300
70.436700
70.610800
70.616700
70.718900
71.542600
71.582200
72.313900
72.320800
72.352300
72.370200
72.678200
72.689100
72.707300
72.808300
73.127000
73.265200
73.346200
73.958300
73.963900
73.974900
74.302400
74.476700
74.538900
75.191500
75.199200
75.205200
75.211200
75.217500
76.142600
76.572700
76.586700
76.606400
77.689300
77.894400
78.150100
78.230000
78.238500
78.897000
79.109300
79.114900
79.122900
79.132500
79.347500
79.581800
79.588700
79.607100
79.936900
79.946200
79.952900
79.958600
80.151200
80.508100
80.516100
80.525600
81.315000
81.617900
81.626100
81.634100
81.651800
81.734800
81.989900
82.001200
82.026400
82.544400
82.773200
83.328900
83.342700
83.347500
83.353300
83.359700
83.370700
84.477900
84.487000
84.511500
84.572200
84.581900
84.588900
84.892600
84.899200
85.126200
85.131600
85.141800
85.150900
85.158200
85.597800
85.603300
85.763800
85.776800
85.904200
85.910800
86.139000
86.396000
86.404600
86.442700
86.636500
86.655000
86.668600
86.678700
86.690200
86.701100
86.711300
87.837900
87.844800
87.858700
88.022300
88.030300
88.096200
88.101400
88.107800
88.115000
88.244700
88.251100
88.263100
88.432600
88.971000
89.610600
90.265600
90.276600
90.488000
90.501100
90.608100
90.614200
90.620400
90.627800
90.635900
90.680600
90.993200
91.000200
91.857600
91.866800
91.877500
91.891000
92.008500
92.014700
92.027000
92.037900
92.134100
92.448200
92.453700
92.459900
92.695500
92.709500
92.901300
92.910100
92.917700
93.382300
93.432600
93.832100
93.852900
94.064300
94.435200
94.443600
94.698700
94.801000
94.809000
94.843700
95.193500
95.199900
95.210500
95.635100
95.653500
95.662800
95.724700
96.171800
96.182400
96.731900
96.739600
96.748400
96.758600
96.768600
97.329200
97.485100
97.493000
97.504300
98.056100
98.131500
98.138900
98.252700
98.469200
98.498600
98.516700
98.920400
98.930100
99.464500
99.476100
100.472700
100.605100
100.965200
100.976300
101.640700
102.317300
102.343900
102.432800
102.934500
103.455300
103.465100
104.264900
104.272400
104.285800
104.675200
104.683700
105.128300
105.139400
105.656000
105.666600
105.677600
105.688800
105.831900
106.054900
106.067400
106.085100
106.604500
106.734400
107.200700
107.209400
107.226300
107.243800
107.252600
107.925300
108.686100
108.695100
108.721400
109.244700
109.253300
109.583100
109.743900
109.823000
110.075000
110.123700
110.132800
110.486400
110.497600
110.511100
110.521900
110.777800
110.791300
110.813300
111.257100
111.266000
112.028700
112.053500
112.203000
112.653600
112.728800
112.744300
113.367500
113.451300
113.456700
113.462100
113.472900
113.488500
113.558400
113.566600
113.574800
114.384600
114.453300
115.079600
115.138500
115.147400
115.846900
116.458400
116.466100
116.480400
116.487800
116.495800
117.472600
117.833800
117.851800
118.036800
118.056700
118.063400
118.085200
118.294200
118.308400
118.330700
118.485900
118.495000
118.511800
118.858800
