spike times
1.097000
1.139700
1.998500
2.016700
2.271900
3.892900
3.900700
5.022700
6.353100
6.372500
7.390100
7.575200
7.611900
9.197600
9.542600
10.632300
10.844100
10.855200
11.941200
11.954900
12.163400
12.182000
14.156900
14.172600
15.269500
15.284800
15.295800
16.218500
17.679500
17.692400
18.764000
18.777100
19.158500
19.169400
19.342100
19.623800
19.633600
19.644600
20.387100
20.826000
21.605400
22.392500
22.929400
22.940200
22.957500
23.356100
24.461700
24.532100
25.067000
26.301100
27.527800
27.736100
27.742900
27.751100
28.719300
28.727800
29.078700
29.088900
29.223900
30.041200
30.044700
30.048200
30.051700
30.055100
30.058400
30.061700
30.065200
30.069000
30.072500
30.076300
30.081400
30.085800
30.089900
30.094900
30.099100
30.103600
30.109400
30.116200
30.121300
30.130000
30.136700
30.142400
30.148700
30.159300
30.164800
30.174500
30.183600
30.195700
30.202400
30.209500
30.219900
30.231300
30.242900
30.249600
30.262500
30.271400
30.280400
30.296700
30.314300
30.323200
30.331700
30.343700
30.350800
30.359400
30.374500
30.381900
30.396900
30.417600
30.423200
30.435500
30.457500
30.473700
30.488700
30.510800
30.520900
30.530900
30.577200
30.598000
30.607000
30.617700
30.631300
30.639500
30.645000
30.656600
30.674600
30.711200
30.731600
30.749700
30.756200
30.765200
30.814000
30.822000
30.829100
30.836100
30.859100
30.874100
30.889200
30.910500
30.943900
30.971700
30.994700
31.011600
31.022700
31.037800
31.100900
31.109700
31.123700
31.130100
31.146600
31.178000
31.186000
31.195600
31.206600
31.213600
31.221400
31.288900
31.335900
31.345800
31.351400
31.400700
31.415200
31.448900
31.462100
31.471000
31.502400
31.515300
31.521500
31.528400
31.543300
31.554700
31.568300
31.615100
31.658600
31.665400
31.677800
31.695000
31.745900
31.753800
31.773700
31.781400
31.792000
31.799200
31.830300
31.878700
31.913100
31.920300
31.940000
31.970400
32.006400
32.026900
32.033900
32.476800
33.134400
33.369300
33.822400
33.952700
33.958700
33.966100
33.972400
34.851400
34.858800
34.867700
35.108300
35.114200
35.453200
35.462500
36.212700
36.693500
36.705800
36.730800
37.054800
37.216400
37.264100
38.264200
38.537600
38.543700
38.551000
38.556100
38.563100
38.768800
38.995900
39.405500
39.415400
39.426400
39.588900
39.682900
39.759200
39.957900
40.839900
41.698400
41.711600
41.810400
41.929100
42.044900
42.725400
42.738400
43.031800
43.769100
43.885600
43.983800
44.135500
44.699200
44.704800
44.717600
44.726200
44.745600
44.845700
45.804300
45.812700
45.828500
46.034700
46.197000
46.700800
46.712700
46.728600
47.286400
47.298800
47.308000
47.681900
47.900700
48.149300
48.193500
48.722900
48.729800
48.738000
48.959000
48.972300
49.174500
49.653700
49.678800
49.747100
50.148800
50.644000
50.658500
51.308100
51.555300
51.819700
51.843200
52.723800
52.738400
53.010500
53.022800
53.593000
53.608800
54.038900
54.066400
54.296300
54.548200
54.585900
54.595000
54.931700
54.939500
54.959100
54.970800
55.238600
55.327700
55.883300
55.913400
56.863200
56.872900
57.281400
57.712600
58.059500
58.068200
58.078300
58.089800
58.803300
58.813400
58.825500
59.228900
59.239200
59.959800
60.410500
60.421000
60.932000
60.968300
61.448800
61.464200
61.697800
61.712700
62.247600
62.411400
62.425800
63.086500
63.903300
64.289500
65.023600
65.219200
65.227700
65.664300
66.039900
66.521400
66.546600
67.026700
67.036800
67.534300
67.904500
67.914800
67.925000
68.057300
68.079300
68.228600
69.355700
69.363600
69.381400
69.400100
70.271800
70.643100
70.659900
71.025400
71.040100
71.440700
71.449800
71.973800
71.983700
72.476900
72.785100
72.792400
73.344300
73.599500
73.871400
73.880300
74.215800
74.854700
74.862400
74.889500
75.904600
75.917400
75.928900
76.069700
76.214500
76.433800
76.443000
76.450000
76.697800
76.713400
78.437600
78.599000
78.753600
78.980600
79.588200
79.603100
79.882500
79.896900
80.813600
80.829200
81.187100
81.198500
81.670500
82.158200
82.469000
82.479400
82.497100
83.360400
83.649200
83.660700
83.673800
83.684700
83.697800
84.564000
84.767700
84.782300
84.825800
85.165900
85.187200
85.608200
86.060300
86.080100
86.230400
86.570600
87.084000
87.106200
87.340400
87.359700
87.365900
87.372300
87.448700
87.844600
87.852900
88.043800
88.459300
88.700700
89.101600
89.849600
89.865600
89.988500
90.199400
90.417500
90.913700
90.940500
92.228400
92.247200
92.516400
92.758900
93.090900
93.685400
93.692300
93.718500
94.697800
94.705600
94.715900
95.272600
95.284200
95.845900
96.012600
96.558600
96.576800
96.915400
96.931100
97.269100
98.331100
98.339300
98.363700
99.046200
99.077200
99.725400
99.733000
99.741400
99.753800
99.941300
100.977900
100.992700
101.560900
101.578100
102.001100
102.008400
102.018300
102.030000
102.348400
102.608600
102.824100
103.227600
103.464900
103.476900
104.424300
104.640600
104.655400
104.665900
105.412800
105.423900
105.860000
105.883000
106.810200
106.816700
106.824900
106.832500
106.853900
106.874100
106.934000
107.409900
107.425900
107.435600
107.555900
108.472900
108.483600
108.494600
108.509500
108.650900
108.875000
108.885600
108.894900
108.910900
109.953800
109.980800
110.244500
110.623800
111.136900
111.148600
111.158200
111.673400
112.093600
112.276900
112.435200
112.443700
112.638400
112.990200
114.158800
114.170100
114.273900
114.285600
115.381500
115.404700
115.559200
115.574100
116.606300
117.054400
117.384800
117.900800
117.911700
118.200100
119.234800
