spike times
0.102200
0.108200
0.119400
0.133800
0.594400
0.905000
0.912800
0.919300
0.931100
1.489200
2.219200
2.428300
2.454700
2.493300
3.270000
3.277500
4.132800
5.093200
5.960800
5.978300
6.639100
7.770300
8.191900
8.202900
8.220000
8.236000
8.588600
9.003800
9.012300
9.319600
9.546900
9.557700
9.784700
9.970100
11.023100
11.056000
11.343800
12.083900
12.095800
12.274300
12.595400
12.647100
12.673000
12.882700
13.126000
13.437400
13.447800
13.471800
13.610100
13.622200
13.755600
14.200900
14.662100
14.680500
14.692400
15.066300
16.118100
16.142400
16.404000
16.712400
16.719600
16.727800
16.968700
16.978400
17.377200
17.543500
17.795500
18.488200
18.683100
18.696600
18.728600
19.473500
19.640300
20.067000
20.076300
20.092800
20.462500
20.471500
20.491900
20.980300
21.185200
21.934400
22.596300
22.609800
22.630200
22.640100
22.665000
23.650100
23.656900
23.664000
23.681400
23.697200
24.120400
25.013200
25.598800
25.798600
25.824600
26.112000
26.662200
26.873900
26.885600
27.186200
27.602900
28.209200
28.671900
28.684500
29.954900
30.040500
30.045600
30.050000
30.053800
30.057900
30.061200
30.065000
30.068700
30.073800
30.080400
30.087900
30.101300
30.539700
30.552300
30.561400
31.165200
31.183000
31.193500
31.680100
31.692500
31.706400
32.379100
33.704700
33.871200
34.115300
34.122800
34.134600
34.148300
34.323200
34.850600
35.161500
35.170600
35.375400
35.564500
35.573900
36.206000
36.348600
37.000200
37.143900
37.976200
37.990000
38.183100
38.191300
38.198600
38.505300
39.110500
39.386200
39.414200
39.620800
39.703200
40.146900
40.455800
40.851200
40.857300
40.866600
41.695600
41.720800
42.382700
42.448100
42.698100
42.966400
42.979100
42.991800
43.005500
43.013200
43.037400
43.602100
43.609700
43.620100
43.776900
44.083000
45.411900
45.834500
45.938900
46.038300
46.284900
46.370100
46.397400
46.776400
46.870400
46.880500
47.110700
47.473700
47.486000
47.503200
47.616700
47.941200
48.448300
48.852500
49.333000
49.474100
49.554200
49.562700
49.571900
49.583400
49.952500
50.398800
50.858100
51.284200
51.296600
51.310100
51.587800
51.595300
51.632800
51.650000
52.303300
52.320500
52.464300
52.473200
52.715500
52.856400
53.093300
53.120200
53.740700
53.782300
54.769300
54.781000
54.950000
55.061000
55.649700
55.739800
55.751100
55.767600
55.797600
55.913200
55.920500
56.062200
56.617900
57.153600
57.177000
58.606700
58.993100
59.059300
59.131500
59.648300
59.658400
59.670400
59.863400
60.345800
60.375500
60.623100
61.101000
61.113000
61.128900
62.098500
62.572400
62.626300
63.105000
63.114100
63.124500
63.138700
63.153800
63.268900
63.283000
63.453900
63.656700
63.667100
63.988700
64.471700
64.480400
64.765200
64.789700
64.810700
65.564600
66.049500
66.078100
66.102300
66.465900
66.842200
67.090100
67.099200
67.109200
67.480800
67.687600
68.364700
68.770500
69.513300
69.564800
69.734300
70.585200
70.593900
70.890600
71.943600
72.372000
72.442100
73.213500
73.289900
73.305400
73.569900
73.578500
73.711100
73.722200
73.730800
74.121200
74.395500
74.801900
74.817200
74.854800
75.941000
75.958600
76.502000
76.551100
76.563000
76.597400
76.776600
77.517700
77.536000
77.624300
77.635000
77.917000
77.926300
78.194100
78.201700
78.457700
78.467700
78.476100
78.585100
78.972200
78.983900
79.819800
79.974100
81.043700
81.187600
81.199200
81.395600
81.413500
81.430500
81.942800
82.035700
82.890200
82.934600
82.944500
83.376700
84.068600
84.083200
84.202900
84.247400
85.336700
85.348500
85.748300
86.337300
86.352000
86.365700
86.373700
86.388200
86.687700
86.915500
87.072300
87.184900
87.197400
87.219800
87.387600
87.414000
87.601100
87.955500
88.065500
88.177000
88.186100
88.485600
88.513200
88.519700
88.586800
89.144100
89.478400
89.678100
89.694700
90.172300
90.329000
90.585400
90.871700
90.926200
90.944100
91.262800
91.359100
91.369800
91.405600
91.584800
91.777500
91.788100
91.796900
91.896400
92.091500
92.109000
92.127700
