spike times
0.689100
0.696800
2.024200
2.032700
2.042500
2.050000
2.870900
3.138100
4.194500
4.203500
4.219400
4.234600
4.296000
4.303200
5.574400
5.585500
5.597100
6.507300
6.515500
6.526200
7.548100
7.604400
8.719300
9.282700
9.790400
9.800100
9.811500
11.462800
11.479600
12.741500
14.654600
14.682300
16.026400
16.488100
16.508600
16.518600
16.527200
16.536500
16.548500
16.741300
18.265700
18.860900
18.907000
18.934500
18.941200
22.019600
22.026900
22.040100
22.304300
22.329900
22.346300
23.098700
23.115000
24.168800
24.465200
26.468300
28.253200
28.260100
28.273500
28.488700
29.960700
30.038200
30.041800
30.045800
30.049600
30.053300
30.057400
30.062200
30.067200
30.073700
30.079700
30.089600
30.095700
30.207900
30.213200
30.878400
30.914300
31.623000
31.629300
31.638200
33.435500
33.985200
33.995400
34.010900
34.179300
34.189300
34.977200
34.996100
35.057600
36.094700
37.602000
37.620300
40.583300
41.277200
41.288300
42.679100
42.939800
42.960900
43.035600
43.755800
43.764400
43.782800
44.795900
44.807700
44.833000
44.903900
44.912100
44.926800
45.514300
46.100800
46.109000
46.688300
47.681200
47.706200
47.728400
47.921000
47.935200
48.860800
48.873700
48.912300
52.361700
52.373800
52.385000
52.395000
52.411300
52.480200
53.332800
53.340800
55.030200
56.937800
56.950000
56.965800
56.978800
57.098800
57.107500
61.224800
61.232500
61.253200
61.265200
63.639400
63.651100
63.668600
64.687100
65.449700
65.471800
65.512800
65.999500
66.010900
66.020800
66.027800
67.475400
67.487800
68.655000
69.232600
69.244200
69.260700
69.287500
70.098500
70.115800
70.671200
70.677700
70.694100
70.701900
70.981400
70.992200
71.013000
72.121000
73.017400
73.027100
73.828400
73.837300
74.173700
74.201300
74.427600
76.135800
76.150200
76.161200
76.436000
76.456700
77.210300
77.444900
77.455600
77.745100
77.761300
77.770800
81.062200
81.075500
81.081700
81.089400
81.099900
81.109900
84.369000
84.638000
84.664600
84.681500
85.404200
85.412300
86.829100
86.837900
86.849100
89.732200
89.740900
90.146600
90.461000
91.137700
91.149700
91.160200
91.169900
91.191800
91.201600
91.494200
91.620400
91.628200
