spike times
0.086800
0.275300
0.282800
0.292300
0.543800
0.552500
0.597100
1.101800
1.112200
1.123800
1.448800
2.039900
2.413300
2.485300
2.512500
3.458300
3.466300
4.318200
4.589200
4.599900
4.980000
4.999500
5.006600
5.025400
5.034800
5.244300
5.466100
5.485100
6.484800
6.496500
6.506500
6.514800
6.527800
6.545800
6.556300
6.701800
6.936500
7.514800
7.520900
7.537800
7.557300
7.663000
8.757100
8.762900
8.770600
8.779300
9.138800
9.153200
9.161600
9.172700
9.379800
9.387400
9.394800
9.993700
10.493700
10.500300
10.511700
10.525800
10.566700
10.589900
10.759600
11.392700
11.402100
11.472800
11.694500
11.702800
11.710600
11.760300
11.772200
12.320300
12.328800
13.711500
13.857000
14.225500
14.755100
14.766500
14.796700
14.819100
16.413500
16.422300
16.430100
17.064300
17.452300
18.139800
18.770500
18.782000
18.794300
18.827700
19.693900
19.706800
19.724700
19.738200
20.344900
20.394400
20.406000
21.671800
22.412300
23.057200
23.126400
23.563800
23.574000
23.584700
23.590400
23.596400
23.603200
24.828100
24.887600
24.903400
25.501900
25.587700
26.133800
26.791100
26.799600
26.978700
26.988600
27.122100
27.347200
27.457500
27.463900
27.474400
27.487200
27.494300
27.568700
28.284700
29.160400
29.172400
29.181600
29.415600
29.424700
29.437600
30.027100
30.037400
30.041100
30.044000
30.046900
30.049700
30.052500
30.055400
30.058200
30.061200
30.064400
30.067500
30.070600
30.073900
30.077200
30.080900
30.084400
30.088100
30.092000
30.096000
30.100500
30.104800
30.109100
30.114000
30.119100
30.124100
30.129000
30.133800
30.138300
30.144700
30.149700
30.156300
30.164500
30.172100
30.182400
30.639100
30.651200
30.779500
30.795800
31.798400
31.810700
31.816800
31.823200
31.831100
31.842600
32.113900
32.235000
32.418200
32.426700
32.563700
32.573900
33.042200
33.052500
33.222200
33.269600
33.507200
33.533600
33.746700
35.887100
35.899400
36.146500
36.167400
36.960300
38.007200
38.028000
38.327700
38.342100
38.356500
39.395900
39.419100
40.206300
40.664000
40.816200
40.962200
42.435600
42.442500
42.458000
42.686900
42.696400
42.704500
42.925400
43.312900
43.327800
43.562000
45.232500
45.285300
45.296500
45.506100
45.898500
46.134600
46.150100
46.175900
47.016200
47.026100
47.536700
47.544600
47.701600
48.005500
48.012800
48.021700
48.535700
48.549000
49.336100
49.352100
49.361300
50.344500
50.349600
50.360100
50.370000
50.750300
51.104400
52.062800
52.478000
52.492300
52.525300
53.253900
53.366100
53.647000
54.104300
54.816800
55.091100
55.115500
55.124100
55.140200
55.215900
55.713100
55.719200
55.740600
56.585900
56.597900
56.608300
57.116400
57.130400
58.248800
58.259400
58.277400
58.572800
58.578300
58.586100
59.094900
59.109600
59.121400
60.202500
62.004100
62.340800
62.354800
62.426900
63.230600
63.242300
63.258600
63.726600
63.733800
63.742200
64.120300
64.390500
65.113800
65.969100
66.011200
66.966300
67.172900
67.180700
67.195300
67.207700
67.215100
67.277000
67.893700
67.910900
68.853200
69.389700
69.400600
69.412100
69.438000
69.447300
69.458600
70.011700
70.349200
70.363100
70.375500
70.385500
70.440200
70.459200
71.462200
71.481900
72.202300
72.615700
72.623100
72.632800
73.833600
74.219300
74.237600
74.272200
74.453400
74.505400
75.094200
75.103600
75.138300
75.186200
75.804400
76.635700
77.225400
77.437400
77.469300
77.483600
77.609200
78.432800
78.442300
78.665900
78.677700
78.884800
80.043600
80.056100
80.727900
81.141400
81.292800
81.302300
81.536900
81.753400
81.763100
83.007500
83.025200
83.560500
83.575700
83.609100
84.677000
84.694300
84.926000
84.935800
85.130400
85.148400
85.157300
85.166700
85.443800
85.453200
86.237500
86.245300
86.775700
86.782600
86.790600
86.799800
86.807400
87.310400
87.318500
87.328300
87.341200
87.349500
87.360500
87.522900
87.540900
88.475200
88.486000
88.494900
91.223600
91.229500
91.234600
91.273000
91.540200
91.547900
91.554200
91.562500
91.572100
92.088800
92.100400
92.306400
92.326800
92.518000
93.666500
93.677200
93.695400
93.701700
93.715500
94.105800
94.129900
94.140700
94.162500
94.256600
94.274500
94.724800
96.679900
96.689700
96.841200
96.845700
96.850900
96.857100
96.878400
96.899800
96.908900
98.983300
99.000300
99.010700
99.036800
99.052200
99.061400
99.075200
99.161900
99.167300
99.188300
99.195600
99.208800
99.918500
100.399100
100.407300
100.417500
101.363600
101.371800
101.384000
101.399400
101.413700
101.422900
101.756000
101.765000
102.069900
