spike times
4.330700
13.948500
13.970800
15.358200
18.315500
25.377000
26.764100
30.041200
30.046300
30.051700
30.056200
30.060800
30.064900
30.070900
30.077600
30.082500
30.092200
30.100700
30.900200
33.976900
34.927200
35.985500
39.028000
39.035500
39.046800
39.054200
39.063700
39.078600
39.086000
39.095500
39.198900
39.206900
44.006500
44.917100
48.271200
52.489900
53.921600
56.404700
60.277300
71.057100
73.215300
74.089700
75.334300
80.942800
84.470500
