spike times
4.865400
5.419200
7.434900
7.449900
7.460600
7.480600
7.970100
8.411200
9.183900
9.203200
9.881800
11.652700
12.205200
12.625400
12.879400
13.585400
15.126700
17.753600
18.343800
18.898100
19.536300
19.992100
20.010400
20.356100
20.946100
21.364300
22.401900
22.413100
23.788400
23.797500
23.807500
24.151000
25.724300
26.347200
26.444200
26.793600
26.816400
30.040600
30.045000
30.048900
30.052200
30.055700
30.058900
30.062300
30.065900
30.069900
30.074200
30.078700
30.083600
30.088400
30.095600
30.102600
30.107500
30.113900
30.120000
30.126200
30.132900
30.143000
30.152500
30.160900
30.169300
30.178000
30.184900
30.196000
30.223500
30.231100
30.255600
31.046500
31.065500
31.456400
31.728000
34.144700
34.161400
34.173900
35.587600
36.374300
36.386300
36.842000
38.301500
39.168100
40.199600
40.518700
40.724000
40.737000
41.395200
41.402800
42.551500
42.583200
44.136300
44.151500
44.163600
44.171400
44.184400
44.390200
45.051900
46.395200
46.419700
46.811800
47.875000
47.882500
47.893300
49.056100
50.155900
50.186200
51.576400
51.952600
52.296400
53.537600
53.548400
53.611200
55.325200
55.804900
57.732800
58.500000
58.517600
58.565300
58.801400
58.809500
60.302000
61.123400
61.779200
61.803100
62.211600
62.246700
62.950900
63.480100
63.498700
63.530800
66.060300
67.189300
67.690100
68.121200
68.131400
68.688000
68.695200
68.706300
70.396100
70.643700
71.141400
71.155400
71.189800
72.807100
75.318000
75.696200
75.710600
78.743200
78.761800
79.089100
79.448400
80.177600
80.187100
80.424700
80.437600
82.377100
82.999500
83.022300
85.222500
85.233700
87.719100
88.318100
88.330600
90.986600
91.227800
92.001900
92.014700
92.457500
93.242800
93.985700
94.281400
94.868000
95.869600
96.901200
97.582600
98.165900
100.314600
102.846300
103.554700
103.563800
103.774600
105.022700
105.489900
106.988800
106.998800
107.563700
108.155500
109.125800
109.138800
109.673500
109.682100
110.794400
110.807100
111.001900
111.650900
111.875500
112.373500
113.021500
114.380500
114.393600
114.419900
114.999500
115.143500
115.769000
117.497600
117.505700
117.517600
