spike times
4.460400
4.472300
4.484100
4.493900
8.820700
8.831500
8.842100
8.852500
28.023100
30.042900
30.047400
30.051200
30.054800
30.058200
30.061500
30.064900
30.068300
30.072000
30.075900
30.080500
30.084800
30.089600
30.095600
30.100800
30.106400
30.112700
30.121200
30.128900
30.138600
30.161100
30.168200
30.174800
30.180800
30.189300
30.201200
30.210700
30.217900
30.226900
30.275900
30.312700
30.318400
30.326700
30.336900
30.368000
30.446900
30.456900
30.466200
30.504900
30.519800
30.567700
30.668200
30.736700
30.754100
30.760200
30.767700
30.834400
30.843400
30.850000
30.976300
30.988800
31.001700
31.010300
31.111300
31.118600
31.129900
31.197800
31.205500
31.257700
31.350700
31.422500
31.429300
31.438800
31.468500
31.494100
31.677700
31.703000
31.721300
31.854200
31.870000
31.883300
31.947400
31.976000
31.995700
32.093300
32.099000
32.104100
32.110700
32.117000
32.124700
32.198000
32.205800
32.290500
32.307600
32.503600
32.509800
32.521100
32.599500
32.610700
32.660900
32.671900
32.680300
32.754400
32.760700
32.770800
32.783200
32.838100
32.918500
32.936500
32.943400
32.978700
33.111000
33.120300
33.132400
33.202800
33.212400
33.389800
33.426000
33.442000
33.455700
33.539800
33.586000
33.686300
33.697100
33.784800
33.792900
33.953100
33.959700
33.969700
33.980900
33.989400
34.124400
34.233400
34.248100
34.256400
34.263900
34.326600
34.337500
34.350300
34.436200
34.507500
34.520000
34.528400
34.622700
34.629400
34.737700
34.800200
34.809800
34.837300
34.863600
34.876600
34.986700
35.003900
35.576500
37.126400
37.133300
37.146000
37.428500
37.434900
37.444000
38.955400
38.979300
38.992000
44.233100
44.238700
44.243500
44.250000
44.256000
44.261900
44.268700
44.277300
44.292800
45.073900
45.081200
45.090300
45.108000
47.176400
47.184100
47.196200
48.150100
48.160700
48.169700
53.391800
53.401700
53.409200
54.942100
54.950200
54.960500
59.645100
59.655400
59.662400
59.674500
59.681400
60.807100
60.817600
60.826600
60.843800
61.726000
61.735000
62.422800
62.428500
62.437200
66.235300
66.243900
66.265200
66.280700
66.917300
66.925900
66.933000
66.939100
67.971200
69.608900
69.618000
70.396000
70.607900
70.615400
70.620800
70.628600
71.226900
71.235500
71.243200
71.251200
71.259600
73.208500
73.219000
73.237300
75.375300
75.383000
75.389800
75.400700
75.815300
75.823400
78.405300
78.421300
78.434500
78.440400
78.449300
80.134600
80.145400
80.151600
80.161300
80.173400
82.125400
82.132100
82.139600
82.147900
82.156500
82.163200
83.078700
83.089200
84.296400
84.302900
84.320100
84.337100
84.786500
84.794900
84.801200
84.819700
84.826200
87.426700
91.699900
91.708000
91.719900
101.069600
101.081200
102.112600
105.048900
105.054600
105.061600
105.073900
110.154700
110.162300
110.169700
110.178300
113.323800
113.331500
117.044200
117.050400
117.059200
117.068600
117.082200
