spike times
0.543800
1.312100
1.320600
1.328800
1.341800
1.365900
1.710700
1.718900
1.727600
1.748200
1.765400
1.782500
1.891900
1.909300
2.093100
2.103200
7.597900
7.604200
7.619400
9.397000
9.403100
9.409800
10.051800
13.966400
13.975300
13.985100
16.822600
17.630100
17.645500
20.469000
20.479600
20.485000
20.493200
20.863600
22.231900
22.237000
22.242200
22.248400
22.254000
22.261200
22.268700
22.282000
30.039500
30.043100
30.046500
30.049800
30.053200
30.056500
30.059700
30.063200
30.066700
30.070300
30.074300
30.078100
30.082100
30.086100
30.090400
30.094500
30.098800
30.103100
30.107700
30.112800
30.117600
30.122000
30.127200
30.131600
30.137200
30.142500
30.147900
30.154000
30.158400
30.163400
30.169200
30.175500
30.182000
30.189900
30.202400
30.209500
30.217600
30.223600
30.229600
30.239000
30.248000
30.258500
30.268200
30.277900
30.292800
30.304600
30.314300
30.321700
30.331500
30.337700
30.347500
30.359400
30.373500
30.383900
30.392900
30.399900
30.424100
30.432300
30.451500
30.481800
30.503000
30.531400
30.577200
30.592400
30.608500
30.621000
30.651300
30.657400
30.664300
30.682700
30.721600
30.733400
30.746600
30.794600
30.810100
30.857500
30.875400
30.885800
30.922200
30.929600
30.937300
30.948400
30.963400
32.075300
34.002300
34.012400
35.741600
35.772800
35.782100
36.336600
36.345900
36.356400
38.169700
38.185400
38.198500
38.799300
38.808500
38.818800
39.370200
39.648400
39.656000
41.320100
41.351900
41.362700
41.372300
43.270100
43.825300
49.696900
49.706000
49.715900
51.396700
51.406000
51.424300
51.450600
52.213900
52.225100
52.235800
53.103600
53.115000
53.125100
53.518100
53.531000
53.543600
55.939300
56.684300
56.693000
57.091700
57.444200
59.408800
59.736500
61.105300
61.126800
61.139900
62.400800
64.185200
65.129800
65.136000
65.143400
65.149900
65.157400
65.165600
65.172800
66.635900
66.644500
68.783600
68.794900
68.812800
71.011900
71.025900
71.067300
72.688200
73.979500
73.992000
73.998600
74.008100
74.015200
75.635800
77.439400
77.447100
77.454700
77.466700
80.310300
85.659600
86.131500
86.141800
86.176100
90.246600
90.258500
92.477200
92.485700
92.495100
92.512000
92.522600
92.529100
92.541100
94.019500
94.046600
94.684800
94.693100
94.710800
94.726200
95.169700
95.178500
95.824200
95.834300
96.135900
96.147800
97.747000
98.492900
99.329500
99.346700
99.369500
99.383200
99.392900
100.391400
100.717500
100.732300
100.747700
100.759300
100.919600
100.929500
100.937500
100.947200
100.966300
102.422900
102.435600
103.217600
103.228600
103.236900
103.394800
104.442900
104.452600
104.472600
105.464200
105.474200
105.504200
105.855200
106.856600
108.266600
108.820900
108.831400
108.845700
108.858300
110.266500
110.277600
111.153200
111.180400
113.761500
113.774600
117.611500
118.327000
