spike times
0.656300
0.669800
0.683000
1.492200
2.628000
3.371600
3.377800
3.385100
3.734800
3.765200
3.771100
3.788900
3.928600
3.934000
3.941000
3.949400
4.614300
5.211900
5.220100
5.232100
5.249400
5.519700
5.532000
6.464200
6.472200
6.481100
7.200900
7.260600
7.491400
7.526800
7.831400
7.851200
8.028700
8.040700
8.423800
8.742400
8.765800
8.782100
10.084000
10.093300
10.145800
10.155100
10.250600
10.515400
10.524200
10.535300
10.631600
11.064500
11.073500
11.083800
11.360200
11.368300
11.771100
11.783800
13.174100
13.604700
13.613300
14.369200
14.378200
14.417600
15.439300
15.447800
15.460200
15.495400
15.503100
17.680000
17.687000
17.696200
17.703800
18.404100
18.412400
18.420200
18.466200
18.805100
18.813400
18.884000
18.897200
18.908400
19.136200
19.142700
19.162200
19.537300
19.549900
19.579700
19.587600
20.617900
20.626700
20.636400
20.903000
21.877700
21.895800
22.945400
22.967600
22.988800
23.002200
23.012100
23.483700
24.088500
24.095100
24.105600
24.782500
24.790900
24.833400
24.840600
25.581700
25.589600
25.599400
26.174500
26.571900
26.584700
26.789500
27.218500
27.228400
27.235100
27.243200
27.683700
30.036100
30.039300
30.042600
30.045800
30.048700
30.051600
30.054400
30.057200
30.059900
30.062800
30.065900
30.069000
30.072000
30.075600
30.079100
30.082700
30.086000
30.089300
30.093100
30.096900
30.101100
30.104800
30.109100
30.113900
30.118600
30.123500
30.128300
30.133100
30.138200
30.142900
30.148200
30.153300
30.158200
30.163000
30.169500
30.175100
30.180400
30.186000
30.191500
30.198100
30.203200
30.208500
30.213300
30.220200
30.232300
30.238900
30.247100
30.253200
30.260700
30.268700
30.276600
30.283700
30.292300
30.304700
30.312100
30.319700
30.328900
30.337800
30.347300
30.356100
30.371100
30.384400
30.393700
30.404800
30.415700
30.423600
30.441400
30.448600
30.461000
30.468800
30.500200
30.508600
30.525100
30.533300
30.553200
30.560400
30.570300
30.599100
30.617400
30.636800
30.645200
30.670700
30.681900
30.691200
30.703700
30.712800
30.749200
30.758700
30.775000
30.786100
30.796800
30.812000
30.840300
30.867700
30.875800
30.893800
30.905300
30.928200
30.973400
30.981600
30.995100
31.004800
31.034300
31.454900
31.750200
31.952000
31.963500
31.976400
31.983600
31.991100
31.996600
32.432900
32.585100
32.612400
32.622300
32.935700
32.948600
32.957200
32.979300
33.024300
33.496800
33.504000
33.513900
33.523700
33.846500
33.862900
33.870200
34.628200
34.663300
34.671700
34.777500
34.791900
35.282800
35.288300
35.295500
35.302300
35.320800
35.410700
35.501000
35.511800
35.519000
36.088200
36.477500
36.484900
36.493900
36.507600
37.173200
37.623200
38.028600
38.038400
38.044900
38.527300
38.572900
38.866500
39.210300
39.219900
39.465300
39.471800
39.480200
39.907500
40.514300
40.522500
40.866800
41.209200
41.259600
41.700200
42.104100
42.422500
44.016200
44.835900
44.850300
45.230700
45.247800
45.256000
45.264000
45.278200
45.285700
45.355100
46.255600
46.401200
46.425300
46.545000
47.383400
47.392700
49.159700
49.507800
49.514000
50.213900
50.992400
52.210000
52.503900
52.515500
53.064700
53.320000
53.615700
53.776200
53.783600
53.809100
53.817400
54.216900
54.235400
55.755300
55.887300
55.898700
56.578500
56.586600
56.596000
56.836100
57.459600
57.472200
57.484700
57.507400
57.674900
57.680900
58.447200
58.456000
58.465800
58.476300
58.826000
58.835000
59.519600
59.660000
60.249800
60.270000
60.277900
60.285200
60.433200
61.984600
61.995700
62.005200
62.211500
62.221000
62.799000
62.946500
63.594800
63.603100
63.614400
64.501700
64.692300
64.726000
64.734200
64.740800
66.646500
66.654800
66.665000
67.296900
67.308000
67.317000
67.623600
67.634600
67.648000
67.655800
67.665600
67.676500
68.337700
68.345600
68.354200
68.630900
69.395900
70.740400
71.561600
71.725200
71.736600
71.745800
71.831500
72.211600
72.221900
72.239800
72.448100
73.281400
73.299500
73.745700
73.756000
73.764100
73.840600
74.412800
74.820100
74.829500
74.957300
75.467700
75.474700
75.485600
75.540600
75.733000
75.740800
76.697000
76.703800
77.616500
77.626900
77.648900
77.665400
77.675200
77.763400
77.769100
77.784200
78.041100
78.345200
78.361600
78.381400
78.578100
78.855600
78.866100
79.588000
79.596900
79.606500
80.294000
80.969100
80.979400
80.987600
81.262500
81.382600
81.394200
81.732100
82.033300
82.049000
82.076100
82.086100
83.267200
83.280300
83.287900
83.295500
83.301600
83.310000
83.335900
84.197000
84.202400
84.212000
84.222000
86.117700
86.134700
86.142400
87.265900
87.292700
87.484300
87.720500
87.729400
87.766400
89.010500
89.717500
89.722600
89.728500
89.735500
89.744200
89.758100
90.864300
91.211400
91.651300
92.055300
92.063000
92.072000
92.836100
92.843400
92.851800
93.078300
93.097100
93.110700
93.691800
93.700700
93.891200
93.897400
93.905300
94.009200
94.258200
94.278200
94.549400
94.564800
94.617200
95.976600
96.297400
96.781900
96.975000
96.984100
96.997600
97.005500
97.273700
97.914800
97.930700
97.940500
99.599500
99.607600
99.614200
99.621700
99.709100
100.062000
100.069000
100.626700
100.638800
100.650700
100.659700
100.723100
101.098100
101.145900
102.397600
102.407300
102.854900
102.861400
102.869800
103.147500
104.310600
105.216800
105.380600
105.446900
105.455500
105.580600
105.913400
105.927500
106.953100
107.943800
107.964200
107.972900
109.049300
109.072600
109.473500
109.481100
109.489400
109.502100
109.636300
110.247700
110.274000
110.287000
110.307000
111.464900
111.473000
111.503400
111.645300
112.747800
112.830300
112.943200
112.954700
112.962500
112.969100
112.981700
112.990400
113.451600
113.460800
113.476500
114.671800
114.679000
116.210500
116.216800
116.227000
116.241100
116.253800
116.263300
116.836200
117.592100
117.610300
117.735700
117.745700
118.384800
118.392200
118.398800
118.410000
118.725700
118.735300
118.926100
118.963400
