spike times
0.067500
0.077000
0.953500
0.969700
2.913200
2.923000
2.933800
3.268100
3.273600
3.281200
3.325800
4.468900
10.034400
10.039500
10.045200
10.051900
10.061000
14.901200
14.908600
14.919900
14.928500
14.943600
16.334300
16.344500
16.357600
16.367200
20.677300
20.691900
20.710500
21.415300
21.421200
21.428800
21.435200
22.132100
22.139400
22.149700
22.158900
24.281300
24.288600
24.297100
24.307200
24.335400
26.071400
26.079000
26.084900
26.090900
26.098200
26.105800
26.115900
26.125200
29.271400
30.040800
30.045200
30.049800
30.053700
30.058300
30.062700
30.066500
30.071300
30.076400
30.081300
30.091500
30.948700
30.954800
30.961600
30.971300
30.981500
31.649000
31.663700
33.272900
33.280500
33.290300
33.300300
33.310400
34.237900
34.249300
36.113500
36.124200
36.130800
39.658500
39.672600
41.136100
42.491300
42.499400
42.507200
42.520100
42.531900
43.577900
43.596700
49.393000
49.403700
49.415600
54.033100
54.045400
54.054000
54.066800
55.444300
55.450800
55.459700
55.468500
58.193800
58.204100
58.215900
59.853000
59.865800
61.505300
61.520500
61.529600
62.057500
65.690900
65.698900
65.707500
65.719200
66.248100
71.801100
71.832200
71.858200
76.343700
80.433100
80.482900
80.492500
83.412000
83.827100
88.191300
88.201300
88.219700
88.227200
89.909500
89.916100
89.924000
93.993400
96.013300
96.030400
97.016000
97.861400
100.549400
100.558800
102.607200
102.629600
102.713100
