spike times
0.597300
1.501600
1.796100
2.463900
2.786200
2.794400
4.759900
4.834900
5.682600
6.092100
6.897800
7.704400
7.917800
9.966800
10.793300
11.949800
14.141900
14.192900
17.534600
18.794900
19.052700
19.145400
19.160800
19.216600
20.841600
20.866500
24.627800
25.925800
28.552700
28.612800
29.115000
30.042400
30.050800
30.055600
30.061100
30.065200
30.068700
30.072100
30.075400
30.079200
30.082800
30.086600
30.090400
30.094400
30.099600
30.103700
30.108600
30.114100
30.121400
30.131600
30.137100
30.142300
30.146600
30.152100
30.161000
30.167000
30.175200
30.186800
30.193600
30.212200
30.227600
30.438000
30.723600
31.363600
34.880300
38.089200
39.280600
40.304700
41.018300
43.427400
44.191900
45.317800
45.531200
48.570600
49.046100
49.056300
51.679500
52.963300
54.184900
55.023400
55.197100
55.417800
55.453500
56.531100
56.616400
57.239900
57.607800
58.766100
58.916000
59.059400
59.123600
59.882100
62.544900
63.361200
63.469900
63.907200
64.044900
65.335600
66.577800
67.009500
68.672600
69.859300
70.630000
71.962800
72.678100
73.556600
74.457100
74.804600
74.821400
75.946700
76.043800
76.805600
76.896400
79.229100
79.242900
80.088600
80.536400
81.737600
82.525500
82.571300
83.680700
83.707000
83.714600
83.736100
83.801300
84.849700
85.381100
88.636900
88.679500
89.052000
91.143600
91.271700
91.542600
92.335100
92.349300
