spike times
0.573200
0.584700
0.597200
1.624600
1.917200
1.965900
2.877700
2.904800
2.912200
2.922000
3.550700
4.072900
4.083100
4.659600
4.667900
4.689400
5.439400
5.459400
5.863800
5.877300
6.138800
6.151300
6.223000
6.257100
6.939300
7.076900
7.081900
7.279000
7.288000
7.975600
8.118100
9.023800
9.043800
9.067200
9.349100
9.477300
9.486800
10.189200
10.199600
10.772700
10.896700
11.176200
11.326100
11.875300
12.344900
12.883500
12.922600
13.863400
13.980600
13.988300
13.998100
14.325500
14.399600
14.462700
14.554700
14.916900
14.926800
15.020800
15.323800
15.439800
15.495700
15.511100
15.855300
16.201200
16.788300
16.813500
17.246600
17.385900
17.872100
19.095300
19.265200
19.582200
19.779700
19.990100
20.504100
20.528200
20.710600
20.720700
21.218600
21.227700
21.241800
21.426300
21.439200
21.631100
21.730900
21.938300
22.199000
22.216000
22.230400
22.787500
23.006000
23.628500
23.638500
23.682100
23.770200
23.990200
23.998400
24.356500
24.368700
24.789800
24.798900
24.960300
24.969800
25.006500
26.519100
26.745100
26.900300
27.140300
27.153800
27.161000
27.170100
27.180200
27.187900
27.310300
27.578600
28.272100
28.279600
28.393000
28.558500
28.589800
29.199400
29.266500
29.274900
29.936500
29.944000
29.957900
30.057100
30.065800
30.074100
30.081500
30.092900
30.102300
30.320900
30.338800
30.643700
30.662100
31.004700
31.751700
31.867600
31.906900
31.917700
32.198800
32.920800
33.127800
33.142500
33.161500
33.171800
33.299700
33.457800
33.725700
33.875000
34.455400
34.969700
35.506000
35.515200
35.522400
35.893200
36.122900
36.265200
36.649700
37.078800
38.788000
38.821200
38.829600
39.192500
39.240700
39.248700
39.262000
39.269100
39.838300
39.866200
40.819000
40.827700
40.834000
40.851700
40.867000
41.724200
42.732000
43.023800
43.046800
43.749800
44.205400
44.236300
44.422900
44.429700
44.443200
45.632900
45.643400
45.659500
45.674100
45.837100
46.140600
46.159300
47.465600
48.634400
48.646800
48.660400
48.972100
49.118100
49.419900
49.463200
49.810700
49.931900
50.056000
50.449700
50.456700
51.506100
51.520600
51.529200
51.538400
51.569800
51.584900
51.835900
52.478600
52.573700
52.590400
52.602000
52.838100
52.852700
52.886100
53.018000
53.079500
53.355200
53.574000
53.592700
53.806600
53.816800
53.829300
54.227700
54.631100
54.644400
54.772700
54.800800
55.028300
55.673100
55.959500
55.966300
56.261700
56.271800
56.283400
56.291300
56.304100
56.679300
56.695300
56.775600
57.109800
57.123300
57.493200
57.706500
58.162100
58.170500
58.183300
58.193000
59.488700
59.785900
59.794400
59.816000
59.830300
60.002700
60.718100
61.310400
61.318600
61.943900
62.636300
62.644600
63.006600
63.023400
63.044000
63.264200
63.278600
63.908600
63.955800
64.071000
66.205000
66.416400
66.428700
66.437000
67.345800
67.574500
67.584700
67.734800
67.857100
67.882800
68.476200
68.485700
68.498400
68.611700
68.718700
69.367100
69.853900
69.904100
70.313000
70.322900
70.373600
70.870500
71.321100
71.759800
72.214500
72.222700
72.291200
72.298400
72.306700
72.834000
72.841700
72.852200
72.889700
73.220400
73.549400
73.735300
73.775000
74.138200
74.245100
74.508800
74.516500
74.528000
74.536000
74.702600
75.130500
75.143300
75.155900
75.163400
75.621700
75.892600
75.905100
76.568300
76.819600
77.205100
77.218900
77.229300
77.269200
77.528800
77.538300
78.006900
78.020400
78.315800
78.726100
79.378800
79.650700
79.658300
79.672300
79.681900
80.725700
81.392100
81.409000
81.786200
81.795800
82.796500
82.957200
82.976700
83.174300
83.525400
83.567500
83.591800
83.606400
84.799300
84.829300
84.981200
85.116500
85.355300
85.363800
85.460100
85.780400
85.790600
85.799200
85.809900
86.135600
86.879500
86.891600
86.923400
87.274600
87.289900
87.523800
87.682800
88.082500
88.097200
88.211000
88.251000
88.424900
88.756000
88.783100
89.168400
89.181800
89.832000
89.855900
89.881000
90.937600
91.696400
91.728000
91.748800
92.672000
93.106500
93.118900
93.641100
93.865900
93.878300
93.941000
94.128000
94.514900
95.677700
95.788900
96.943100
96.956000
96.966600
97.153800
97.162400
97.832100
97.963000
98.090900
98.440000
98.826700
99.394100
99.958300
99.975000
99.987500
100.000900
101.245400
101.537200
102.009500
102.024300
102.129900
102.265300
102.271800
102.279000
102.904000
103.303000
104.125300
104.139400
104.253000
104.266700
104.462400
104.744600
104.765900
105.284900
105.302200
105.423200
105.707900
105.728300
106.010900
106.030500
106.422300
106.934800
107.695200
107.924600
107.934300
108.507800
108.583500
109.235800
109.248900
109.855100
109.870900
110.396300
110.524200
110.710800
110.765200
111.023400
111.034700
111.167300
111.464900
111.513000
111.525800
111.677100
111.696200
111.849000
111.858300
112.873200
112.888200
113.288500
114.084200
114.098900
114.276400
