spike times
0.347100
0.356800
1.223300
1.237000
1.248900
1.255900
1.264600
1.270600
1.897700
1.905200
2.382100
2.388500
2.393200
2.399800
2.445700
2.616200
2.629600
2.638800
4.155100
4.167800
4.176600
4.185400
4.193300
4.215400
5.053100
5.061400
5.085100
5.286500
5.292800
5.303000
5.506000
5.525000
6.513500
6.524000
6.541600
6.765400
7.410200
7.415500
7.427700
7.435100
7.441300
7.525500
7.537000
7.891900
7.907200
7.957400
8.444900
8.461700
8.480000
10.787500
10.843000
11.358400
11.420800
15.275000
15.554700
15.995100
16.003400
17.545700
17.567000
17.577300
18.157600
18.165000
18.199500
18.215000
18.376700
18.943400
18.955100
19.328000
19.339900
19.678500
19.687000
19.725200
20.939500
22.073000
22.082600
22.093000
22.100300
22.656000
22.671100
22.678100
22.687100
22.696200
22.965700
22.974500
24.232800
24.256700
24.621100
24.628000
24.691900
24.698300
24.706400
25.916800
25.922600
25.931600
25.964800
27.284300
27.309100
27.318900
28.281300
30.036400
30.039800
30.042700
30.045500
30.048300
30.050900
30.053600
30.056500
30.059800
30.063100
30.066800
30.071000
30.075200
30.079600
30.087400
30.094500
30.102300
30.112900
30.142900
30.151400
30.485800
31.024700
31.038500
31.046100
31.054400
31.632600
31.962400
31.971600
32.254400
32.261800
33.345800
34.804600
34.815500
34.829100
34.839300
36.079800
36.553100
37.255000
37.265800
37.274700
37.491900
37.498600
37.505200
37.513300
37.519300
37.527000
37.740400
37.752400
38.040600
38.369400
38.376900
39.502300
39.511100
39.518700
40.780500
40.788800
40.880900
40.891600
41.209700
41.216400
41.252400
41.260100
41.672500
41.926100
42.480700
44.047000
44.058200
44.066400
44.401200
44.419200
45.240600
45.250100
45.258400
45.279200
45.291500
45.914800
45.927700
47.477400
47.486400
47.494900
47.501600
48.388900
48.398400
48.408300
50.843400
51.163200
51.170100
51.184200
51.195700
52.646000
52.680900
52.989700
52.996300
53.005900
53.019400
53.050500
53.669500
53.679000
53.687400
53.695300
53.810400
53.818700
54.656800
54.685900
55.370100
55.376900
56.818600
56.838100
56.847400
56.860500
57.098400
57.512500
57.546700
57.675200
57.685500
58.677300
59.312300
59.319600
59.334800
59.348300
59.361500
60.494200
60.501000
60.513100
60.538500
60.664200
60.792600
60.806500
61.079600
61.092100
61.259600
61.275100
61.288400
61.300700
61.702700
61.713900
61.930700
63.934000
