spike times
2.865800
3.017600
5.893600
5.909700
5.921700
9.631600
9.639900
9.656100
9.665800
9.690100
9.696500
10.767200
10.913600
11.919100
11.930300
12.669400
13.768700
15.008700
15.031400
15.041600
15.052600
15.840500
15.863300
17.568000
17.575100
17.583400
18.170600
19.040700
19.065000
19.077900
19.090800
20.853600
20.872000
20.881800
20.894000
20.901500
20.912700
21.712900
24.269400
25.000600
25.014600
25.135200
25.151700
25.159400
25.281600
25.292200
27.012300
27.808200
28.349200
28.357200
28.366400
28.391000
28.981500
29.571000
29.581700
30.040100
30.043500
30.046900
30.049800
30.052800
30.055900
30.059000
30.062300
30.065300
30.068300
30.071700
30.075300
30.082600
30.086500
30.090400
30.094800
30.099200
30.104400
30.111300
30.118800
30.126200
30.141000
30.167700
31.019100
31.222800
33.999100
35.451900
35.714500
35.729100
35.998300
36.014400
37.296600
39.768800
39.802400
39.947700
39.955300
39.973600
39.979700
40.311400
40.321400
40.561300
40.571200
40.580400
41.250700
41.258500
41.507800
42.076200
42.978100
43.965500
43.971700
44.066000
44.813000
44.821800
44.829500
44.838200
44.886200
46.327100
46.334900
46.342600
46.862100
46.956000
47.192100
47.571300
47.587000
48.423200
48.435300
48.447600
48.455600
48.472200
48.481600
49.891300
49.906600
50.548000
51.451600
51.459500
53.399000
53.406700
53.417900
53.429200
53.465000
53.473800
53.998000
54.007000
54.027300
54.074300
55.191100
56.766600
57.371100
57.398500
59.779900
59.799100
61.881500
62.019000
62.029800
62.239800
62.258400
62.632100
62.638900
63.957000
63.964100
65.008200
66.885800
67.036700
67.043000
67.054300
67.913300
68.056100
68.061700
68.071400
68.125300
69.533500
69.544200
69.554200
69.562100
69.715400
70.342200
70.451800
71.132900
71.143900
71.158500
71.634000
71.645900
71.653600
71.662300
71.667300
72.763000
72.770200
72.782500
72.793000
73.314400
75.218500
75.225900
75.233700
75.241200
75.247400
76.704100
76.854300
78.159700
81.167000
81.175300
81.917300
81.925100
81.938600
83.980300
83.988700
85.660700
86.150200
86.165900
87.645000
87.654900
87.673400
87.688300
87.751900
87.991700
89.569900
89.585800
89.594100
89.601800
89.611200
89.703400
90.573200
90.580000
90.591000
90.613500
