spike times
1.439600
1.448500
1.459700
1.466000
2.819800
3.692800
3.700300
4.301100
4.309700
5.436500
5.449200
7.231300
7.254000
7.264000
10.428600
10.435500
10.448200
10.458700
12.448600
12.455500
12.463400
14.155200
15.644700
15.653300
15.666400
15.682800
16.586000
16.595900
16.609700
16.621200
16.635400
18.905200
18.922200
21.062100
21.068700
21.081300
21.087700
21.094500
22.425400
22.437100
22.452700
22.464000
24.035400
24.048000
29.674600
29.687700
29.699100
29.949200
29.972100
29.985700
30.043300
30.047000
30.051400
30.054800
30.058200
30.061600
30.065100
30.068600
30.072700
30.076800
30.080500
30.085000
30.090700
30.098600
30.106100
31.100300
31.107000
31.113700
31.119000
31.127900
32.798100
32.810100
33.402900
33.416400
36.232100
36.239900
36.257500
40.074500
40.568200
40.574900
40.596000
40.608400
42.332600
42.359700
42.935600
42.947200
42.959700
42.971900
43.906800
43.929600
46.922800
49.308400
49.327800
57.345600
57.360700
57.367000
60.457700
60.482300
60.495200
61.422500
61.438100
61.476700
61.488100
63.440200
63.448900
63.460300
64.459800
64.467400
64.475400
64.484600
64.503000
67.501300
67.509100
67.519400
67.527600
69.708100
69.716200
69.724500
69.945500
69.956700
70.440400
70.450800
74.703400
74.714400
84.486000
84.493900
86.924900
88.890600
