spike times
0.274900
0.283800
0.294200
0.303300
1.662900
2.687100
2.696000
2.708100
4.020600
4.041300
4.052100
4.060300
4.072800
4.080400
4.087200
4.131600
5.041900
5.048600
5.316100
5.343000
7.043700
7.054300
7.066500
7.075400
7.095800
7.155000
7.719700
7.728500
7.754400
7.761300
7.771500
7.791000
8.278000
8.293800
8.301900
8.461400
8.723400
8.745200
8.757700
10.134600
10.818300
10.834500
10.840900
10.847800
10.860900
11.650900
11.662300
11.670200
13.110200
13.132900
14.202700
14.216500
14.232600
15.769800
15.882100
15.889200
15.898800
15.909600
16.611700
17.231500
17.296200
17.745900
17.759300
17.783100
18.322000
18.328200
18.336900
18.345500
19.651700
19.690400
19.696600
19.899100
20.211400
20.488100
20.496100
21.802400
23.306100
23.323700
23.335200
24.524200
25.207100
25.214200
26.500500
26.522900
26.648700
26.657500
26.861600
26.872100
26.894400
26.914100
27.063300
27.069400
27.079300
27.713200
27.721800
27.733200
27.741600
27.751400
27.999800
28.677200
28.684800
30.034800
30.037600
30.040400
30.043100
30.046000
30.048700
30.051600
30.054300
30.057200
30.060300
30.063200
30.066600
30.069800
30.073000
30.076400
30.080100
30.083700
30.087600
30.091500
30.095700
30.100000
30.104300
30.108900
30.114100
30.118900
30.123600
30.129200
30.133800
30.139200
30.144500
30.150500
30.156200
30.163100
30.168300
30.174200
30.179600
30.184600
30.191400
30.198300
30.205100
30.211400
30.217200
30.224400
30.235100
31.057600
31.172600
32.014000
32.022000
32.034100
32.046500
32.263000
32.499300
32.522800
32.632200
32.637900
33.863800
34.043500
34.051200
34.168700
35.170100
35.554300
35.562600
35.996000
36.006400
36.784800
37.487400
37.504300
37.861100
37.867600
37.879300
37.901100
38.029300
38.048600
38.306600
38.332800
38.345500
40.326900
40.339300
41.921400
41.933000
42.514400
42.547600
42.555800
42.568500
42.611400
42.631800
42.641400
43.100100
43.113200
43.125600
44.076700
44.988500
45.990500
46.006100
48.233200
48.242000
48.949200
48.968500
49.004900
49.016100
49.330100
49.954300
49.977900
51.014000
51.021900
51.406100
52.264600
52.280100
52.318000
52.326800
52.595000
52.619900
53.445300
53.452900
53.506700
53.517600
53.851300
53.858700
54.679400
54.705000
56.202800
56.312200
56.331500
58.427100
58.438200
58.463700
58.478500
58.568400
60.050100
61.261900
61.271500
61.695500
62.787500
62.797600
62.816700
62.830900
63.080100
63.302000
63.312300
63.328500
63.804300
63.812700
63.828900
64.130200
64.139500
64.359700
64.371700
65.015000
65.032800
65.155500
65.163200
65.171700
65.682900
66.181800
66.189000
66.198200
66.207900
66.213700
66.227400
66.307200
66.653500
66.663000
66.671000
66.687100
67.231200
67.236000
67.240900
67.246200
67.251600
67.256500
67.266900
67.579000
67.710300
67.719500
67.734100
67.748200
70.513700
70.528500
70.875200
70.884300
71.158200
71.164700
71.766000
71.874900
72.139100
73.028100
73.398300
73.407300
73.831900
73.837800
73.844100
73.853600
74.037000
74.044300
74.057300
74.065800
74.683000
74.689400
74.731300
74.746000
76.242500
76.250700
76.262800
76.363300
76.501000
76.680700
76.689900
76.696700
76.705200
77.427700
77.437500
78.874500
79.946600
79.968500
80.520400
80.528700
80.806400
80.832500
80.891000
80.897600
81.746100
81.755700
81.765900
82.659600
82.674000
82.680600
82.976200
83.865400
83.870700
83.882000
83.936100
83.943700
83.952900
83.961400
83.972300
84.182200
84.190000
84.197400
85.261400
85.271300
85.589400
85.596200
85.619200
85.662900
86.014100
86.471400
86.476600
86.482600
86.490200
86.558100
86.571000
87.358900
87.368800
87.607100
87.621000
87.926900
87.940300
87.946700
88.220800
89.605500
89.612000
89.763800
89.772900
90.938600
90.945700
90.958900
92.077300
92.087200
92.107300
92.553000
92.563900
92.576600
92.922600
93.555200
93.564100
93.950900
93.958300
94.374700
94.574600
94.851700
94.859600
95.039600
95.080700
95.333500
95.344100
95.444700
95.451300
95.462900
96.812100
96.975300
98.204400
98.212200
98.220700
98.230800
98.675500
98.683300
98.690000
98.696900
98.706800
98.718800
98.816400
98.831300
99.593200
99.600200
100.055900
100.064200
100.727700
101.071200
101.243300
101.354100
101.361200
101.370300
101.556300
102.502000
102.507000
102.514200
102.523200
103.879500
104.263200
104.443000
104.453300
104.461400
105.575600
105.583000
105.953800
105.960500
106.219700
106.252400
108.909100
108.916500
108.921700
108.927500
108.936600
108.952500
109.797200
109.804100
109.812400
109.819100
109.826900
111.470700
111.478200
112.082400
112.091200
112.257100
113.603500
113.616400
113.624200
113.632600
113.643700
113.649500
113.663400
113.671700
113.971800
114.848000
115.536200
117.758100
117.765800
117.783900
118.124800
118.130200
118.139200
119.244300
119.253200
119.467600
119.535500
