spike times
12.222500
13.315400
15.248700
15.258700
15.269700
15.277300
15.287500
20.275500
20.284800
20.293600
21.360700
22.665100
22.672500
22.680700
22.687300
27.180900
27.193000
27.202700
27.212200
27.225900
29.344200
29.351200
29.358000
30.043500
30.047400
30.050500
30.053900
30.057300
30.060500
30.063800
30.066900
30.070200
30.073500
30.076700
30.080400
30.083700
30.087500
30.091400
30.095300
30.099300
30.103400
30.108100
30.112800
30.118600
30.124200
30.129500
30.135300
30.146000
30.165400
31.381000
31.389700
31.397400
31.551000
31.564400
31.905100
31.918100
31.927300
31.934900
33.160500
33.168100
33.178500
33.187700
33.401700
33.410800
33.427100
34.946800
34.952000
34.958000
34.963800
34.970700
34.983100
34.996500
37.392400
40.095300
40.106000
46.671100
46.679100
46.700000
46.846100
46.855400
47.088900
47.790300
47.797800
47.808200
47.826200
50.318400
50.326000
53.469500
53.784000
55.089900
55.098000
55.105000
60.942600
61.630000
61.641700
64.678700
64.688400
64.696900
67.647600
67.659200
67.671100
69.959500
69.969800
69.985800
76.186200
76.194500
76.206600
76.215200
76.223500
77.225700
77.231900
77.242900
77.686200
77.697300
78.001500
78.009200
78.016400
78.023900
78.036000
78.049500
78.480600
78.492000
78.505000
78.522700
83.405200
83.416900
86.183600
86.193500
86.201600
86.210400
86.220200
86.228800
