spike times
2.236700
2.249300
3.268300
3.277400
6.029900
6.332600
6.340500
7.647400
7.656300
10.497400
10.504300
10.514900
10.521900
10.529100
12.840300
12.849100
12.881000
14.404500
14.414400
14.438300
14.448100
14.456900
14.861100
14.879800
16.545200
16.560000
16.568000
20.946400
20.952700
20.957700
20.963500
20.969500
20.975200
20.987400
20.997700
21.008900
21.555900
21.561800
21.568600
21.578200
21.586400
21.597400
26.706400
26.719300
29.646400
29.654900
30.042400
30.045900
30.049300
30.052900
30.055900
30.059300
30.062500
30.065800
30.068800
30.072100
30.075500
30.079400
30.083500
30.087600
30.091700
30.096200
30.101200
30.106700
30.111800
30.118000
30.126800
30.139500
30.179300
30.299000
30.327000
30.949600
31.206900
31.325500
31.340300
31.527800
31.535100
32.338600
32.347900
32.375400
33.019600
33.027500
33.033400
33.040200
33.046500
33.056200
33.067000
34.002200
35.466100
35.476400
35.495100
36.952000
36.958100
36.966100
36.973100
36.980100
36.985400
36.992300
37.023700
41.466900
41.476300
44.068900
44.088800
44.097300
44.426300
44.585800
46.268400
49.740900
49.754100
49.766100
50.306800
50.899200
50.905800
50.914100
50.943400
50.950900
57.197700
57.325100
60.688000
62.645500
63.079700
63.579100
63.592600
64.184600
65.028700
65.047500
65.201400
66.887500
66.918300
66.926900
67.243500
67.257700
67.267200
68.157500
68.165600
68.203900
70.402600
70.413300
70.421200
70.429200
71.803200
71.997600
72.007300
74.200100
77.934500
77.947200
79.327200
79.339400
83.222700
83.228600
83.245400
84.994700
85.007700
85.226800
85.233500
85.770700
85.779500
85.791700
87.015100
87.026000
87.044500
89.705100
89.734000
90.287400
90.556500
90.566800
91.279300
91.291800
91.495000
91.514500
91.747900
91.771000
92.921300
93.381300
93.386700
93.393900
94.527700
94.532600
94.537000
94.543200
94.567700
95.696500
97.339900
97.353400
101.443400
101.451800
101.458700
101.463900
101.469600
101.476100
101.482300
101.489500
101.498800
101.512800
101.837000
101.848000
103.353800
103.365300
106.205300
106.541700
106.548100
106.563100
106.577400
106.589200
106.600100
109.769700
109.782600
110.104600
110.121900
110.787000
110.804700
110.812400
110.823900
110.845700
110.860600
113.079900
115.074900
115.082200
115.088700
115.095400
115.100900
115.108400
117.375400
117.380900
117.388000
118.231200
118.241100
