spike times
0.035700
7.488700
24.311600
30.037600
30.041700
30.045000
30.048600
30.052800
30.056400
30.060200
30.063700
30.067400
30.071600
30.075600
30.080400
30.086100
30.091800
30.097700
30.103800
30.111700
30.120100
30.132400
30.138900
30.146300
30.157300
30.163800
30.170200
30.194000
30.201900
30.212900
30.237100
30.255600
30.283200
30.297700
30.323900
30.333300
30.343100
30.383200
30.395300
30.438000
30.493400
30.536600
30.575200
30.581900
30.588200
30.644200
30.656200
30.667000
30.687900
30.781800
30.788100
30.826900
30.836600
30.915800
30.962800
30.984900
31.024100
31.031800
31.047700
31.087900
31.094900
31.119800
31.196900
31.204300
31.235900
31.255500
31.319700
31.329500
31.341400
31.355700
31.445000
31.452600
31.496500
31.501900
31.524000
31.546300
31.556500
31.646400
31.655800
31.661500
31.699600
31.737900
31.789700
31.814200
31.872200
31.882100
31.900700
31.921000
31.946400
31.954400
31.993600
32.008800
32.033300
32.076300
32.113000
32.157400
32.167200
32.217000
32.234100
32.296900
32.308600
32.317700
32.396000
32.405900
32.491800
32.506200
32.515300
32.545600
32.567500
32.700700
32.732900
32.762100
32.822700
32.831100
32.838200
32.902900
32.925300
32.974300
32.989400
32.996800
33.101700
33.109700
33.136200
33.198400
33.208400
33.262500
33.271700
33.291500
33.396800
33.468000
33.474200
33.480700
33.506800
33.512900
33.581700
33.642200
33.715100
33.722700
33.768600
33.777000
33.783500
33.893800
33.939700
33.947500
33.958600
33.965500
34.043300
34.141200
34.150500
34.160300
34.167900
34.233700
34.281200
34.338900
34.367200
34.376500
34.459200
34.466700
34.489900
34.637700
34.646600
34.654700
34.661700
34.746900
34.761400
34.771800
34.815800
34.823400
34.835500
34.858500
34.872500
34.958700
34.991100
35.004400
36.102900
36.492800
36.499100
36.505500
36.525600
37.524500
37.565700
37.823800
37.934700
38.049000
38.373000
38.704000
38.903600
39.387100
39.625000
39.636700
39.921900
41.140300
41.776600
42.187400
43.035800
44.107400
44.119900
45.317500
45.332100
45.801800
46.590800
46.948800
48.303200
48.939000
48.947600
49.585300
49.596500
50.800000
50.824800
52.225500
52.243100
52.255900
52.267300
52.470800
53.190300
53.198300
53.779500
53.790800
54.918600
54.934500
54.942300
57.467200
57.840300
58.017500
58.450300
58.488100
58.511200
58.725600
58.734400
58.747600
59.783400
60.021300
61.089700
61.159800
62.633100
63.234900
63.934000
63.962800
64.661100
64.673600
65.213800
65.225200
65.891100
65.913400
66.870100
68.137200
68.148100
68.203900
68.590000
68.600900
68.610800
69.287500
69.536900
70.678800
71.957400
73.382700
73.400100
73.750200
74.634400
74.643400
76.568100
76.913700
77.996400
78.011500
79.254300
80.256200
80.267700
80.278600
80.513700
80.910400
81.027000
81.216000
81.230100
81.242100
81.867900
81.874900
81.888700
82.374200
82.385800
83.301600
85.424300
85.447300
86.473700
86.484800
86.498600
87.496900
87.992700
88.012700
88.310300
88.321400
88.719300
88.731300
89.429200
89.446300
90.564100
92.843800
92.860600
92.876100
93.702200
93.709300
93.729000
94.437900
94.455400
94.471400
96.172300
97.095500
97.713100
97.724800
98.732600
100.495500
100.740500
101.458400
101.488900
101.917800
105.956600
106.159500
107.481300
108.466500
109.343200
109.860900
109.872000
111.422500
112.010700
112.763400
113.661300
116.536600
116.924000
116.948700
118.409600
118.431000
118.859000
