spike times
0.235100
0.292500
0.901200
0.911700
0.929500
2.112800
2.125700
3.270600
3.283400
3.291300
3.300500
3.311200
4.421100
4.439700
7.814700
9.101000
10.177900
10.835000
10.847300
12.218500
12.230800
12.242900
12.692600
12.706200
13.924100
13.934900
14.879900
14.890100
15.143300
15.172100
15.966100
17.001800
17.008800
17.028400
17.276300
17.543000
18.032900
19.644700
19.662100
21.436100
22.505800
22.517400
22.527300
23.808900
24.131500
24.666800
25.792400
25.811500
27.082000
28.140400
30.025300
30.038500
30.043300
30.047300
30.051000
30.054200
30.057700
30.061200
30.064900
30.069500
30.073900
30.078400
30.082300
30.086900
30.091800
30.098600
30.105800
30.112500
30.118800
30.124900
30.134300
30.142000
30.150600
30.160400
30.168800
30.178100
30.186900
30.206300
30.212800
30.226800
30.235100
30.253800
30.260700
30.272300
30.293600
30.301500
30.320200
30.328500
30.359800
30.368100
30.376200
30.418000
30.438900
30.456700
30.464400
30.494900
30.502100
30.518500
30.525100
30.552200
30.574100
30.606000
30.617000
30.663600
30.670100
30.703400
30.713700
30.765500
30.779000
30.790700
30.797500
30.825100
30.837700
30.847800
30.869900
30.880500
30.924300
30.929700
30.965500
30.972900
31.008400
31.454900
32.435400
32.674100
33.442000
33.689600
35.223900
35.483200
36.413800
37.373900
37.764200
37.787100
37.795300
37.830000
38.169500
38.419200
38.912500
40.011000
41.181100
41.197000
41.215600
41.614900
41.978400
42.027400
42.865400
43.246800
43.258000
43.269300
44.051800
44.062400
44.074200
44.086100
45.347400
45.369700
45.979400
45.994100
46.167200
46.177900
46.781500
47.205800
49.416100
49.428700
50.259200
50.273600
50.285500
50.296800
51.771300
51.780400
52.330900
52.708600
54.781100
55.633100
55.646000
55.835600
55.850900
56.264600
56.699100
58.076800
58.785800
59.553000
59.829500
60.819500
61.749200
62.094400
64.373800
64.382100
65.076200
65.811000
67.924000
68.066200
69.298000
70.214000
70.696100
70.711700
71.688700
71.700400
71.954000
72.502400
72.520100
73.270700
73.884400
73.898400
74.748400
74.756100
75.058500
75.248400
76.042300
76.494600
76.516100
76.748300
76.757300
76.999900
77.601100
78.626900
79.821400
79.865800
79.873500
79.888500
84.256600
84.637100
84.657400
84.672300
85.364600
85.376500
85.394000
86.390400
86.960000
87.568800
87.575600
87.588400
87.926600
87.942900
88.699700
89.993300
90.010600
90.419000
90.870400
90.882900
91.048900
91.892700
91.906100
91.914900
92.487600
94.141400
94.183100
95.658300
95.672800
95.699700
95.921700
96.349000
96.722500
96.740500
97.316000
100.007300
100.557400
100.581300
101.539000
101.551500
101.983600
102.994700
103.004300
103.012500
103.021700
103.467600
105.819700
105.827900
105.835300
106.311100
107.054200
107.061800
108.089500
108.105400
108.115700
108.125700
109.461400
109.690900
110.942100
111.029200
111.036900
111.833400
111.999900
112.145200
112.883000
113.088500
114.003800
114.014600
114.041100
114.548100
114.563200
115.912200
116.064300
116.348100
117.450900
119.483200
