spike times
2.440600
2.455300
2.554500
4.054700
5.312000
5.338100
8.476500
11.361500
11.381100
11.391700
11.677300
12.816000
14.588200
14.902200
28.687600
29.277500
30.044000
30.050500
30.055000
30.058700
30.063200
30.067200
30.070500
30.074400
30.078000
30.081500
30.085300
30.090400
30.095200
30.099600
30.104300
30.109300
30.113700
30.123700
30.129300
30.135900
30.143700
30.151600
30.159800
30.166700
30.173000
30.184600
30.195200
30.202200
30.209200
30.220900
30.228900
30.237000
30.242400
30.249900
30.260100
30.266500
30.279900
30.295900
30.309800
30.323200
30.328900
30.353000
30.371500
30.379600
30.384800
30.390700
30.398800
30.406800
30.449800
30.463100
30.473000
30.501900
30.510300
30.519100
30.527200
30.567100
31.404900
32.198100
32.863800
33.586200
33.852000
34.101700
35.364300
35.393400
36.435100
37.034100
37.633600
37.645100
37.670000
39.289800
39.320500
39.685100
39.695300
40.164000
40.506500
42.101200
44.588000
45.467800
48.406400
48.489300
49.152700
50.217200
50.236100
53.390800
55.374900
55.383300
55.410900
55.421900
56.476700
58.295200
58.384200
61.409600
61.422000
63.388100
65.608600
65.991500
66.453300
67.505300
68.829900
68.866500
69.288100
70.914100
73.563700
73.582400
77.602400
79.048300
83.749400
85.212800
87.236700
87.249600
88.204600
89.118400
89.660300
90.566800
90.590200
90.600600
94.887900
97.005500
101.487700
101.562000
101.908400
104.150500
105.570700
105.578900
105.588300
106.626200
108.461100
108.468500
111.794500
111.968800
115.881100
116.203600
116.778400
117.783200
118.558900
118.774700
119.270500
