spike times
0.039000
0.467600
0.476500
0.483900
0.490300
0.496100
2.174800
2.800000
2.808000
3.288900
3.297200
3.305000
3.316000
5.943900
5.955100
5.964600
5.972700
6.962300
6.970600
6.987000
7.877400
7.885500
8.479100
8.485900
8.494700
9.034500
9.045000
9.412800
12.608700
12.615800
12.625100
12.639100
13.234300
13.503500
13.513400
14.180500
15.048200
19.899100
19.906100
19.918900
19.929200
20.038800
20.178900
20.190100
20.381000
20.389700
21.649100
21.669000
23.195100
23.205300
24.206600
25.182100
25.190100
25.944500
25.953100
25.960000
25.990200
25.999500
27.332400
27.605600
27.615800
27.625400
28.345700
28.355000
28.364600
28.379900
30.039500
30.042700
30.045800
30.048800
30.051600
30.054400
30.057500
30.060500
30.063500
30.066700
30.070300
30.073800
30.078400
30.082800
30.087900
30.094000
30.100200
30.107400
30.116700
30.150800
30.176400
30.715200
30.727500
31.153900
31.532900
31.743100
31.751300
31.973100
31.981400
31.997100
34.242700
34.265700
35.445400
35.455100
35.697000
35.854300
35.860300
35.867500
35.885600
36.238200
36.880900
37.355600
39.623700
39.630000
40.882200
41.821800
41.860500
41.871800
41.941400
42.799800
43.568000
43.769400
44.940800
45.071000
45.843200
47.694100
47.712900
48.144400
48.475900
48.639900
48.645400
50.571400
50.662500
51.293400
53.020500
53.029900
53.466800
53.474300
53.500900
54.634800
54.643200
55.745100
55.771900
56.551900
56.559900
56.847800
56.859000
56.936600
58.244600
58.261500
58.268900
58.276100
58.284500
58.291600
60.461400
60.467200
60.703800
60.718100
60.726800
64.685700
64.694200
64.706100
64.718400
64.731700
66.687200
66.697400
66.705300
66.713400
67.061000
67.892100
67.898300
70.882900
72.689500
73.833200
73.841900
73.861300
75.227000
75.241100
75.251600
75.262000
75.274400
76.837600
76.846400
80.428700
82.750900
82.768400
84.707400
84.717700
84.727100
86.040500
86.050100
86.059900
86.083400
86.718400
86.745300
87.190400
87.916600
87.928900
87.943300
88.772600
88.932700
90.280400
92.272600
92.345300
93.374400
93.906800
93.915600
94.147500
94.159900
94.188300
94.199400
96.954700
96.962300
96.971100
97.114800
97.131800
97.145800
97.187300
97.195100
97.207100
98.778100
99.163700
99.172300
99.186000
99.195400
99.226200
100.167200
100.180200
100.187900
101.653900
101.663900
102.937100
102.948800
103.973200
104.835400
105.862100
105.869300
105.966400
108.317300
108.324500
108.963400
109.828900
109.849700
110.320000
110.329700
110.359200
111.254500
111.269900
112.059100
112.074500
112.087800
112.278600
112.285000
112.292200
113.060200
113.469900
114.056100
115.814100
115.841400
115.855700
117.842900
117.853700
