spike times
1.206700
1.221300
8.064300
10.764900
11.484500
11.497400
18.912700
19.612200
19.621200
19.637200
19.649100
20.819800
20.849100
21.322300
21.372700
21.395900
24.726200
28.047500
28.064800
29.831500
29.841100
29.853900
29.890000
30.038300
30.042900
30.048700
30.053900
30.060000
30.066500
30.071900
30.078900
30.089000
30.098900
30.123000
30.133000
30.140400
30.148700
30.172600
30.190600
30.230900
30.247400
30.323900
30.383800
30.392300
30.412600
30.481500
30.609500
30.649600
30.656000
30.663700
30.713900
30.721800
30.728500
30.736900
30.774200
30.803800
30.845300
30.860300
31.026400
31.039100
31.057000
31.066300
31.192300
31.199100
31.291400
31.322100
31.363700
31.376100
31.455800
31.469900
31.607600
31.617500
31.656700
31.708500
31.720700
31.816000
31.853200
31.864900
32.021900
32.033800
32.111700
32.125400
32.147000
32.178400
32.346100
32.360300
32.368200
32.420800
32.445800
32.483600
32.610100
32.648700
32.768000
32.787600
32.914900
32.929700
32.945500
32.965400
33.043400
33.052900
33.171900
33.227100
33.268300
33.467100
33.499200
33.619100
33.698100
33.737100
33.771000
33.781700
33.854800
33.894500
34.054400
34.085900
34.168000
34.183100
34.253800
34.304300
34.345500
34.468300
34.478200
34.492900
34.531100
34.542000
34.643500
34.879800
34.997000
36.480000
36.574600
36.649700
37.542100
37.557100
37.720400
37.732500
37.954100
38.310900
38.790600
39.157900
39.211500
39.227700
39.263600
40.016100
40.451200
40.624800
40.946600
41.084700
41.437400
41.963000
42.106500
42.125700
42.148300
42.453700
44.210100
45.761400
45.776600
46.016300
46.027600
46.150000
46.505100
46.664100
47.623300
47.674000
50.079100
50.098800
50.642100
50.657500
50.677100
50.781800
50.806000
51.464900
52.163700
52.186600
52.202100
52.949700
52.979200
53.102400
53.206600
53.569300
54.290800
54.412800
54.432200
55.612800
55.654000
56.263300
57.079600
57.216500
57.235700
57.264400
58.639100
59.004900
59.550600
59.626500
60.267500
60.283800
60.314900
61.094800
62.759900
63.837500
64.163800
64.887400
67.926000
67.950500
67.972900
68.108600
68.904600
69.248900
69.355000
70.379900
70.441200
70.520700
70.619600
74.360200
74.375100
74.629200
75.393600
75.806400
75.818500
76.706700
76.827300
77.709200
77.722100
77.796700
78.051400
78.086900
80.486500
81.041400
81.062400
81.071500
81.154100
83.371200
85.417200
85.487900
86.143100
87.387300
87.406700
88.109200
88.439800
88.468400
88.509900
89.399200
89.415500
89.884000
90.688600
92.723800
92.765700
93.800300
95.586100
96.010900
97.300700
97.980900
99.032000
99.968000
99.987700
100.019700
102.183000
102.196100
102.606100
104.099000
104.163600
105.406500
105.426200
105.449300
106.091000
106.391200
106.402300
106.422200
107.340600
107.397600
109.620600
112.455600
114.456900
114.689500
116.722000
119.084800
119.119700
119.675800
119.918500
