spike times
0.569600
0.589900
1.455600
1.467200
1.495600
3.933500
3.945900
3.959000
7.603100
7.614500
15.457800
18.328100
18.342500
18.358200
18.391900
20.420300
24.919500
24.953300
30.044400
30.051000
30.056900
30.062400
30.069100
30.075400
30.080900
30.087800
30.095200
30.106700
30.125000
30.142300
30.174800
30.185500
30.197100
30.254700
30.280100
30.316900
30.327800
30.386400
30.438000
30.450400
30.523400
30.529200
30.537400
30.550600
30.645700
30.658700
30.667400
30.781000
30.854500
30.865800
30.874300
30.950500
30.961300
30.970500
31.081800
31.184900
31.321900
31.331600
31.343900
31.353800
31.475700
31.482000
31.537000
31.550300
31.585900
31.649500
31.765300
31.856200
31.863900
31.880000
31.897200
31.929300
32.970700
33.084200
33.094600
33.123700
34.122400
34.175300
35.154700
35.165700
35.404800
37.584800
37.615300
39.532400
39.547800
40.392600
40.421400
40.453200
43.028300
43.038500
43.089500
45.299000
45.329800
46.332000
47.659200
49.448600
49.460900
50.403400
51.882000
52.801300
53.392700
56.734600
56.826100
60.497300
60.523300
60.540400
60.565100
60.670300
64.489600
68.270200
69.204500
69.361000
70.624500
70.634900
71.430200
71.442400
71.488100
71.505600
71.810400
71.827100
72.572100
72.595800
74.428700
74.446400
74.466400
74.525000
75.152700
75.176200
76.000200
76.013200
80.973300
80.998400
84.115700
84.828100
84.859100
85.392200
86.450800
86.460800
86.919500
86.939200
86.969200
88.476600
88.502700
88.973500
88.984600
92.462700
93.425300
95.053700
106.839400
108.723700
108.741800
114.770500
114.781700
114.808500
118.668700
118.699200
119.244300
119.268000
119.413900
119.422100
