spike times
0.004400
0.690800
0.955400
1.038100
1.938900
2.271600
2.672700
2.989800
3.005700
3.366800
3.382900
3.395400
4.432200
4.521300
5.039300
5.130700
6.493300
6.769300
6.883400
7.059000
7.786200
7.797600
7.805600
7.847000
7.954100
8.199200
8.496100
8.756100
9.237100
9.775300
9.893500
10.367800
10.576400
12.342200
12.637900
12.661000
12.775600
13.102100
13.455500
13.473700
14.000700
14.027200
14.467300
14.490100
14.810900
15.017900
15.687000
15.754000
16.168100
16.186500
16.203100
16.329000
16.536000
16.558600
17.251600
17.307700
17.329500
17.620100
17.637700
18.039200
18.074600
18.665900
19.186700
19.220300
19.412200
19.637100
19.717100
20.596300
20.605600
20.620500
20.993500
21.011800
21.603200
22.393200
22.683700
22.957000
22.968200
23.499300
23.515500
23.528400
23.541000
23.558000
24.457400
24.758700
24.774100
24.788200
24.996900
25.180300
26.025500
26.033400
26.044100
26.059100
26.068100
26.081000
26.328000
26.338800
26.466000
27.018500
27.668100
27.823600
28.882100
29.132700
29.285900
29.687600
29.707800
29.805400
29.827600
29.983800
30.032800
30.056200
30.064700
30.073100
30.085700
30.152100
30.784700
30.835100
31.365000
31.633300
31.732700
32.174000
32.467000
32.481900
32.721500
32.746400
33.619700
33.796700
34.053600
34.838900
34.850000
34.859500
35.066600
35.287600
35.346800
35.589100
36.059900
36.297700
36.772400
36.789300
37.447900
37.485800
37.496600
38.196400
38.483600
38.738200
38.779400
38.907700
38.937700
38.950600
39.015300
39.179700
39.380600
39.391800
39.407800
39.421700
39.686100
40.206800
41.828900
41.838500
41.847300
41.859400
42.137500
42.159200
42.834800
42.949500
43.495500
43.679900
44.092300
44.810400
44.857500
44.873400
45.451200
45.536600
46.118400
46.344300
46.355800
46.492100
46.659700
46.789100
47.176700
48.091100
48.809000
48.823400
49.394000
49.404600
49.626000
49.858500
50.595400
51.210200
51.560000
52.590000
52.650600
53.042200
53.347300
53.614600
54.799600
55.793700
55.825600
57.100000
57.831400
57.843500
58.702100
58.712900
58.780500
59.761600
60.131500
60.581900
60.673400
60.780900
61.822700
61.990800
62.744900
62.946600
63.632000
64.205300
65.329700
65.514700
65.526100
65.597000
65.836400
65.882700
66.012600
66.033800
66.124800
66.152400
66.596200
66.606900
66.693000
67.896700
68.229000
68.411600
68.667600
69.015800
69.797500
69.831800
70.599600
70.904600
71.105900
71.548600
71.558900
71.733600
71.969300
71.981400
72.641200
72.652600
72.663300
72.678300
72.858200
73.265700
73.323000
73.537100
73.557600
73.571800
73.589700
73.600700
73.623300
73.883100
74.172000
74.215000
74.274900
74.400600
74.565900
75.006600
75.021400
75.044100
75.050000
75.171000
75.191300
75.850300
76.047500
76.329500
76.493300
76.509100
76.769500
77.181400
77.461300
77.493700
77.509300
78.005200
78.129000
78.348700
78.359500
78.373600
78.733100
78.832000
78.917200
78.997900
79.236600
79.307400
79.448200
79.470700
79.829600
79.845900
79.869200
80.150600
80.748300
80.762100
80.771600
80.831500
81.357100
81.367200
81.386300
81.489500
81.565500
81.758700
82.066500
82.359300
82.374100
82.512600
82.862000
83.101600
83.296600
83.648000
83.753700
83.778500
83.804800
84.513500
85.317900
85.332700
86.041100
86.303800
86.629000
86.647700
86.806500
87.101100
87.126100
87.299900
87.715900
88.020800
88.115600
88.393500
88.531100
88.690100
89.057200
89.561400
89.793300
89.807000
89.822100
90.256700
91.038800
91.249300
91.892600
92.201100
92.495200
93.614400
93.710500
94.300400
94.477100
94.486900
94.508900
95.149600
95.523300
95.860500
96.285000
97.332900
97.753700
97.767200
97.798300
97.816200
97.838600
97.959800
98.111200
98.298000
98.314500
98.340400
98.935200
99.003800
99.017600
100.098700
100.117300
100.727100
101.150800
101.177300
101.208900
101.362000
101.381100
102.270000
102.552900
102.597900
102.617200
102.805900
103.092100
103.115700
103.190100
103.881700
103.903200
103.912300
104.748700
104.775400
105.901400
105.998100
106.257300
106.376500
106.398900
107.121600
107.384000
107.395400
107.898900
108.500400
109.019100
109.411700
109.426100
109.523600
109.769100
109.821000
110.063400
110.174100
110.538700
110.997500
111.131000
111.391000
111.522100
111.540300
111.892800
111.946300
112.191800
112.214800
112.481100
113.196600
113.832500
113.846100
114.036500
114.108500
114.339100
114.439200
114.716000
115.089300
115.867600
115.940200
116.276800
116.645100
116.749500
118.279500
118.473800
119.191600
119.208500
119.781700
119.793900
