spike times
0.239200
0.252900
0.266500
0.278000
1.529500
2.476400
2.488700
3.402900
3.885200
4.431500
5.156400
5.170100
5.185000
5.206300
5.431300
6.206000
8.139400
8.828200
8.840000
8.873700
9.633000
9.783600
11.868300
11.878700
11.896300
11.953200
11.962000
12.279500
12.302200
12.319500
12.542600
12.574200
13.908500
15.828500
15.836400
16.713000
16.738900
16.757900
17.591200
19.424600
19.450100
19.518000
21.437700
26.336300
27.892600
28.955700
28.966600
28.976300
29.003700
29.014800
29.047100
30.038200
30.042600
30.046900
30.050300
30.053800
30.057200
30.061000
30.066200
30.071000
30.075700
30.081900
30.087600
30.092900
30.099000
30.104500
30.112100
30.121200
30.131300
30.141300
30.153300
30.161900
30.168000
30.183600
30.191900
30.202600
30.210700
30.224300
30.411400
30.539800
30.807600
30.816000
31.293400
31.871700
31.887700
32.007700
32.494900
33.800800
33.810400
33.820400
33.832700
34.044500
34.377300
34.389300
34.410900
36.293400
36.307900
36.634200
36.652300
37.092200
37.104000
37.141600
37.174000
45.026600
45.047300
45.058100
46.249700
48.252900
48.648300
48.712600
48.743900
48.764700
49.174500
49.292600
49.306900
53.717100
53.734700
55.118900
56.671800
56.684400
58.420100
61.656100
61.675600
61.688200
61.703000
63.888000
63.905600
65.278700
65.289400
68.353800
68.367400
68.396800
68.418800
68.429700
68.478900
72.027300
72.036200
72.048900
72.077400
72.112300
72.122200
72.279000
72.288200
72.297800
76.111300
76.119600
78.330700
78.341700
78.349500
78.360200
78.453500
78.477500
81.451500
81.950600
84.689200
84.699600
88.042600
89.292000
89.342300
89.383300
90.391200
90.403400
90.427400
90.479300
91.052300
91.066600
94.838300
94.847500
94.857500
94.908300
94.933100
97.009600
97.019000
97.031800
97.040100
97.052000
97.089400
97.125500
101.694100
101.711900
101.723400
101.742500
101.763100
103.487400
103.733400
104.946600
104.966700
105.858100
105.867300
105.881700
108.850200
111.278600
111.291600
111.401100
111.429100
111.715800
114.416100
114.424800
115.787900
119.237200
