spike times
1.605000
2.081000
3.720500
6.819800
14.127700
15.848800
16.985400
25.339900
25.382400
25.516500
27.124600
29.012000
30.051000
30.055300
30.060100
30.065400
30.070100
30.074400
30.078900
30.083400
30.087700
30.092500
30.097500
30.102100
30.108700
30.115800
30.124800
30.132400
30.142300
30.151900
30.162600
30.175900
30.186100
30.204800
30.220300
30.231800
30.245900
30.259200
30.275200
30.311000
30.323300
30.340300
30.353600
30.374100
30.384000
30.396100
30.441800
30.452000
30.460200
30.476600
30.525400
30.559000
30.592400
30.609800
30.621600
30.640900
30.678300
30.714600
30.747200
30.754100
30.766200
30.779000
30.828800
30.846200
30.859500
30.875200
30.922100
30.965200
30.975200
31.035100
31.047600
31.063800
31.085000
31.100400
31.183500
31.205400
31.241100
31.252500
31.312800
31.326800
31.340400
31.350900
31.388900
31.427200
31.437900
31.445800
31.521300
31.535000
31.550400
31.615600
31.654100
31.676700
31.691600
31.767200
31.784500
31.802300
31.823600
31.883800
31.896900
31.922600
31.952200
32.017800
32.031300
32.893900
33.565300
33.602000
34.053900
34.993900
35.432600
35.794400
36.327500
36.346400
37.223700
38.006900
38.742800
38.857000
39.990000
40.228100
41.765200
41.946300
43.184300
43.723500
43.769900
45.747600
45.760200
45.770500
45.787500
46.832100
47.212100
48.205500
50.091100
50.110900
50.133200
51.723100
51.781300
52.301200
52.321100
54.973500
54.995800
55.094600
55.225400
55.244300
55.380000
55.399100
57.050700
57.710400
62.243100
62.915400
64.580000
66.679300
67.567500
68.816400
69.252200
71.963300
72.066300
73.412000
74.424200
74.459300
75.213100
75.916200
75.941600
75.959900
75.979000
76.050600
76.808300
77.968200
80.847200
83.158300
85.319500
88.169200
89.301200
89.717400
89.733400
89.748400
91.995600
93.895900
95.841300
96.835300
97.571800
98.256600
100.012600
100.541200
100.557700
104.076100
104.290300
105.930200
105.966600
106.491300
107.496400
108.124900
111.633000
112.357200
114.599100
114.613100
115.107400
115.594800
115.807700
117.750200
117.769000
117.935800
118.724300
119.304700
