spike times
6.857800
6.883800
7.314600
7.331700
14.284700
14.304400
14.320600
18.503500
18.519500
19.302100
20.956200
20.967900
25.667500
25.709400
25.726100
25.816300
27.129500
27.144600
30.076800
30.089700
33.244200
38.040600
38.054300
38.066900
39.648600
41.797100
42.047800
42.064800
51.406900
51.427500
51.461200
51.628500
51.773600
54.625500
54.644400
54.664000
55.540900
55.568500
55.587600
58.446200
58.465400
59.664000
61.867600
61.917300
61.944300
64.637500
70.888700
84.625000
85.406100
85.435000
