spike times
2.615400
2.632500
2.656300
2.932400
3.190600
3.216600
3.229700
5.100600
5.165800
5.198100
6.430600
13.093800
13.107000
15.473700
15.491600
28.711100
30.053000
30.061400
30.072100
30.081600
30.094800
30.104600
30.109500
30.114300
30.120200
30.132200
30.147600
30.163000
30.168300
30.174100
30.180300
30.217500
30.242200
30.254000
30.273800
30.296200
30.307400
30.354600
30.380300
30.397200
30.458000
30.489400
30.497000
30.503600
30.516700
30.526700
30.585300
30.838100
30.879600
31.085600
31.096100
31.108700
31.260300
31.268300
31.276000
31.284500
31.710700
31.720000
31.763700
32.002900
32.432600
32.550800
32.561000
34.010200
34.392300
37.001100
37.021900
37.337200
37.361800
37.983400
38.819500
42.446800
42.975500
46.128700
47.812000
51.352500
51.372500
51.383300
55.866400
55.882200
55.912400
55.937500
56.620500
58.208700
58.222200
58.234400
58.271000
60.024300
60.035500
60.055200
67.373600
68.997600
69.007100
71.497500
71.507600
71.556200
71.586800
75.017300
75.028600
75.056600
75.074800
84.152400
84.174600
84.481700
88.556200
88.564100
88.578600
88.589000
89.029200
89.042800
89.100500
102.531800
102.620900
102.631200
102.642100
102.652400
102.723900
103.048400
107.492900
108.685600
108.700200
108.709700
108.724000
108.740900
108.757400
113.073500
113.088400
113.105300
115.658000
115.667400
115.694400
115.709700
