spike times
0.044700
1.040500
1.180000
1.202400
1.473200
1.486000
2.807300
2.817500
3.892700
3.907600
3.917400
7.748600
7.846900
7.856400
7.919300
10.665600
13.233800
16.257500
19.466200
20.459200
20.640500
20.971900
20.981600
21.703600
22.625400
25.914400
25.926400
25.943000
28.735000
29.104200
29.114300
29.134100
30.044900
30.049700
30.055300
30.063600
30.071200
30.084200
30.090300
30.095900
30.105500
30.112400
30.123300
30.135000
30.348500
32.595100
32.602200
35.266000
39.446300
39.468300
39.490900
41.231000
41.248400
41.973400
41.983800
42.010900
45.192400
45.367800
65.875900
66.055700
73.999800
74.012900
74.068100
79.075700
79.085400
79.099200
79.118200
79.141700
79.183800
79.195000
79.613500
80.172400
85.091700
85.124600
85.138500
85.766500
85.812900
87.306700
89.958800
89.969100
92.379900
92.390000
93.962300
93.978100
94.016500
94.029800
94.043300
95.289100
95.313400
97.869100
98.708600
98.716800
100.621700
100.701400
101.453200
101.464900
101.478800
101.508300
101.918600
101.932600
102.950000
102.979300
104.936200
106.093400
106.107200
106.119000
113.475700
114.610600
114.630300
114.642900
114.673700
117.066300
117.075500
117.761400
