spike times
0.636200
11.707900
11.735500
11.799600
14.096100
14.126700
14.141000
14.267400
14.281400
14.353800
14.483600
15.353500
15.376000
15.397300
19.501000
19.548300
19.574300
22.047900
22.066000
22.376700
23.293200
23.945200
23.953300
24.341100
24.534600
24.548600
24.584300
30.041000
30.046400
30.051900
30.059500
30.065300
30.069900
30.077400
30.083900
30.095700
30.120000
30.134200
30.300900
30.700700
31.860100
32.664200
32.682700
32.693300
32.715900
32.727300
32.837700
32.849100
33.475800
33.482400
33.504500
33.516300
34.453400
36.937800
36.957000
36.970500
42.562000
42.576800
42.584900
42.592300
42.608500
43.829900
51.853100
51.862300
51.887300
53.894800
53.907800
53.921600
54.171000
54.178500
61.075300
61.085300
64.328100
64.345900
64.362300
64.385100
68.134300
68.744900
68.758000
71.328000
72.976200
72.996400
73.005400
73.016100
73.025400
76.766700
76.776500
76.801500
76.811500
76.822500
78.182200
78.828700
78.837800
80.368700
80.379900
80.514600
83.676600
86.182300
86.193900
86.204000
86.247100
86.279600
86.508200
