spike times
0.012500
0.450600
1.488300
1.508700
2.055100
5.023100
5.041000
5.067600
5.915900
8.949900
8.972300
8.999200
9.656600
9.680200
11.910900
11.929100
11.986200
15.640500
15.656200
15.673200
16.766800
16.969900
17.852000
18.184200
18.195500
19.820100
20.667200
20.678100
20.694000
20.710600
21.998600
24.627400
28.054100
30.042300
30.047600
30.052300
30.056600
30.061100
30.065300
30.069600
30.073800
30.078600
30.083300
30.087900
30.092900
30.099300
30.109100
30.118300
30.136300
30.214900
30.625800
30.636000
31.054800
31.657300
32.297900
33.308500
33.844800
33.870900
33.892200
37.101700
38.868900
38.884200
39.528200
42.586300
44.770700
47.822700
47.830900
47.840000
47.848600
47.857500
47.868000
47.884500
47.899700
48.121900
48.537200
49.244800
49.286900
50.773700
53.508300
54.250300
55.901800
55.947900
55.960200
55.987800
56.702500
57.021200
57.046000
57.054700
62.827000
62.848400
62.860700
64.720400
65.482100
65.509200
66.590100
66.617600
67.149000
68.656500
68.681900
72.743100
75.636700
76.262600
77.864900
77.886000
77.912100
77.934200
82.739900
82.751500
82.785800
86.713400
86.738400
87.348200
88.324800
88.568300
89.726300
91.363500
91.375800
95.181100
95.914000
96.953300
97.380400
