spike times
1.733200
4.712200
4.726500
11.499800
11.510500
11.535200
14.453400
14.461600
14.490200
14.588000
14.612400
14.728600
15.245100
17.077700
18.324600
18.334200
18.353600
19.063400
19.075300
19.095800
20.270000
20.283000
22.024500
22.070000
22.369800
23.214400
23.231900
23.262900
23.273100
26.064800
28.884900
28.896000
28.927500
28.940700
28.992100
29.429200
29.468300
29.478900
30.045400
30.049700
30.053700
30.057500
30.061300
30.065400
30.069300
30.073900
30.078900
30.083200
30.088600
30.094800
30.100600
30.105400
30.110700
30.117700
30.124600
30.134200
30.146800
30.157700
30.296700
30.355400
30.911400
30.919900
31.809300
31.816800
31.827400
32.034500
32.680700
32.694100
32.704100
32.714900
32.865100
33.058000
33.438700
33.449200
33.805500
33.878300
33.909500
33.985000
34.086700
35.428200
36.651100
36.671500
37.160400
37.681600
37.705400
37.725000
37.748700
38.231500
38.240900
38.250300
39.024500
41.493800
41.506800
41.514400
41.536500
41.552200
46.667700
46.682900
46.712800
48.215000
48.228200
48.239200
48.256700
48.316800
49.298100
49.309800
49.318800
49.686500
50.419900
50.428700
50.476000
50.496500
50.506100
50.518600
53.738200
53.764500
61.842700
65.562600
65.576900
65.594700
67.352400
67.369700
67.588900
67.600400
67.614600
68.914100
68.924800
68.934100
71.224100
71.235600
71.247300
71.263500
71.273300
72.633700
72.643400
73.328100
73.337800
73.360400
73.376200
73.395200
73.482800
73.546600
73.574000
73.695300
73.708300
73.789800
74.806600
74.824300
74.833100
74.869200
74.890400
75.973200
77.437500
77.466300
77.482200
78.182800
78.193900
78.215600
78.243300
78.255100
78.272100
78.382300
78.400500
86.233300
86.244500
90.931200
91.275500
