spike times
0.082100
1.252400
1.289700
1.770700
9.174700
10.432100
11.562400
15.382800
15.423000
16.696500
17.015200
17.759000
17.781000
18.271200
18.791600
18.798000
18.806200
19.519200
20.091200
20.951000
21.983000
22.284000
22.573400
22.588500
24.287800
29.509600
30.043400
30.051300
30.056200
30.061200
30.066200
30.070300
30.074400
30.078700
30.083000
30.087800
30.092200
30.097900
30.103700
30.109600
30.116500
30.123800
30.131300
30.140900
30.151500
30.159800
30.171100
30.180800
30.195100
30.202000
30.211000
30.223200
30.236100
30.257500
30.264100
30.277500
30.291200
30.311600
30.322400
30.330700
30.339300
30.347300
30.358900
30.374500
30.388800
30.405100
30.426000
30.450500
30.471600
30.484000
30.506500
30.520700
30.536300
30.552300
30.578600
30.596100
30.640800
30.657000
30.665300
30.697800
30.705900
30.738500
30.746400
30.804800
30.814900
30.856000
30.872000
30.948400
30.954800
30.965500
30.986900
31.019200
31.024600
31.932700
31.940100
31.947000
31.986000
32.487700
32.799800
32.816800
33.407000
33.425900
33.450900
34.039300
34.249100
34.661400
36.261000
38.217800
38.232200
39.154900
39.467500
39.823400
40.716300
41.530700
41.930800
43.439600
44.071300
44.875100
45.308700
45.574900
46.491700
46.658200
46.730000
47.878000
48.150600
48.440800
48.718900
49.244100
49.350600
49.425800
50.196400
50.211000
50.661800
50.700800
50.975700
51.473900
51.558900
52.682000
53.015800
54.402000
55.102500
55.112300
55.740500
56.190800
56.253300
57.473300
58.028100
58.599100
59.284000
61.488900
61.828700
62.256800
62.974000
63.498300
63.521200
64.352500
64.364300
65.597000
66.460600
69.355500
69.380800
70.774600
71.696000
71.714300
71.948500
72.369500
72.890400
73.345700
74.491600
74.523300
75.266800
76.497000
76.907300
76.970400
78.190100
79.709600
80.134200
80.509600
80.554400
81.035100
81.054900
81.555500
82.188100
82.204000
82.224400
82.424600
82.604100
83.651400
84.027800
84.508400
84.802400
84.976500
85.189100
85.368100
86.413900
86.444400
86.469200
86.485200
87.129800
87.600600
87.613800
88.049200
88.915100
90.577100
90.599800
91.087200
91.748300
92.444200
92.808700
94.445200
96.597000
96.622100
97.303800
97.317900
97.483100
97.730600
97.746000
98.540700
98.568200
99.854400
99.864200
99.894800
100.202200
100.467200
100.480600
102.718600
103.570600
103.930400
103.938700
103.957200
104.101700
105.331400
105.362900
106.632400
106.645900
107.478000
107.872000
108.658700
112.335900
113.002700
113.316400
113.713700
114.208500
115.111700
115.183800
115.774200
117.705700
118.977500
119.444600
