spike times
1.132700
1.140300
1.150100
1.182000
1.202500
10.107700
10.141800
13.820000
13.837300
13.864000
13.933300
13.948100
14.066400
14.084500
14.543700
14.560400
15.429500
15.445100
15.472100
17.123000
19.397600
19.409400
21.938500
22.075300
22.089700
24.521800
24.533700
24.554600
26.098000
26.157400
26.174500
26.186600
30.043700
30.048800
30.053500
30.057900
30.064100
30.069000
30.073100
30.077600
30.084200
30.090100
30.096400
30.106300
30.111600
30.121900
30.138900
30.145100
30.152000
30.181300
30.196200
30.205600
30.213200
30.220700
30.241100
30.265300
30.276900
30.322700
30.339400
30.369400
30.402500
30.410700
30.445600
30.460700
30.471500
30.501800
30.521100
30.530100
30.541800
30.596900
30.604000
30.633500
30.640800
30.660300
30.726700
30.733300
30.793100
30.800000
30.810200
30.843600
30.914400
30.933100
30.962700
30.976300
30.991200
31.019200
31.032600
31.044400
31.084500
31.094600
31.132000
31.168900
31.181800
31.226900
31.235000
31.246700
31.310300
31.327300
31.343700
31.351200
31.357900
31.365500
31.386400
31.481000
31.504200
31.583100
31.616300
31.624300
31.680900
31.748200
31.761600
31.777000
31.788700
31.796900
31.811400
31.825100
31.838700
31.876300
31.930300
31.969000
31.986300
32.061200
32.073800
32.080400
32.092500
32.099900
32.113400
32.123000
32.166700
32.184000
32.219800
32.230800
32.250000
32.258100
32.312700
32.341800
32.351000
32.430700
32.439500
32.446900
32.456000
32.495900
32.559700
32.595700
32.608300
32.625700
32.642800
32.743200
32.749900
32.769600
32.778700
32.808500
32.821500
32.828500
32.842300
32.873800
32.984500
32.991300
32.998900
33.009900
33.064300
33.094900
33.101100
33.110600
33.118600
33.202000
33.245600
33.254100
33.273500
33.344800
33.383700
33.397500
33.409300
33.442300
33.459700
33.468000
33.486200
33.549500
33.555400
33.578100
33.588300
33.595600
33.613900
33.702000
33.720500
33.729700
33.743400
33.750400
33.784700
33.814800
33.829400
33.879500
33.893700
33.904600
33.952200
34.002300
34.014900
34.039100
34.082400
34.092900
34.102600
34.190200
34.214500
34.222800
34.245600
34.287900
34.337200
34.386400
34.398100
34.409800
34.418000
34.454800
34.463000
34.476100
34.488400
34.495500
34.558100
34.590000
34.596800
34.618700
34.640500
34.671200
34.689300
34.734700
34.751600
34.809100
34.820400
34.849200
34.876200
34.902900
34.962000
35.023400
35.122800
35.578800
35.586300
35.666800
35.677100
35.815100
35.840100
35.952000
36.152800
36.161800
36.242600
36.475400
36.484000
36.564300
36.578200
36.584000
36.589700
36.700900
36.778100
36.792400
36.909700
36.916500
36.924500
37.044800
37.064500
37.408400
37.441900
37.454500
37.464400
37.754400
37.798200
38.144800
38.467300
38.502000
38.509500
38.525900
38.803900
38.915200
39.472000
39.507900
39.782500
39.808700
39.828900
39.837500
39.845000
39.851900
40.111000
40.127000
40.142300
40.269800
40.308300
40.515200
40.628900
41.200500
41.206200
41.221900
41.243900
41.256800
41.264700
41.296500
42.028400
42.524800
42.816500
42.841800
42.985100
43.178500
43.885700
43.919800
43.942400
44.722700
44.740400
44.803000
45.972900
47.016100
47.068400
47.082900
47.155500
47.260000
47.290900
47.304300
47.596300
48.272400
48.301700
48.316700
48.348200
48.461700
48.475200
48.835800
48.846300
49.044100
49.856800
49.892200
49.901400
50.142300
50.152300
50.177100
50.184500
51.181100
51.189200
51.647700
51.656900
51.671700
51.814600
51.833400
51.863400
52.094500
52.109500
52.696600
52.719000
52.779100
52.838400
52.977500
53.034700
54.338600
54.486500
54.544800
54.686200
55.021100
55.037400
55.046500
55.844300
55.912000
55.994300
56.267700
56.277300
56.954700
57.202300
57.902300
57.913900
57.929300
58.087100
58.118000
58.680300
58.691100
58.701700
58.779000
58.810400
58.988700
60.010700
60.023700
60.041700
60.062300
60.144500
60.308000
60.432800
60.451400
60.462700
60.481300
60.494600
61.068700
61.098800
61.116800
61.144400
61.287400
61.296800
61.317800
61.820500
62.090000
62.096900
62.111300
62.126900
63.308100
63.318700
63.956800
63.972900
64.186000
64.215100
64.385800
64.396300
64.405700
64.412900
64.437800
67.029300
67.050700
67.259900
67.691500
67.708000
67.720600
67.982700
67.991700
68.002300
68.016600
68.216300
68.225800
68.396500
68.821400
68.831700
68.841000
68.869400
70.876900
72.067600
72.077000
72.784600
72.837700
72.984100
73.029200
73.094600
73.225100
73.265800
73.279300
73.290400
74.653400
74.662900
74.708000
75.075400
75.159300
75.171800
75.184800
75.716400
75.726600
75.744700
75.775600
75.849300
76.173400
76.384600
76.394400
76.416200
76.821500
77.702400
78.380100
78.428600
78.967200
78.977100
80.533300
81.767000
81.815000
81.825900
81.862400
81.884900
81.896200
81.985900
82.051600
85.465200
85.495100
85.527000
85.578700
85.639400
86.158000
86.170100
86.274400
86.927800
86.937500
87.961000
88.295300
88.314500
88.511800
88.546800
88.569400
88.586800
88.715500
89.282100
89.291100
89.641600
89.658800
91.070600
91.084400
91.095800
91.166200
91.181100
91.345800
91.384100
91.557200
91.659500
92.052000
92.066100
92.078100
92.323100
92.338400
93.863200
95.527500
95.868800
95.890400
95.938500
97.232400
97.251300
97.268700
97.423000
97.570600
97.577500
97.585200
99.328200
99.755200
99.765300
101.368300
101.376500
101.391600
101.443200
101.492900
103.448300
103.481300
103.519800
103.537100
103.558700
104.163900
104.187300
104.638800
104.690600
104.734000
106.256600
106.309400
106.321100
106.332800
106.369800
106.734100
106.749900
106.759600
106.775700
107.523400
107.532400
107.543300
107.553100
108.066000
108.132600
108.566800
108.576400
109.017600
109.027800
109.051800
109.270100
109.283600
109.294400
109.444600
109.563500
109.577100
109.826900
109.835900
109.847700
110.134000
110.143200
110.245800
110.465000
110.537100
110.566100
111.015700
112.749800
112.761600
113.083600
113.097900
114.892600
114.904800
114.922300
115.001600
115.772900
115.784900
115.791200
115.806400
119.328000
119.345900
119.376100
119.388100
119.431700
119.471400
119.756100
119.790300
