spike times
0.748600
0.767300
0.787800
0.801400
0.823100
1.479300
1.614100
1.623700
1.747100
3.052000
3.066800
3.280500
4.792600
4.803600
4.823200
6.082100
6.094200
8.111300
8.124400
8.140100
9.957100
10.946700
10.965800
10.998600
11.061400
11.082300
11.174000
11.278600
11.298400
11.318900
11.511300
12.392900
12.402500
12.439800
12.451600
12.479600
12.511900
12.520500
14.341300
14.927700
18.028900
18.037400
18.049900
18.081000
18.111200
18.151400
19.409400
19.417000
19.436200
19.902600
22.153100
22.186000
22.200300
22.518300
22.531800
22.540800
22.856800
22.864200
22.871100
22.896900
24.075600
27.474800
27.482400
27.497000
27.548200
27.560300
27.663500
27.690000
27.716600
27.754900
29.710600
29.718100
29.739800
29.748600
29.763900
29.811000
29.819300
30.036300
30.042500
30.046700
30.050700
30.054400
30.058000
30.061600
30.065700
30.070000
30.074800
30.078900
30.084500
30.090100
30.094400
30.099300
30.107600
30.112900
30.118300
30.124700
30.131500
30.140200
30.147300
30.156400
30.165800
30.175300
30.184400
30.221500
30.227600
30.241000
30.251600
30.261400
30.279700
30.292400
30.329400
30.335300
30.354800
30.381200
30.391900
30.400200
30.415800
30.482300
30.488200
30.497900
30.517600
30.547000
30.562000
30.571400
30.601900
30.637300
30.645100
30.650800
30.657700
30.728600
30.765000
30.770500
30.778300
30.795900
30.805700
30.863900
30.907600
30.914000
30.959800
31.006100
31.014400
31.047200
31.191900
31.426800
31.565700
32.041700
32.180600
32.347500
32.464500
32.475700
32.503400
32.520700
32.534200
32.542000
32.581000
32.803100
32.812100
32.895700
32.937400
32.983900
32.990300
32.997900
33.242600
33.251200
33.315100
33.339500
33.490200
33.833300
33.851000
33.869600
33.880100
34.401600
35.261300
35.365000
35.376200
35.416500
35.742000
35.767800
35.832800
37.134100
37.333500
37.888000
37.912900
38.275300
38.291100
38.304600
38.680400
38.860900
39.807200
39.876700
39.913900
40.162700
40.182800
40.201000
40.272900
41.188800
41.850000
41.862800
41.906100
42.614800
42.626300
42.672300
43.591300
43.611600
43.716100
43.727800
44.544900
44.566900
44.579600
44.593100
45.020900
46.523200
47.769400
47.780000
49.124100
49.133100
49.144000
49.162700
49.182900
50.192000
50.202700
51.047700
51.077300
52.280400
52.293000
52.314400
52.325700
54.806800
54.862400
54.871200
55.122900
55.435600
56.020600
56.031500
56.911600
57.783300
57.799700
57.813400
58.459400
60.847300
60.867100
60.880100
60.905700
60.945400
60.958200
61.181700
61.195900
61.236000
63.387500
63.400700
64.426500
64.435800
64.443600
64.454600
64.465200
64.479200
65.949100
65.963200
65.979200
69.001900
69.016600
69.037900
69.052900
69.072000
69.204600
70.104400
70.136800
70.146500
74.867900
74.875400
74.897800
75.705500
75.719700
76.481900
76.496400
76.563100
77.336600
77.344900
77.356700
78.260500
78.270200
78.282000
78.328800
78.874800
78.884000
78.892700
78.907800
81.228200
81.239500
81.248100
81.262700
81.284000
81.374300
81.385400
81.696300
84.040900
84.134800
84.173600
84.269300
85.223200
85.244400
85.259300
85.268300
88.138500
88.394600
89.693800
89.707600
90.868200
90.877000
90.892000
90.929300
91.600800
91.609500
91.621200
91.638100
91.661100
96.356300
100.341900
100.352700
101.999300
102.012200
102.035000
102.746400
104.394700
104.409000
104.479200
104.505800
104.521000
104.878600
104.888300
104.901500
104.946900
104.958000
105.800100
105.827700
106.090900
106.110600
106.181700
106.190300
106.202000
109.656600
109.665900
109.678600
109.893700
109.919200
110.110700
110.127100
110.399000
110.409400
110.418200
110.458900
110.585600
110.680600
112.829900
113.594100
113.602500
115.212200
115.862900
115.876700
115.897200
116.101800
116.118900
116.562100
116.579200
