spike times
0.624400
0.646100
2.134300
2.155400
2.258400
4.266200
4.283700
4.539900
7.823100
11.823100
11.850200
11.862900
14.319400
14.393400
22.911400
24.788800
25.220200
25.389500
26.850600
27.305500
30.044200
30.052200
30.066700
30.077700
30.084900
30.101100
30.274300
30.285900
32.986100
33.280500
33.302000
36.245300
36.279800
36.652400
37.837300
38.213600
39.295500
39.325300
43.973600
43.989900
50.197200
50.208400
60.897400
62.644500
62.664100
63.873000
73.125100
73.174500
73.244400
80.738000
81.530000
81.571800
81.874500
82.138200
83.444600
83.503200
84.429900
84.449800
85.862100
85.898800
85.918700
88.277700
88.338300
88.372000
88.389200
94.192800
94.404600
94.419300
