spike times
2.750300
4.415900
5.462600
7.054300
7.230300
12.079500
12.114400
27.443800
28.624900
28.640000
30.035000
30.041800
30.048100
30.053800
30.058900
30.065400
30.073100
30.081800
30.089000
30.099900
30.111600
30.131900
30.138800
30.148300
30.163000
30.172200
30.185700
30.292500
31.141600
31.160500
31.545500
32.375300
34.805400
36.016800
36.160400
40.551100
43.039400
45.178700
45.189600
45.234400
45.248600
46.133600
46.159400
46.542300
46.570700
51.091000
51.354600
56.241800
57.605600
65.792700
65.846200
68.211500
68.931600
68.943200
73.236200
75.182800
75.198300
75.224800
75.241800
77.180100
78.952700
79.799200
79.851400
79.868100
79.880000
80.015800
80.154900
82.044700
85.048600
85.070400
89.499600
89.507800
89.516200
89.568200
90.667200
90.950200
91.557200
91.573400
92.871800
92.889900
93.110800
93.346700
97.320900
97.446700
97.946100
98.000300
98.504200
98.552700
101.422700
102.257300
102.283100
104.265100
104.784800
104.799900
107.079200
107.892800
110.051400
113.282600
113.294900
115.611800
116.459800
117.582200
117.648300
