spike times
0.283800
0.309800
1.640900
4.001200
5.576600
5.607500
9.771500
22.375700
26.884200
26.922900
30.045200
30.050100
30.055300
30.060200
30.065100
30.070300
30.075200
30.081500
30.086600
30.091800
30.097300
30.103100
30.108900
30.117300
30.125100
30.136200
30.143700
30.157400
30.167500
30.185800
30.199200
30.219400
30.227200
30.246300
30.262000
30.278600
30.295400
30.327500
30.340300
30.367500
30.396200
30.406000
30.415300
30.455900
30.473600
30.492000
30.516300
31.212400
31.259200
31.926200
34.019800
43.885500
44.172900
45.475000
45.739300
45.749500
48.756900
49.035600
50.456000
55.498200
55.523500
56.664200
58.190100
70.509100
75.503700
77.394000
77.409800
80.046600
80.067600
81.863900
89.248500
96.232500
101.385000
104.122700
114.113800
116.286900
