spike times
2.262400
3.630200
4.018400
5.762600
7.380400
7.419200
8.257200
8.267000
10.230700
10.248300
10.731400
10.844500
11.680000
12.319800
13.451700
13.882000
14.668500
15.620800
15.944900
17.306700
19.859300
19.873400
20.615500
21.027700
21.756100
21.764500
21.775300
21.788100
21.799600
21.817300
23.773000
23.781800
23.789300
23.799700
23.812000
23.825400
23.848900
24.023600
25.360700
25.384600
25.439300
27.855700
29.092900
29.106900
29.128100
29.137900
30.044300
30.051300
30.057600
30.063800
30.069100
30.074000
30.080900
30.097100
32.058400
32.201700
32.234800
32.911100
34.305100
36.105900
37.712700
37.723100
37.866600
37.890500
38.423300
39.806800
39.817600
40.919400
40.933500
44.721500
44.781800
45.442700
45.931000
46.335400
46.349400
47.002800
47.808000
48.128400
48.285900
48.779300
49.023900
53.699100
54.050500
54.218800
54.817700
58.317900
58.573300
59.647100
60.678600
61.881400
62.133400
64.231000
64.376600
65.034600
66.577900
66.599400
66.960900
70.981300
70.997600
71.235600
71.873800
72.579400
74.527600
75.556400
78.448100
80.132500
80.503900
83.531000
85.379300
85.944100
