spike times
5.118400
6.123300
10.890800
10.920100
10.952900
10.976800
11.101900
19.429100
19.457700
19.490600
19.964000
19.983600
29.661900
29.699400
30.043200
30.050900
30.057400
30.062700
30.069800
30.076100
30.082600
30.098500
30.117000
30.127400
30.159800
30.189400
30.225800
30.242400
30.274700
30.288300
30.316900
30.333100
30.435100
30.446400
30.496600
30.505300
30.562500
30.625300
30.739800
30.761700
30.846100
30.858100
30.920800
31.017300
31.027200
31.042600
32.297100
32.921900
33.410100
33.563600
34.151600
34.164200
34.377400
34.423300
34.702100
34.888300
35.979500
36.019300
42.340900
46.173500
46.185800
46.216700
46.912100
71.571900
75.762700
83.137700
108.257900
113.187800
113.212900
115.901500
116.377000
116.387600
116.403000
