spike times
6.200400
9.698100
9.711600
14.586500
20.790200
22.576600
22.685300
28.733900
30.040200
30.048500
30.056300
30.062100
30.069500
30.078700
30.084800
30.096700
30.108300
30.116900
30.129100
30.143400
30.152000
30.165400
30.197500
30.231300
30.237600
30.253200
30.272700
30.283900
30.312400
30.353700
30.424600
30.460300
30.524800
31.658700
31.674700
33.056800
37.018800
37.028300
43.217100
43.277500
47.671500
47.691800
47.894100
48.119300
50.096200
56.966800
57.004600
58.949400
61.548200
61.562800
61.685700
63.384400
64.894700
64.908700
64.923400
67.704900
68.967600
70.056500
70.073800
73.739500
73.774700
75.724600
76.019400
79.194000
79.208400
79.935200
83.864300
86.396300
86.422100
86.433300
86.462200
88.082900
88.111100
90.982000
91.001100
91.018800
97.624300
97.632500
98.691100
98.703300
98.851200
100.882500
100.920300
104.089500
104.100500
