spike times
0.372600
0.395000
3.630300
3.710700
4.143300
4.178600
6.743600
7.278100
8.727500
9.370500
9.410800
9.574800
10.184200
10.209500
10.891600
10.904100
12.527500
12.682200
12.719600
14.250600
15.871800
15.887800
15.941600
16.397500
17.197300
21.442400
21.469400
21.535600
22.864100
22.920000
22.944700
26.447500
26.524600
30.041800
30.051800
30.059800
30.064900
30.070000
30.075200
30.081100
30.088900
30.096000
30.102200
30.109100
30.124400
30.131400
30.163700
30.251800
31.141700
32.601600
32.613700
35.840500
36.626600
37.876500
38.802600
39.680400
42.217900
43.874900
48.705800
50.168100
52.108600
53.499200
53.564200
53.576900
58.507700
58.564700
61.018400
61.327100
61.346600
61.819800
67.504700
67.541500
68.727800
70.287700
70.337400
70.417500
71.781700
76.443600
76.475700
76.516900
76.546900
76.628500
76.923900
77.299300
77.314400
78.693300
78.741700
79.000600
79.012900
79.024700
79.719400
82.263900
82.333800
83.601900
84.300300
85.245500
86.951100
87.718200
