spike times
0.198500
0.213300
0.320500
2.626900
4.124900
4.169200
4.178900
4.192000
6.790100
6.871300
6.880800
6.889900
6.940600
7.147600
7.178500
7.279100
9.997800
10.024100
11.829600
14.118100
14.127100
14.142500
15.994100
16.043500
16.062100
16.075500
16.191800
16.201700
16.218900
22.958300
22.966200
22.975600
22.999500
23.048900
23.135700
23.340900
23.352700
23.364800
25.501800
25.527500
25.539900
25.557900
30.038200
30.042500
30.046500
30.050800
30.054800
30.058200
30.062200
30.066400
30.071300
30.075100
30.079400
30.083800
30.087900
30.092800
30.097600
30.103100
30.111100
30.118600
30.124100
30.130800
30.152700
30.160300
30.168700
30.181700
30.195700
30.211400
30.239400
30.264800
30.272100
30.285700
30.308100
30.317300
30.325900
30.337600
30.353900
30.361500
30.414700
30.428200
30.446700
30.456800
30.479800
30.488300
30.495800
30.503500
30.543800
30.585500
30.592600
30.661500
30.677800
30.683800
30.695400
30.750400
30.755300
30.812800
30.825700
30.868300
30.882700
30.894100
30.959700
30.976300
30.985400
30.994600
31.004700
31.030800
31.048100
31.074100
31.083500
31.092200
31.100900
31.163400
31.169100
31.188300
31.258300
31.269100
31.285800
31.299500
31.332600
31.343400
31.363200
31.378400
31.419700
31.471900
31.489300
31.499400
31.530400
31.560700
31.570800
31.581300
31.589700
31.601800
31.633900
31.642300
31.722500
31.783000
31.811400
31.843200
31.876600
31.924000
31.934200
31.950300
31.956000
31.977800
31.987200
31.995100
32.003800
32.044200
32.184100
32.388900
32.400900
32.462500
32.606800
32.633100
32.652600
32.815700
32.827200
32.837200
32.845900
33.117400
33.134900
33.149000
33.288900
33.311900
33.598500
33.607000
33.619400
33.825300
34.066600
34.101500
34.108000
34.116900
34.132700
34.140700
34.152700
34.170800
34.192000
34.242100
34.250800
34.382400
34.405300
34.425800
34.623200
35.345200
35.360000
35.454900
35.461600
35.706400
35.751600
36.127100
36.140500
36.299900
36.369100
36.379700
36.626200
36.650300
36.776300
36.902800
36.914000
36.923800
36.945800
37.496700
37.591400
37.603000
38.126900
38.371900
38.563900
38.922300
38.930400
39.995200
40.020400
40.116400
40.123800
40.154900
40.163800
40.179900
40.312400
40.383300
40.790900
40.869700
41.638600
41.656300
42.033700
42.071100
42.081800
42.124900
42.211100
42.366500
42.389100
42.418400
42.850300
42.863000
42.991600
43.003600
43.035900
43.419500
44.056600
45.665200
45.702800
45.814100
46.103600
46.159500
46.302800
47.791200
48.047500
48.631900
48.664400
49.628500
49.635400
49.645700
49.692300
50.909700
51.062800
51.071200
51.897600
51.911100
51.928200
52.461500
52.476700
52.502600
53.087700
53.096500
53.106300
53.116900
53.132000
53.197000
53.520200
53.548500
53.577900
53.614300
53.853300
54.154400
54.164000
54.719600
54.729800
54.755200
54.776400
54.788300
57.225800
57.235200
57.245500
57.255200
57.264000
57.548600
57.556700
60.377900
60.428600
60.436100
60.462200
60.754100
61.089800
61.097500
61.208800
61.727600
61.748600
62.418700
64.671000
64.678500
64.688700
64.707300
65.019700
65.043400
65.093500
67.735600
67.760500
68.161800
69.030400
69.814800
69.835900
69.883300
69.961100
70.068200
70.439900
71.369400
71.386900
71.650900
71.660200
74.127700
74.963600
75.006900
75.023000
75.078700
75.145600
75.168900
76.839300
76.848100
76.857000
76.863200
76.874300
77.558500
77.568700
77.580300
77.589100
77.632900
80.382500
80.391400
80.445600
80.708700
81.693000
81.714800
81.729500
81.739300
81.772300
81.780100
81.793100
81.803900
81.883300
82.015200
82.123600
82.137400
84.288300
84.295600
84.302100
84.309500
84.321900
85.346300
85.357600
85.378600
85.388900
85.408900
85.939200
85.959800
85.977600
86.303100
86.313100
86.328400
86.335200
86.369300
87.016400
87.027300
87.049200
87.063600
87.076800
87.198600
87.211000
87.242300
88.303600
88.970200
89.216600
89.226600
89.268600
91.504100
91.511600
91.522200
94.349900
95.196000
95.204500
95.257600
95.280900
95.290100
96.127600
96.136700
96.147700
99.068300
99.090300
100.313700
100.321400
100.345700
100.378200
101.141700
102.128000
103.021500
103.794200
103.808400
103.825000
103.848500
104.416700
104.558500
104.595900
106.558100
106.570300
109.085000
109.096300
110.068300
111.325400
111.569200
111.974100
113.817800
113.832100
113.866400
113.886300
113.907400
116.064800
116.080300
116.177700
117.578800
117.585400
117.591700
117.600700
117.610000
117.624000
117.677400
117.740600
