spike times
1.771200
5.227200
5.773500
5.801400
10.035700
10.694500
10.710500
12.400000
14.302400
14.321600
16.133800
19.919600
24.609000
25.344500
25.388600
25.444600
29.324300
29.636300
30.048700
30.059800
30.083800
30.143400
33.240200
33.992500
34.885000
35.661300
39.756600
40.452600
40.494100
43.191200
45.514000
49.088500
50.950600
51.391900
52.780900
52.811200
54.601700
56.693700
56.713600
61.497300
61.583000
61.611300
63.024400
65.146300
65.337200
67.009500
69.188100
70.801500
73.755300
74.650900
74.676300
74.693200
74.857600
77.743900
80.743300
81.518400
89.087800
93.105500
