spike times
1.089900
1.599700
2.271600
2.283800
2.834900
2.850200
5.163500
5.659000
5.764900
5.775800
5.790800
6.310000
6.329200
6.406000
9.643500
9.861000
13.652200
15.024500
15.734000
16.436100
18.031300
18.120100
18.830400
18.935500
20.240800
22.864500
22.896600
24.279900
24.320400
24.330000
24.339100
24.640300
24.956500
26.351900
28.407100
30.049400
30.054100
30.057900
30.062300
30.066300
30.070700
30.074600
30.079700
30.083900
30.088700
30.093900
30.098800
30.104800
30.111700
30.117500
30.126300
30.133600
30.140400
30.148800
30.155600
30.161800
30.169200
30.178500
30.189500
30.200100
30.220800
30.228900
30.237200
30.252600
30.264900
30.277500
30.291800
30.300100
30.318000
30.330100
30.339300
30.350800
30.360300
30.375800
30.397500
30.410700
30.420400
30.433800
30.447000
30.470400
30.481600
30.536000
30.546300
30.556300
30.566400
30.578900
30.604100
30.612700
30.629300
30.654000
30.682300
30.732200
30.743100
30.759600
30.775400
30.803400
30.815600
30.824400
30.836800
30.852200
30.863500
30.943800
30.957800
30.982700
30.992100
31.019400
31.077900
31.092400
31.121300
31.140000
31.169200
31.209400
31.238500
31.266900
31.282000
31.297000
31.318700
31.339800
31.348100
31.360100
31.371600
31.417900
31.470500
31.501600
31.534700
31.595400
31.620300
31.669600
31.678200
31.692700
31.706500
31.723300
31.749100
31.759300
31.785400
31.843000
31.934400
31.948500
31.975700
31.992100
32.005600
32.027200
32.104700
32.124700
32.145500
32.171300
32.254200
32.280600
32.297800
32.375400
32.383400
32.424100
32.449600
32.464800
32.497700
32.593200
32.631300
32.642000
32.667300
32.681500
32.715800
32.760200
32.871900
32.881300
32.926400
32.994700
33.015100
33.027200
33.048700
33.109800
33.131000
33.140700
33.151500
33.256400
33.282900
33.338400
33.362900
33.373100
33.393900
33.422000
33.575900
33.640900
33.678700
33.693900
33.764900
33.826200
33.890100
33.976600
33.991000
34.001400
34.011600
34.028100
34.039700
34.071100
34.140600
34.219400
34.234500
34.293500
34.306300
34.369500
34.414700
34.557900
34.584600
34.614400
34.629500
34.751200
34.761300
34.846800
34.856200
34.864000
34.878500
35.026700
36.519800
36.536400
36.655400
36.668400
36.691300
36.864400
36.896200
36.904000
37.069000
37.771500
37.789100
37.990300
38.014900
38.388200
38.575300
38.663600
39.043400
39.063300
40.111000
40.336500
40.480300
40.777700
40.944200
40.974200
41.135600
41.149000
41.806600
41.821800
41.891300
42.442500
42.541600
42.745900
43.005500
43.213400
43.383700
43.475100
43.508200
44.495400
45.067300
45.335300
45.614300
45.631000
45.785100
45.818800
46.370400
46.981000
47.399400
47.411300
47.430600
47.439300
47.574800
47.728500
47.748600
48.510200
48.906700
48.939100
49.417500
50.140200
50.495000
50.711000
51.108500
51.390600
51.792500
51.809200
52.221800
52.483000
52.521500
52.696700
52.901500
53.371600
53.966000
54.063400
54.233300
54.248300
55.220300
55.260300
55.489100
55.701400
56.032500
56.193100
56.227600
56.633600
56.978600
57.540400
57.553400
57.567200
57.994000
58.009300
58.233700
58.240800
58.493700
58.772500
58.975800
59.271800
59.281900
59.375300
59.512900
59.572600
59.884400
60.154600
60.906900
60.949500
61.473500
61.644500
61.696900
61.915400
62.584100
63.094200
63.284700
63.299300
63.380300
63.887400
64.072800
64.178400
64.640900
64.776700
65.130300
65.813600
65.835600
65.852200
66.041300
66.386100
66.909500
67.231200
67.541200
67.555100
67.584100
67.944700
68.752400
68.877100
69.066400
70.159700
70.321000
70.521700
70.774200
70.796500
71.188500
71.201600
71.215500
71.672200
71.901400
72.552400
72.752600
72.922400
73.033700
73.536400
74.461500
74.638500
74.705200
75.182500
75.361400
76.013200
76.028600
76.448200
76.510800
76.910400
76.931400
77.030800
77.047600
78.228700
78.426200
78.480900
78.914900
79.306400
79.560700
79.691600
79.698400
80.306500
80.333100
80.459700
80.471600
81.013600
81.183500
82.088100
82.466300
82.643500
82.658600
82.874000
83.348200
83.498000
83.618400
84.003600
84.178000
84.856600
85.011800
85.193400
85.457500
85.873000
86.506500
86.524600
86.605000
86.807900
87.063300
87.462700
87.554200
88.021800
88.132400
88.206500
88.323500
88.333800
88.747900
88.757300
89.136700
89.846800
89.869200
90.016400
90.241000
90.983100
91.001400
91.400200
91.417400
91.451800
91.650100
91.675500
92.033100
92.193500
92.754200
92.777300
92.837400
92.906400
92.915000
92.922100
92.977800
93.211900
93.380900
93.397900
93.420000
93.809500
95.064700
95.788000
95.980400
96.037100
96.489600
97.392000
97.418700
98.195400
98.677200
98.993300
99.242000
99.249500
99.272300
99.283200
99.370300
99.751900
100.350500
100.366500
100.382500
101.478100
101.616100
101.635200
102.030800
102.045800
102.538600
102.653300
104.132000
104.567000
104.880900
104.889800
105.184900
105.451100
105.562400
105.592700
106.360300
106.404700
106.427900
106.534200
106.768600
107.481700
107.497700
107.521800
107.850900
107.864800
108.068800
108.102700
108.919000
109.088100
109.097600
109.104300
109.122300
109.362100
109.637500
110.346800
111.370900
111.380700
111.396300
111.419700
111.686500
112.611200
112.827500
112.923300
113.239300
113.480300
113.814400
114.150800
114.792300
114.831200
115.329000
115.348100
115.735100
116.079800
116.101700
116.128200
116.515200
116.530300
116.825500
117.246900
117.274400
117.571500
117.675600
117.757000
118.831000
118.855200
119.316700
119.692300
119.710100
119.949400
