spike times
15.579600
19.589700
24.541700
25.521900
25.596000
30.048500
30.053500
30.059100
30.064100
30.071300
30.083200
30.091500
30.101300
32.567400
40.947300
40.967600
40.980000
40.993300
41.011500
41.073600
44.379700
46.934700
54.185100
61.924500
73.736700
84.684900
99.426600
107.271800
121.895300
146.077600
146.116100
150.037200
150.060200
150.068900
150.078700
150.085600
150.090500
150.096900
150.101400
150.106600
150.112800
150.119500
150.124700
150.130500
150.139900
150.151800
150.162900
150.174100
150.220300
150.228000
150.237000
150.254200
151.103600
155.925200
162.307200
162.326500
170.856500
180.088600
180.106100
190.715900
191.963300
191.980700
200.233300
217.699400
229.487000
236.008500
236.023900
254.802000
262.307800
270.275000
270.280300
270.285500
270.289700
270.294100
270.299900
270.304200
270.308900
270.314100
270.319700
270.327200
270.334500
270.349100
270.379000
270.398700
270.422400
270.438700
270.457000
270.506500
270.514800
270.528200
270.553000
270.581800
270.607600
270.645900
270.659100
270.683100
270.809100
270.831100
270.854300
270.865000
270.892100
270.898600
270.966400
271.006500
271.037700
271.048400
271.063800
271.086400
271.182200
271.223300
271.317400
271.328000
271.356300
271.376200
271.454700
271.544100
271.553900
271.585300
271.651400
271.715900
271.733000
271.829100
271.835000
271.845800
271.862400
271.886900
271.959100
271.974000
272.041400
272.185400
272.195200
272.204900
272.213200
272.264000
273.472100
274.058100
275.973300
275.987200
277.205100
278.941200
281.129200
282.091700
284.297800
285.664300
290.590500
290.600500
294.057500
294.865700
299.268100
300.094100
300.113500
305.899200
311.134300
314.147000
316.692700
331.132500
334.955700
343.862300
343.872500
345.818300
349.418900
349.891200
356.500300
357.106000
357.131800
357.152400
359.006100
381.551000
388.117800
391.199700
392.285500
392.294900
392.300500
392.308400
392.314700
392.323700
392.336100
392.344600
397.575000
397.596400
401.462300
403.559700
404.089900
404.093900
404.098100
404.101800
404.105500
404.109000
404.112400
404.115800
404.119400
404.123500
404.127500
404.132100
404.136700
404.142400
404.148400
404.154900
404.160000
404.167100
404.172200
404.176100
404.179400
