spike times
5.990600
23.114200
26.380900
29.800100
29.815800
30.066100
30.071800
30.076200
30.079100
30.090400
30.094500
30.099100
30.104400
30.119400
30.127900
30.142900
30.151600
30.162600
30.186500
30.198800
30.224700
37.030100
38.239400
40.316800
44.682800
44.694500
44.705200
45.075300
50.654600
54.043000
64.843300
74.771500
74.785100
77.653800
77.661800
77.674500
77.687800
77.853600
78.887700
82.422000
85.082500
85.305800
98.406800
107.655000
107.686200
114.985700
115.009300
118.172900
124.872900
131.144200
133.103900
134.956600
134.979600
136.343800
136.372600
150.265700
150.272400
150.279200
150.288500
150.292900
150.297000
150.302200
150.309200
150.322700
150.343700
150.368100
150.372300
150.375400
150.386800
150.403900
150.409900
150.445700
150.452100
150.489000
150.513900
150.693000
150.783300
150.788800
150.796100
151.009300
151.022100
151.042300
151.129700
151.132600
151.251100
151.321500
151.335600
151.446600
151.464200
151.511200
151.579400
151.643700
151.747400
152.190800
153.887500
167.346500
172.853900
174.676000
174.708000
175.448100
175.473600
178.618400
178.664700
182.723900
182.735200
182.752500
187.692600
187.706800
191.605800
192.087100
192.100100
192.147600
192.457500
192.620500
192.633400
192.647600
192.921100
194.824800
194.846500
203.217400
203.754000
209.398300
211.126900
211.600800
211.616500
213.447300
213.463600
215.348800
215.441600
215.455200
222.615800
236.650500
236.675000
241.653200
241.682100
242.291300
247.479900
247.493500
247.580900
250.510000
256.196600
258.146500
263.414500
264.699200
265.110300
265.129400
268.539300
268.561900
268.585500
269.641500
272.257600
272.262400
272.266900
272.271200
272.275600
272.285000
272.293400
272.302800
272.395200
272.532300
272.892100
277.580700
277.602800
278.377400
278.392300
278.580400
298.767900
298.785900
298.803200
299.155500
300.215100
301.396800
301.592300
302.500000
302.529900
302.542000
307.134400
315.675900
315.769800
315.791100
315.807000
318.641800
320.996700
321.006400
324.429800
327.622600
327.648400
331.344300
332.603300
332.635100
333.793400
335.577700
336.476900
340.735400
341.190300
341.198900
341.211000
347.661000
350.806700
353.990800
354.021600
355.335800
355.349800
356.663800
357.205600
358.624700
359.267900
359.276500
362.857100
362.876700
367.126300
367.184300
384.958000
384.969700
385.165700
392.282800
392.288100
392.292700
392.298000
392.303500
392.307900
392.319300
392.325400
392.344400
392.351400
392.359200
392.418900
392.426800
392.436600
401.637000
402.588300
411.349100
411.362700
411.525600
412.713600
413.595700
414.217500
414.630300
422.071300
427.702800
427.726400
431.579500
431.872600
439.492100
441.096500
445.149100
445.168900
452.616100
460.022900
460.037800
463.225600
463.242700
465.677400
466.430500
487.102100
489.983400
492.777100
509.071100
509.142400
509.549400
509.568400
509.590100
512.504200
512.514900
512.519500
512.523900
512.528300
512.535000
512.539500
512.547500
512.586500
512.592700
512.603300
512.627100
512.651700
512.657700
512.663100
512.671200
512.714000
512.773100
512.790000
512.873600
512.886200
513.151300
513.162000
513.407100
513.421500
513.667500
513.897800
513.915700
514.090800
514.131900
514.323300
514.513500
514.546000
515.687800
515.700000
516.235300
516.244600
516.258300
518.035700
518.050200
519.340400
520.158900
520.696200
520.712200
520.725000
520.736100
520.943200
520.970700
521.047900
521.641300
529.515100
532.355300
536.099800
536.312200
536.596600
536.832000
541.528500
543.973800
543.983300
543.999700
544.082300
544.849500
547.742300
547.757000
547.784600
549.954500
549.986400
565.371200
567.033400
567.054300
571.220100
571.603800
573.027500
586.657000
586.673800
587.473200
587.485900
590.046800
594.581300
595.642800
601.721500
606.785800
606.806700
606.931100
606.968000
607.595900
621.511000
624.789500
633.570700
633.646400
634.511700
634.524400
634.534800
634.537900
635.001900
640.189200
644.646200
645.022400
647.970500
647.978100
648.002500
657.586900
657.599900
658.101100
663.856600
667.883400
673.537200
673.551000
673.605400
681.093800
682.004000
682.036800
685.077200
692.131600
692.205600
695.813700
706.611800
706.628400
706.805400
718.923500
718.934200
718.972600
719.645200
723.802300
723.813100
745.980900
747.606800
749.101300
749.954600
750.014100
750.943500
754.506200
754.509100
754.513500
754.516800
754.520000
754.523700
754.527100
754.529700
754.534000
754.537500
754.541100
754.544700
754.548500
754.552300
754.556600
754.560600
754.565300
754.570400
754.575600
754.581000
754.586500
754.591700
754.598200
754.605900
754.613800
754.621300
754.628200
754.635400
754.646900
754.659800
754.678400
754.688100
754.699300
754.704300
756.238900
756.251400
757.503100
757.665700
757.678900
757.735100
757.793800
757.822600
763.458500
763.502000
763.531800
763.546800
770.377500
770.568600
771.473300
771.484000
771.516800
772.116600
772.122900
772.893100
773.248000
773.260900
783.257000
785.635400
787.795100
788.763100
788.781800
789.204900
792.508600
792.518700
792.527700
792.549400
794.417500
796.368300
797.462800
797.592500
804.496700
804.505900
805.817000
805.831900
807.446600
809.948400
809.960300
810.795600
810.807800
814.434900
815.248400
815.257000
816.583900
820.426200
820.448300
820.461400
827.092000
829.609900
829.758400
829.792200
831.740800
831.800400
834.944100
835.686500
835.894300
847.044000
848.703300
848.715100
848.948200
849.738000
849.763400
856.480100
856.494200
856.510800
856.913400
858.062000
858.390400
859.270700
861.073000
861.090800
861.106800
861.340100
863.574100
863.587400
863.613500
864.810300
864.833100
866.015800
870.029500
870.048900
870.100800
870.358500
871.350400
871.365800
871.650300
871.700400
872.021400
872.375300
874.709700
874.713700
874.717000
874.720400
874.723500
874.726900
874.730000
874.733100
874.736300
874.739400
874.742600
874.745900
874.749200
874.752400
874.756200
874.759700
874.763600
874.767500
874.771800
874.776000
874.780600
874.785500
874.790100
874.795000
874.800900
874.806400
874.811700
874.818000
874.823600
874.829700
874.839200
874.848700
874.856100
874.864500
874.872100
874.879400
874.888700
874.900800
874.913400
874.925300
874.933200
874.946700
874.969600
875.003900
875.028400
875.081300
875.103500
875.110600
875.125000
875.136000
875.153400
875.190200
875.209000
875.296200
875.307400
875.423300
875.435300
875.444500
875.452400
875.462500
875.580500
875.600800
875.614100
875.643100
875.713200
875.755600
875.765500
875.776500
875.784800
875.804700
875.817500
875.849500
875.894500
875.983500
876.065200
876.110900
876.119500
876.132800
876.180800
876.200500
876.228200
876.247300
876.256400
876.272500
876.284300
876.408000
876.473200
876.504000
876.568800
876.593300
876.637700
876.645300
876.657200
876.685800
878.213100
879.460200
879.565600
880.095000
880.749000
881.109800
881.124900
881.316000
881.478200
881.489300
881.494200
882.139500
882.158000
882.227800
882.411700
883.058000
884.611800
884.749400
885.920400
886.030900
886.245900
886.671100
886.683200
886.693800
886.863100
886.873200
887.006500
888.038600
888.867200
889.061600
889.084500
889.281900
891.004700
891.025200
891.039800
891.248500
891.807000
892.036200
892.044500
892.060300
892.081400
892.324000
892.759300
892.866800
893.870400
893.906000
895.190100
898.061200
898.461700
898.725300
898.763900
899.031400
901.216500
901.224600
901.234900
901.555600
901.923500
901.935900
901.951300
901.966200
902.204600
903.203900
903.237100
904.199400
904.205000
904.212500
904.729800
904.869100
904.879100
905.094900
905.656800
905.667500
906.879700
907.419900
908.053800
908.161500
908.172900
908.634000
908.885400
909.833800
911.122800
911.517100
911.543500
911.955000
912.128000
912.818000
913.370900
914.757600
914.839100
914.964100
915.356100
916.479900
916.497200
917.878900
918.723300
918.737600
919.984100
921.149700
921.165000
921.797400
922.769800
922.783600
924.040500
925.247500
925.275200
925.468000
926.173300
926.179700
926.199400
926.445700
926.898500
926.927000
928.825800
929.216400
929.240200
929.369800
929.550100
929.557900
929.918800
930.696800
930.715400
932.007100
933.579800
934.373000
936.067100
936.081600
937.671800
944.298100
945.786900
946.388400
946.396500
947.057400
947.511200
947.532900
948.743300
948.781400
949.620300
949.742300
952.237100
952.247200
952.260200
952.512100
953.528000
954.430300
954.441800
954.690900
955.956200
955.972400
956.131400
957.377500
958.782800
958.794300
958.802400
959.041300
959.450700
959.463300
959.592300
960.060500
962.326100
963.090900
963.916200
965.956500
966.340500
966.475100
966.487900
970.799200
970.810100
971.034100
972.577500
972.632200
972.642600
973.039300
973.574700
973.586000
974.528000
974.533900
974.540800
974.558100
975.210600
975.217700
977.236200
977.973700
977.981900
978.328500
979.746400
980.938100
981.638100
981.760300
981.768700
981.986600
983.865500
983.882700
983.900100
983.916500
983.933100
984.163300
984.387100
984.398400
984.632400
984.644400
984.810500
985.370400
986.057100
986.078200
986.090000
986.169900
987.415000
988.482400
988.504700
988.529800
988.666400
988.819000
988.839800
988.945100
988.959100
989.034200
989.073800
989.398200
990.688800
990.900300
990.917800
990.932400
992.117500
994.332500
994.354800
995.228200
995.243200
995.267200
996.706400
996.710800
996.714100
996.717400
996.719400
996.722000
996.726000
996.729000
996.732000
996.734500
996.738800
996.742100
996.746000
996.750100
996.754000
996.758700
996.764900
996.771400
996.784200
997.727200
997.738600
997.833100
998.283900
999.009500
999.390900
999.779900
1000.076000
1001.191200
1001.213900
1001.225400
1003.187100
1003.204200
1004.106500
1006.479900
1006.732200
1006.740900
1008.650200
1008.658400
1008.672500
1008.680200
1008.700000
1008.956100
1011.278400
1011.310800
1011.723600
1011.739700
1012.184400
1012.464400
1013.825200
1013.839300
1015.494200
1015.956200
1016.024400
1016.157500
1016.335300
1016.346200
1019.463400
1019.476200
1019.483000
1019.499000
1020.203000
1020.293000
1020.702000
1020.977000
1022.732600
1023.347800
1024.525300
1024.538600
1025.271900
1026.568100
1026.575300
1026.584900
1026.845800
1026.854000
1027.901100
1029.945500
1030.983700
1034.730000
1036.365200
1037.400200
1038.227500
1038.872000
1038.881500
1038.897300
1048.598800
1050.161400
1050.546800
1051.167700
1051.204500
1051.299600
1051.310100
1051.470600
1051.652200
1054.035600
1054.063400
1055.426300
1055.443900
1056.117100
1056.141300
1056.709900
1060.938800
1061.260400
1062.846700
1065.146400
1065.608400
1065.871100
1065.879400
1065.894100
1066.014900
1066.089300
1066.673800
1066.741500
1067.246600
1067.743300
1067.832000
1068.044200
1068.521900
1069.871400
1069.882300
1070.059900
1070.818900
1071.230000
1071.246500
1072.931900
1073.014300
1075.315000
1077.046600
1077.614400
1077.845000
1079.467200
1079.479600
1079.498400
1080.261300
1080.537800
1082.966700
1083.238100
1083.255400
1083.864100
