spike times
0.310600
0.831500
0.906000
2.026200
2.034300
2.844100
8.599700
8.666700
12.515200
12.649500
12.755600
16.421700
17.081400
17.108500
17.120900
19.531000
19.538900
19.550700
19.567600
20.130500
20.143200
20.153300
20.465800
29.308000
29.326800
29.368500
30.059600
30.065900
30.073400
30.083600
30.089200
30.096900
30.104000
30.111000
30.118000
30.132000
30.144000
30.153000
30.161000
30.167200
30.177400
30.188000
30.199000
30.220600
30.250600
30.256600
30.344600
30.356400
30.363200
30.375300
30.386900
30.409900
30.415800
30.438500
30.449200
30.528200
30.535100
30.542900
30.552000
30.584700
30.651800
30.661200
30.712400
30.755900
30.773900
30.790900
30.825500
30.867700
30.890900
30.970600
30.976700
31.023600
31.086100
31.197700
31.203300
31.213600
31.223800
31.240300
31.255100
31.321100
31.330800
31.382100
31.617200
31.656700
31.674800
31.773600
31.866300
31.874300
31.894300
31.903400
31.911400
31.921600
31.964100
31.978500
31.999400
32.008700
32.015100
32.575200
33.791200
33.801100
33.811800
34.144200
34.172700
34.185100
34.468600
34.479400
34.489600
34.508900
34.529500
35.149000
35.421000
35.434500
35.446000
36.217400
36.224400
36.232700
37.082700
37.363800
37.388800
38.021000
39.743900
39.764900
41.540900
41.550100
41.593300
42.740400
46.129900
46.285500
46.327300
46.545500
46.555600
46.938700
46.966600
48.331700
48.349700
49.737000
49.747300
51.049400
52.218400
52.961000
52.969800
52.985400
53.055200
56.358000
56.377700
58.854300
58.875700
59.663700
60.289500
60.298400
61.186800
62.155400
62.172300
62.339700
66.052100
66.064900
66.752400
66.783700
67.821500
67.985100
68.135200
68.914700
68.925300
69.322000
71.263300
71.284100
72.911500
72.936400
72.951900
73.003000
74.026500
74.084800
74.116800
75.384000
75.750800
75.757100
76.099300
76.110800
76.156700
80.617500
80.628400
80.650900
81.503200
81.512000
85.839700
86.951200
88.669500
89.342100
91.334800
92.765100
92.776300
93.161300
93.171100
93.198900
93.559700
94.781200
94.931100
97.661900
97.681500
97.708800
98.740200
100.685500
101.951000
102.283400
104.705400
104.732000
105.735100
107.551100
107.618500
108.276500
108.417900
109.617100
109.625500
109.638700
109.653200
110.923300
112.531000
112.544200
112.557600
117.269600
118.203500
118.213700
120.278800
120.771200
120.797100
123.114900
123.123600
125.271200
125.282500
125.333400
127.002500
128.571800
129.328300
129.359600
130.849000
130.856900
130.868000
130.882300
133.335300
134.985800
135.951300
135.988000
136.112300
136.121900
136.130700
136.141400
138.695500
138.736900
139.644700
139.658200
139.668700
140.880700
140.897600
141.379300
141.473100
141.749100
141.763000
142.298700
143.026800
143.035900
143.081700
143.102500
145.356600
145.758100
145.765900
147.115400
147.127300
147.483400
147.502200
147.949900
147.965100
148.069000
150.354000
150.364700
150.402800
152.045600
152.050600
152.056700
152.062400
152.069100
152.074000
152.079300
152.086200
152.092700
152.117000
152.896600
153.290300
153.302100
155.780500
155.793200
157.351300
157.365500
157.376600
157.386000
157.395200
160.848200
160.857000
160.868500
160.879800
160.896200
161.258100
161.922400
161.930700
165.761100
165.790400
166.335700
166.364100
167.677900
167.688700
167.701900
167.721900
167.730100
167.894500
171.837000
171.855600
176.400600
176.409200
177.506000
177.556100
178.084400
178.148300
178.503600
178.523600
179.145200
179.158400
179.689300
182.039800
182.051500
183.881700
183.893900
185.153500
185.179500
188.516200
188.525800
189.915100
189.935700
189.953100
192.312700
192.320400
192.366500
195.770000
195.779000
197.484800
197.510100
197.632900
200.233600
200.247100
202.821400
204.119300
204.135100
204.159300
204.848200
205.542100
205.555500
205.585400
208.621300
215.262800
215.313200
215.326500
216.960100
216.968100
216.979600
216.990500
217.222600
217.308300
218.969600
219.988400
220.003100
225.306600
225.316500
225.324100
226.841700
226.853500
226.932300
227.006300
229.636200
229.645000
229.693300
231.410900
231.454800
233.103900
233.121400
233.492300
235.470200
235.482700
235.504800
237.025700
238.204400
238.218500
251.579000
272.076700
272.083200
272.089700
272.096800
272.105900
272.116500
272.126400
272.141600
272.153300
272.211100
272.248100
345.764900
355.760900
382.986800
392.296200
392.303100
392.309400
392.316300
392.324800
392.338800
392.355100
392.365400
392.431000
392.437000
392.448600
392.516600
392.589700
392.678800
392.836400
393.049300
393.097000
393.493100
393.719500
393.735900
393.936100
393.946500
393.999100
394.273700
428.812400
432.556200
432.563800
441.156900
450.453500
451.878300
461.106500
468.559900
468.574000
469.872200
469.884700
471.926300
471.955100
472.622700
473.863500
473.873900
481.552200
496.457000
515.063500
515.919100
540.383300
540.398200
554.765000
561.978800
572.087600
573.529700
576.911500
576.932600
580.281000
580.924900
583.398100
600.972200
614.342500
619.300900
619.316900
627.621500
628.383200
628.427500
630.056800
631.405800
631.423100
632.650400
633.899400
634.326500
634.348400
634.364600
634.372300
634.379100
634.392300
634.400700
634.412200
634.453600
634.464800
634.470800
634.480000
634.492200
634.558800
639.369400
639.398200
641.648900
641.671100
644.591700
647.587300
659.695400
660.734300
668.392400
668.401600
668.784100
671.301600
671.316500
674.222700
680.324200
680.377400
682.161000
682.181700
685.468400
690.884500
690.900300
690.911000
694.266200
694.992100
695.579800
696.500200
702.558100
702.570000
703.488700
703.502500
707.123000
707.136100
707.154900
707.164000
707.573400
712.426600
715.781900
717.095300
717.379300
717.884100
726.028000
727.457600
727.484500
731.946400
732.686400
735.004200
736.560400
736.574000
736.729000
748.238800
748.647300
751.779700
754.296000
754.346200
754.503900
754.507400
754.510700
754.514300
754.517700
754.520700
754.523800
754.527200
754.531500
754.535200
754.538800
754.542800
754.547800
754.552800
754.557600
754.562600
754.568600
754.573300
754.578400
754.583900
754.590300
754.597700
754.603200
754.610200
754.616300
754.626000
754.631500
754.642600
754.650000
754.664200
754.674000
754.682400
754.689600
754.704000
754.712300
754.725400
754.735200
754.745200
754.763300
754.773800
754.785700
754.796400
754.810400
754.820500
754.850700
754.860800
754.868100
754.878800
754.899800
754.924600
754.948200
754.977600
755.004100
755.010700
755.021500
755.034800
755.076200
755.089300
755.109000
755.148100
755.155800
755.167600
755.181400
755.210000
755.240700
755.258300
755.303400
755.311200
755.321000
755.336300
755.345300
755.368900
755.404300
755.409700
755.429700
755.490400
755.507500
755.517500
755.538300
755.551100
755.564600
755.577900
755.601700
755.625900
755.646400
755.717400
755.729800
755.748200
755.771800
755.785100
755.830500
755.887100
755.917700
755.932600
755.942000
755.971600
755.983700
756.026900
756.045300
756.100400
756.151500
756.173600
756.224100
756.233500
756.241700
756.258200
756.316800
756.331300
756.359400
756.379000
756.394300
756.475500
756.482100
756.490000
757.594500
757.617100
757.674300
757.873100
758.129500
758.511100
758.703500
759.157600
759.168800
759.325900
759.523600
759.674300
759.682600
759.982700
760.143100
760.165300
760.890800
761.576200
761.872600
761.885300
761.915000
762.363600
762.377600
762.657800
762.672800
762.845600
762.941500
763.357500
764.360000
764.649600
764.701900
764.773100
764.781500
765.026300
765.170100
765.317500
765.983200
765.996200
766.229800
766.877400
767.048100
767.063300
767.384000
768.338900
768.348100
768.589700
768.806600
769.173700
769.529100
769.538600
769.558200
770.230100
770.496900
770.993400
771.302900
771.722200
772.436100
772.861900
773.526500
773.538800
774.149000
774.161300
774.909700
775.183100
775.280000
775.698800
775.709400
776.235600
778.099900
778.111200
778.123300
778.135000
778.191400
779.493900
779.723500
780.096600
781.125700
781.208700
781.961200
782.492400
783.206700
783.225100
783.249300
783.672400
783.885700
784.289900
784.564800
784.914500
784.934300
786.584400
786.884900
786.897100
787.656300
787.663700
787.672300
787.767800
787.881300
787.891800
788.084300
788.251400
788.857400
789.074000
789.524600
789.542000
790.202500
791.150900
791.537100
792.417000
792.732600
793.264500
793.911800
794.630500
795.818900
795.827300
796.576000
798.161500
798.916200
798.932300
798.949700
799.962000
801.637500
801.654500
802.891900
803.068200
803.400400
803.417000
803.796200
803.806800
803.840300
804.367300
804.610000
806.578400
807.113000
807.129200
809.794700
811.880000
811.891700
813.133500
813.146700
813.723900
813.734500
814.452800
815.216600
815.977700
816.718100
818.970900
819.128400
820.313900
821.094900
822.904500
822.913900
823.469900
823.480700
824.596500
824.613100
827.115800
830.275400
830.307100
831.005400
831.013600
831.022400
831.037200
831.360300
831.375300
832.144200
832.161900
833.118600
833.410300
834.375700
834.821400
835.025700
835.109200
835.192500
836.101800
836.411800
836.822800
836.979900
837.835200
837.844100
837.875300
839.132500
839.248300
840.195600
840.214200
840.743700
840.758500
841.443200
842.740600
842.771700
842.967900
843.262600
843.275100
843.740300
843.767800
845.308700
845.318800
845.329600
845.402500
845.960700
845.969400
846.470100
846.479000
846.545000
847.696200
848.426500
848.762600
848.774500
850.272800
850.301800
850.509000
852.996000
853.006900
853.275600
853.336700
853.343900
853.925700
854.147600
854.407400
854.784300
854.920300
855.752400
855.923900
856.065800
856.084400
858.177200
858.196800
862.590900
862.604400
862.798400
862.805500
862.900600
863.963500
864.680200
865.170200
865.180300
866.068300
866.076500
866.547500
866.575300
866.602300
868.793400
868.811100
868.823100
868.835600
869.819600
869.879800
870.327100
870.335700
870.413200
870.604200
870.809800
870.826000
870.837500
870.950900
870.958100
872.171500
872.780700
873.576100
873.584200
873.592400
874.342200
874.860500
875.127100
875.324200
876.472300
876.503600
876.507300
876.510500
876.513600
876.516900
876.520100
876.523400
876.526900
876.530400
876.534600
876.538800
876.543400
876.549000
876.555300
876.562600
876.574000
876.586100
876.601400
876.609900
876.646100
876.975800
878.453400
878.605300
879.749800
879.768300
880.610600
880.819500
881.735100
881.839600
881.875800
882.502900
884.040100
884.049400
885.117600
885.129600
887.156900
887.168500
887.742500
887.768500
887.847200
888.366100
888.829400
890.517600
890.530900
890.542800
890.555800
893.176400
895.076200
895.131200
896.883500
896.890000
896.908800
898.461300
900.859400
901.062900
901.560900
902.600400
902.615100
904.049900
904.631200
904.661300
905.410600
905.423400
906.446900
906.777500
906.787100
906.916800
908.525500
908.544800
908.567700
909.962300
909.971400
912.718300
913.859400
914.805200
915.957300
916.287700
922.670000
922.678300
922.691300
925.013600
929.351900
932.978900
932.990200
933.007400
933.048600
933.834000
933.849600
934.841100
935.505000
939.235000
940.706300
940.780800
943.951000
944.097000
944.899800
944.938200
945.341200
946.925300
948.064900
949.396100
952.557100
953.383800
954.525000
956.842700
956.854600
957.451600
957.462600
960.318300
961.434800
966.940600
966.955000
969.084600
970.745800
970.758300
970.786900
973.026600
973.242500
974.885700
975.185400
975.805200
976.259300
976.777500
976.790300
976.808900
977.306300
979.793500
979.801900
982.143900
983.612700
984.445500
984.453600
984.468000
984.503200
986.741000
986.791100
987.936700
988.077000
993.059800
995.138600
995.163300
995.251900
995.343900
996.527900
996.531900
996.535000
996.538300
996.541600
996.544700
996.547900
996.551100
996.554400
996.557800
996.561300
996.565100
996.568900
996.572900
996.577100
996.581400
996.586100
996.591000
996.596600
996.603400
996.608500
996.613400
996.620000
996.625800
996.631700
996.638000
996.643000
996.650900
996.661100
996.667100
996.677900
996.684100
996.691100
996.703700
996.709700
996.725100
996.734900
996.782600
997.347200
998.531300
998.648600
999.936700
1001.113100
1001.125100
1001.728700
1001.740300
1002.520600
1002.836200
1003.382100
1005.855900
1007.133000
1007.340100
1007.350700
1009.381800
1009.393100
1009.492500
1012.952400
1012.987000
1013.704700
1014.338700
1014.347600
1015.683700
1015.788200
1018.757300
1019.004100
1019.012100
1019.022600
1019.342600
1022.092400
1024.413900
1024.429400
1025.234600
1025.244700
1025.281200
1026.200900
1029.269900
1031.221600
1033.412400
1033.425100
1034.016600
1034.032200
1035.867500
1036.024600
1037.429000
1037.439500
1037.457300
1037.823900
1043.354700
1043.363700
1043.372400
1044.559500
1046.342200
1046.356600
1046.387300
1046.633900
1049.874900
1050.542600
1051.069100
1051.077700
1051.105100
1053.777700
1053.828500
1054.486700
1054.599100
1054.677000
1059.131500
1065.479500
1065.497400
1066.229200
1069.387800
1069.403800
1070.393100
1072.651300
1072.662300
1072.678800
1072.694100
1073.112100
1073.809600
1076.587700
1076.990300
1077.400100
1077.409800
1077.420100
1079.194400
1079.205000
1084.900900
1085.654700
