spike times
1.209500
1.222900
1.231800
1.239200
1.248600
1.257900
1.269800
1.551200
2.028300
4.098600
7.745500
9.786700
9.823700
9.838700
10.077800
11.489000
11.504100
14.462400
14.472700
14.491100
14.505400
19.528700
19.536200
19.544900
19.557300
19.567400
19.585700
19.598800
20.416700
20.778500
21.148300
25.839900
27.673700
27.684100
30.035300
30.039800
30.043800
30.047900
30.051500
30.055100
30.058600
30.062100
30.065500
30.068800
30.072300
30.075700
30.079800
30.084000
30.087900
30.092200
30.098300
30.103200
30.108100
30.113200
30.120300
30.127200
30.133600
30.139800
30.145800
30.160900
30.167600
30.176000
30.201500
30.216600
30.224800
30.235900
30.250600
30.354500
30.366200
30.375400
30.385800
30.424700
30.446200
30.456900
30.486900
30.623400
30.631900
30.642400
30.665800
30.764500
30.775200
30.794500
30.808200
30.819700
30.908900
30.922000
30.934200
30.947300
30.962800
31.091400
31.113900
31.120100
31.204200
31.250800
31.256500
31.264700
31.273100
31.304600
31.416500
31.437800
31.499600
31.515100
31.600900
31.607600
31.617900
31.769300
31.816600
31.837900
31.845000
31.913200
32.279100
32.284100
32.289500
33.051100
33.061100
33.217600
33.881400
33.894500
34.352100
34.361800
34.486000
34.496600
35.059500
35.071200
35.835900
36.274000
36.294400
36.620200
36.646600
37.248100
37.262400
37.444200
37.471200
39.119600
39.159700
39.177000
39.585500
39.596500
39.606500
39.622800
41.449700
41.474000
42.015500
43.690500
43.699600
47.573900
47.587000
48.594400
48.603500
48.612500
50.416700
50.599000
50.809000
51.463000
51.473100
53.274000
53.432700
53.461700
53.531200
53.705200
54.650400
54.667400
54.854600
54.871600
56.124300
56.339900
56.365500
56.640000
56.650200
58.018400
58.029800
60.483400
60.906400
60.917400
60.986500
65.033300
65.057600
65.755100
65.767100
65.781200
66.470500
66.485400
70.605700
75.559100
78.787300
78.795100
84.505100
84.518600
84.957300
84.972100
84.996600
85.354200
86.276700
86.288800
91.841700
94.907000
96.186400
96.380500
96.393800
102.452700
102.473300
102.484500
102.629900
103.169800
103.719300
103.731100
103.743900
104.080500
104.603300
104.626600
106.257000
106.275100
106.532600
110.173200
110.185100
110.194600
110.214100
110.846100
110.865400
113.914700
113.932400
114.582000
114.603300
114.619600
117.127000
117.802400
117.815600
120.685300
120.692400
120.710800
121.629000
121.644900
121.664500
122.058300
126.671000
132.127200
132.139200
137.755700
137.830200
138.884400
140.748100
140.944800
140.982000
145.519400
145.592200
148.078000
148.090100
148.364900
148.376200
151.509100
151.522000
152.038900
152.042500
152.046300
152.050300
152.054400
152.058200
152.061900
152.065400
152.069100
152.073000
152.077100
152.081600
152.085900
152.091100
152.097900
152.104800
152.115300
152.134300
152.144000
152.150800
152.173100
152.181900
152.221100
152.238100
152.255600
152.686100
152.692200
153.543200
153.554400
156.816300
156.828400
157.617100
157.630400
157.654100
160.094100
171.440700
171.448400
171.463800
171.495600
177.285500
177.299300
177.309900
177.324700
185.499800
185.522100
190.809500
190.826800
194.554800
194.573000
195.929300
204.998800
205.010500
208.344700
210.671800
210.681600
210.692800
218.916800
220.748400
220.758300
223.133100
223.140500
223.156400
223.166800
224.683000
224.690900
224.699000
224.706200
225.446200
225.458700
231.918400
232.099100
232.615100
232.629700
233.160200
233.197200
235.018800
236.628200
236.637600
237.343900
237.377400
239.815800
240.081900
241.241000
245.733900
249.203100
249.210400
249.220200
249.229900
249.246500
252.080000
252.089300
252.129000
257.357200
260.724200
262.213500
262.397200
264.586600
264.603000
265.163700
272.241800
272.248800
272.255100
272.259800
272.264900
272.269200
272.275100
272.281200
272.289000
272.298100
272.701100
273.993800
280.169800
281.124900
284.120700
284.130800
284.155200
285.610300
285.618700
285.641400
293.692200
293.876700
294.439700
294.784700
299.268000
302.935900
305.047100
311.394600
311.411200
311.434100
315.983700
316.001700
316.018800
322.021500
322.027900
322.038700
322.047500
322.058600
322.792700
322.808600
323.233400
323.245200
333.768400
333.786100
333.846200
335.829100
335.875300
335.885000
339.199200
339.212300
339.227800
346.947200
346.955800
364.982600
364.993700
365.003200
372.671100
383.310800
383.325200
383.342600
383.369400
392.275200
392.280000
392.284100
392.287900
392.291200
392.294600
392.298300
392.301800
392.305600
392.309400
392.313400
392.317300
392.321000
392.325400
392.329500
392.335100
392.340100
392.346500
392.357800
392.365000
392.372900
392.409700
392.416600
392.441200
392.447800
392.464000
392.471900
392.484300
392.657300
392.696000
392.704300
392.727100
392.743500
392.946500
392.984200
393.029500
393.065100
393.081300
393.088700
393.195500
393.204800
393.306500
393.329500
393.343400
393.352100
393.406000
393.525300
393.603900
393.614900
393.625700
393.773900
393.873900
393.997300
394.032800
394.042700
394.054500
394.074400
394.113100
394.120000
394.160800
394.335500
394.695000
394.704700
394.717000
395.587700
395.604800
395.949800
397.314000
397.615600
397.624400
397.912700
399.685700
399.698000
400.832400
401.125800
401.205500
401.560900
403.171100
403.179300
403.191500
403.207600
404.410100
404.717300
404.730400
405.056400
405.068300
405.081400
405.844900
405.855500
405.865700
407.951500
407.966500
408.119100
411.291300
411.314800
411.356300
412.641200
412.668800
416.540500
416.945100
416.967700
418.347500
418.356300
418.436300
420.304900
420.318200
423.804400
423.815700
425.009900
426.190900
426.204900
426.997200
427.009300
427.891200
427.904200
428.151600
431.180100
431.233900
441.564000
442.485300
442.510800
442.569700
443.337900
443.356300
443.434800
443.466800
448.120800
448.128600
448.144300
451.946100
454.361200
456.195400
456.209100
456.237400
456.927900
460.264800
471.362700
471.372700
472.422400
476.221700
477.552300
477.574900
477.587100
477.976900
481.954100
481.965700
481.984100
482.902400
485.356800
487.380500
504.001400
510.338100
510.357000
514.277500
514.282700
514.289800
514.293500
514.298700
514.303000
514.307300
514.312100
514.316500
514.321500
514.326400
514.332100
514.337100
514.342900
514.350100
514.357000
514.365200
514.373300
514.378700
514.385000
514.403300
514.415700
514.444300
514.495500
514.838900
515.065500
515.073000
515.087900
515.098500
515.204700
515.385500
516.186500
516.193800
516.206600
517.729200
518.674900
525.371900
525.398900
525.408700
526.134500
526.677800
526.699700
530.305800
531.717900
531.724200
531.734900
535.130800
535.344300
535.359900
535.369700
535.382600
536.390700
536.412200
542.160000
542.217500
550.131500
550.148500
550.160000
550.177900
552.490300
552.506100
553.442500
553.456200
553.495700
553.510300
557.544600
557.555700
569.486900
571.053300
578.760200
578.778500
578.908900
586.855900
588.054400
588.069000
604.034300
604.461500
605.243900
605.257100
605.272800
606.108500
618.460900
618.468000
618.479900
618.492600
625.330800
625.339900
625.350000
626.524800
631.504300
631.538700
634.476800
634.483300
634.488200
634.492300
634.495900
634.499800
634.503500
634.507800
634.511900
634.516300
634.520900
634.529700
634.536600
634.542900
634.710500
634.717900
635.106500
635.862100
635.886300
635.905200
635.917200
635.972900
636.903800
636.915900
636.932600
638.035900
639.144300
639.279600
639.289800
643.704000
643.719800
643.812300
647.894700
647.906700
647.920400
647.942700
649.114000
655.780800
655.804000
661.944500
664.722700
666.863300
666.893400
669.138100
669.166400
669.196100
698.223300
699.060300
699.080700
701.045500
709.992100
710.008900
711.015600
711.027900
711.041600
712.214500
712.236200
713.316100
714.323300
714.362100
718.272000
718.290000
718.311400
747.126400
747.136600
751.482800
751.507800
754.498200
754.502200
754.505900
754.509700
754.513100
754.516300
754.519600
754.536100
754.610600
754.762700
754.791400
754.831200
754.926200
754.936300
754.946900
754.956900
755.013200
755.022300
755.073200
755.166300
755.178900
755.196400
755.229900
755.257000
755.288500
755.295800
755.326100
755.335600
755.344700
755.353600
755.493200
755.503200
755.517100
755.544100
755.550500
755.577400
755.617300
755.660100
755.682000
755.690500
755.703200
755.767500
755.804300
755.881300
755.889300
755.954700
755.977300
756.007200
756.103600
756.135800
756.173800
756.212900
756.270100
756.284500
756.323400
756.353200
756.364800
756.422400
756.462300
757.051800
757.534200
757.542500
757.554100
757.814200
757.950000
758.166300
758.181800
758.503200
758.513200
758.657800
758.806400
758.814700
758.826000
758.975000
759.049900
759.874700
759.891100
760.217900
760.240300
760.264800
760.632900
760.829400
760.876300
761.157200
761.640300
761.646400
761.697500
761.713900
762.229800
762.370400
762.385200
762.502800
762.518600
762.980000
764.259000
764.268000
764.283400
764.817400
765.012500
765.024600
765.200200
765.799500
765.807600
765.821000
765.906600
766.824700
766.884100
767.148600
767.158000
767.185300
767.203200
768.033500
768.049800
768.065000
768.099200
768.859200
768.878400
768.905800
769.279700
769.288300
770.342600
770.356600
770.440600
770.448200
770.467100
770.479700
770.731300
774.472500
774.480800
774.499900
774.519400
776.952100
776.975000
777.935300
777.947600
777.961400
779.661500
779.849500
781.223600
782.892200
783.167900
783.177900
783.380600
784.723800
784.741700
784.758500
784.774700
787.168900
787.178900
787.532700
787.854200
789.815000
789.875800
791.198100
791.449600
791.458800
791.472400
792.701900
792.720400
793.371100
794.690900
794.726300
794.742500
797.607600
797.734400
797.755400
798.291800
798.307000
799.133000
802.012500
802.267700
802.279500
802.290100
802.312900
803.725700
805.866700
805.879900
807.782200
807.801000
807.828800
807.846900
808.600100
808.615300
809.907300
810.850700
810.880800
810.893200
810.907500
813.122600
813.272700
813.765400
816.300500
817.532700
818.459100
819.927000
820.333400
820.342100
820.351500
820.572400
823.672900
823.682700
823.696100
823.718600
823.731000
823.807000
823.828400
838.623600
841.362400
841.377100
841.408100
842.691200
842.708800
844.846000
844.856600
844.967900
845.441100
847.401600
847.411500
847.421700
847.431600
847.466800
849.820400
849.836000
851.103600
851.111900
851.132700
857.145900
857.157400
858.190400
858.200400
860.122700
862.796400
862.805300
862.823800
863.501900
863.523100
865.009900
865.019400
869.476900
869.486800
869.510300
869.522200
869.533300
874.267900
874.367900
874.390900
875.782000
875.812200
876.505100
876.509000
876.512200
876.518400
877.325700
877.658100
878.138200
878.150700
878.375200
878.401400
878.840000
878.856900
878.923300
880.847200
880.861600
881.166500
882.505100
882.520900
883.965300
883.977300
883.986800
885.265500
887.192800
888.050400
888.060500
888.072200
890.881900
891.471500
891.488500
891.499100
894.086500
894.094400
895.871100
895.891400
901.898200
904.514200
904.529800
904.544400
909.429400
909.437700
909.495400
911.379900
911.397600
918.971100
918.981500
919.031200
920.677400
920.686300
920.694200
920.721500
920.745200
922.871900
922.906200
925.535500
926.459700
927.056700
927.070000
927.083700
928.110200
929.634100
929.642800
929.653800
929.716700
931.105600
931.123800
931.136700
934.186500
937.694400
937.710000
937.722800
944.988600
945.003500
952.361500
958.753400
958.761800
960.480000
960.524400
961.819600
961.829200
975.237700
975.257000
976.676500
976.687900
982.042600
982.052400
982.059000
982.069100
982.077500
984.691700
985.198700
985.215400
985.230200
988.359500
988.367700
988.382900
988.397600
989.085700
989.095400
989.120300
993.233600
993.524300
993.547900
993.563400
996.707000
996.710500
996.717700
996.721300
996.784700
996.821800
997.315700
998.413300
998.429000
998.441800
1001.757800
1001.774700
1002.206300
1002.218600
1010.853300
1010.868000
1012.735900
1013.037500
1013.062700
1013.092300
1018.649400
1018.659700
1019.121900
1025.262000
1025.274800
1025.326200
1026.879900
1026.892500
1027.323900
1027.508500
1032.037500
1032.057900
1040.792800
1040.813700
1040.824800
1040.833600
1043.649000
1048.686500
1048.696600
1051.574000
1051.583300
1053.664200
1053.672900
1053.688200
1058.285200
1068.190100
1068.240500
1070.375000
1070.390700
1073.203900
1073.217800
1073.255500
1074.257000
1083.266200
1083.271100
1083.276100
1084.144500
1084.161800
1084.174500
1084.294600
1086.010700
