spike times
1.924300
1.937800
7.986600
8.010900
15.092000
26.359100
27.220400
30.066600
30.072100
30.079300
30.087000
30.093500
30.103200
30.117500
30.132800
30.911600
30.923200
32.381800
32.434700
41.308200
44.265400
44.305100
47.233000
54.730300
55.295400
62.713800
69.079500
71.244900
71.271800
80.031200
80.048100
80.062300
82.536200
93.953500
93.980400
102.464400
102.476300
102.498700
103.900900
107.708400
107.720100
121.067400
126.592800
130.024400
130.037300
136.608800
136.630300
146.811100
146.827200
148.722600
148.748900
150.070200
150.075900
150.080700
150.085100
150.089900
150.093900
150.097900
150.102000
150.106700
150.111100
150.117200
150.123100
150.130600
150.137700
150.143400
150.150700
150.159200
150.166400
150.173500
150.182900
150.192100
150.202100
150.208600
150.218900
150.251100
150.261200
150.281200
150.299100
150.334300
150.381200
150.387400
150.448100
150.454000
150.490000
150.521200
150.530900
150.555000
150.572800
150.581200
150.595700
150.694800
150.713000
150.720700
150.731100
150.793400
150.808400
150.831300
150.893300
150.908300
150.918600
150.962500
150.997000
151.007500
151.018300
151.025400
151.044800
151.096900
151.107000
151.204000
151.222800
151.259500
151.269500
151.334600
151.383400
151.398300
151.499700
151.507600
151.516700
151.552900
151.562600
151.595100
151.624700
151.646000
151.737300
151.772000
151.794500
151.818500
151.891300
151.901100
151.909100
151.925600
151.948300
151.961000
151.972600
152.024900
152.039600
152.818600
153.054600
153.624100
155.589700
156.163700
156.570900
157.427100
157.830500
159.546100
160.908100
162.521000
162.542900
164.790900
165.614800
165.672200
166.769300
167.265800
167.330600
167.353600
167.421400
171.513500
171.712900
172.161300
172.789300
173.815700
175.526400
176.264500
176.288100
176.682500
176.696400
176.709300
177.478100
177.492900
179.217600
181.516400
181.528700
181.550100
184.110400
184.141600
186.541100
187.133100
187.149900
187.488200
187.733400
189.092000
191.182800
193.714500
193.746000
194.520500
196.352700
196.364400
197.375500
198.702800
198.732400
199.303800
200.299000
200.715700
203.296800
203.316800
203.336100
204.656100
204.682800
209.578600
209.593000
212.638100
213.230000
213.411900
214.080500
217.018000
217.033300
217.051500
218.494600
221.249300
223.258500
226.001900
226.014200
226.038000
226.065300
227.053800
228.716700
229.517600
230.465700
230.478100
230.501200
232.937600
232.963300
234.442500
234.466800
235.891700
237.511200
237.525000
237.545700
239.097800
239.120400
240.465700
242.836800
244.926500
244.944000
244.972300
246.495200
246.507800
248.434500
251.086800
251.099400
251.134700
251.263500
251.277400
254.041300
256.542000
257.838800
260.215700
260.236400
260.365400
260.756800
262.891200
263.381600
265.142700
265.178200
266.587800
269.118900
269.139300
270.383500
271.673400
271.682000
271.700800
272.067900
272.071700
272.075500
272.079300
272.082700
272.086000
272.089800
272.093400
272.096800
272.100500
272.104100
272.108000
272.112000
272.115900
272.120200
272.124800
272.129600
272.135400
272.140300
272.148400
272.153900
272.161200
272.166100
272.172200
272.179000
272.189300
272.195900
272.204600
272.215400
272.226000
272.237800
272.248100
272.281800
273.015200
273.026000
273.434900
273.450100
273.748200
273.755800
274.681500
275.190000
275.239800
275.250900
276.184300
276.792700
276.820700
277.140900
277.160000
277.367200
278.377800
279.103200
280.474700
281.063900
282.355900
282.489800
282.500000
282.520300
283.549100
287.323400
289.076900
289.087000
289.601600
292.359000
292.381900
294.778000
294.793400
294.950200
294.964400
295.714200
296.033300
296.388600
299.088500
299.158600
299.318400
301.390500
302.323700
302.335600
304.780500
305.425500
306.037700
306.848500
306.866500
307.250500
307.752800
307.763400
314.457500
314.907600
315.115600
315.793500
322.033400
322.057100
322.069200
322.653200
324.533000
324.894900
325.917700
325.989500
326.026000
326.877800
335.255500
335.267600
335.285800
335.592800
336.023900
336.037300
336.048600
336.249800
336.268000
336.580900
337.036800
338.664400
338.681900
340.996300
342.660500
342.673300
343.572800
343.589000
344.508300
344.524600
344.564100
350.915200
353.939000
354.064900
355.337200
358.245500
358.625600
360.719000
360.745400
360.902000
360.915700
363.535400
365.974500
365.999400
367.645200
369.789100
369.809300
371.180100
371.643200
371.675200
372.505600
373.964100
373.978600
375.115100
375.134100
375.156200
375.171400
375.908900
379.380000
380.642500
384.103700
384.113700
384.135600
385.125100
388.319700
388.333700
388.345200
388.391500
389.249200
392.271200
392.275900
392.280300
392.284100
392.288500
392.293400
392.299200
392.303900
392.308000
392.312700
392.319900
392.326400
392.339200
392.348500
392.923500
396.477400
400.994600
401.004300
401.012900
401.032300
401.236400
401.265300
401.757000
401.769200
403.499100
404.425900
404.805000
406.322000
406.343200
406.357400
406.371200
407.870500
407.888200
407.910900
413.215300
413.230600
413.244700
413.262900
418.078300
418.088900
418.104800
418.605400
420.852100
425.256700
425.606400
426.259600
427.257500
427.951100
436.454100
436.740100
436.770200
437.277000
437.296300
437.823800
440.676900
441.590700
443.227800
446.447700
446.457600
448.472700
449.171500
449.406400
449.415100
449.733100
449.741300
449.753700
450.448800
453.479400
453.496700
455.907600
456.628000
456.759400
457.863700
457.872000
462.741800
462.761400
464.168800
464.183100
464.317300
464.328600
464.597200
465.645800
466.593900
467.440400
468.637500
468.693000
469.192500
469.224700
471.455000
471.481900
471.768900
473.545000
474.400900
475.209900
475.221600
476.313000
476.346600
476.368800
478.581400
478.593200
479.203400
479.217400
482.301900
484.168600
485.029100
487.242600
490.123400
494.500900
495.352300
496.736000
499.010100
499.015900
499.027800
499.496500
501.028500
501.763000
501.780200
503.055900
503.074600
503.511800
507.110400
507.131400
509.564200
509.577400
509.609000
512.298800
512.303300
512.308100
512.312000
512.316100
512.320200
512.323800
512.328000
512.335800
512.340000
512.344300
512.350200
512.355400
512.361800
512.368800
512.373400
512.378600
512.386300
512.395300
512.407300
512.418900
512.431700
512.440300
512.454500
512.464000
512.475300
512.506500
512.513000
512.524200
512.533200
512.552900
512.561600
512.584200
512.596500
512.606300
512.621100
512.635800
512.693200
512.707200
512.788000
512.804600
512.816900
512.830900
512.858000
512.878200
512.966000
513.159400
513.275500
513.313800
513.363300
513.381300
513.386300
513.395400
513.497200
513.592400
513.661600
513.742800
513.751300
513.785200
513.794600
513.803500
513.817500
513.855200
513.926800
513.989500
514.006700
514.043800
514.211500
514.259700
515.469000
516.155300
516.165700
517.263800
517.271900
517.281700
517.294400
517.339000
517.568800
517.614800
517.901900
517.920800
517.935600
520.233200
521.373300
522.179900
522.342100
524.048700
524.237700
525.893100
527.936100
527.950600
527.999100
528.345900
528.359900
529.416500
532.217000
532.254600
534.076800
534.094800
534.131700
536.013000
537.011000
538.286000
539.548600
541.101200
542.263700
542.283000
542.961400
542.996900
544.101200
544.823500
544.840400
544.853000
545.253300
546.920300
546.953900
547.707800
547.758000
547.776600
549.508600
550.323200
551.717200
552.428300
554.705100
555.479400
556.116900
556.135200
556.275200
557.856200
558.242100
558.252100
559.296600
559.315800
559.391800
560.172100
560.988100
561.079300
561.110200
561.425400
561.863800
561.872800
561.884300
561.993000
562.208800
565.118000
567.454200
568.442800
568.550400
570.078500
570.094700
572.872500
572.915100
575.955100
576.869100
579.743200
580.177300
580.683700
581.110100
585.489100
585.549200
585.605700
585.622700
585.713100
588.207300
588.248200
588.695300
588.716100
590.733600
591.149000
594.687300
594.707900
598.968600
599.338600
602.792300
602.801100
604.554300
604.984400
604.997000
608.530600
610.487900
610.521700
611.070000
618.082800
618.163600
619.409400
619.438900
620.626300
623.037300
623.042900
623.063500
624.032000
624.238900
634.206200
634.309100
634.315600
634.320100
634.323900
634.328300
634.332300
634.336200
634.340300
634.345500
634.350600
634.356100
634.360300
634.367000
634.375000
634.381700
634.389200
634.400900
634.410600
634.419100
634.432000
634.442700
634.467600
634.485200
634.492800
635.057900
635.989200
637.933700
638.074200
638.098900
641.107600
642.965100
644.723300
644.734400
647.041600
651.260700
651.277600
652.782800
652.797800
653.457200
653.477600
655.002400
655.012500
656.746400
657.745100
658.969700
661.012600
661.704100
661.714200
662.053600
662.508300
663.860300
666.455400
669.264900
670.724300
673.130900
673.690100
673.705900
676.048200
680.314800
686.058700
686.278400
687.833300
688.782800
690.529600
691.064600
691.303700
691.335700
693.590200
693.814200
694.233800
694.262000
694.276900
694.647100
697.970200
705.104400
705.114700
706.432000
708.594700
710.367200
712.303200
712.321400
712.372000
713.994100
714.706000
715.283800
715.636200
716.896600
717.943700
719.416200
720.479300
721.147300
721.166000
730.929100
731.578000
734.532400
735.339500
738.183700
745.942800
748.502800
748.549700
752.578700
753.018200
754.505000
754.508700
754.511900
754.514900
754.517600
754.520300
754.523400
754.527200
754.530500
754.533900
754.537900
754.543100
754.548500
754.556100
754.563800
754.573500
754.581800
754.606300
756.222600
756.985700
759.990200
760.004100
772.764300
772.773100
777.734400
783.520500
783.528600
792.650900
794.693500
794.712600
795.733300
795.750600
796.051700
796.299500
798.742500
800.628800
803.635200
806.197300
806.210000
821.338900
821.346100
822.345400
822.362400
828.074900
828.111800
828.890000
832.034300
833.570900
838.000800
844.726100
847.658900
847.673700
854.209600
854.218400
854.226800
854.241100
854.250200
854.261900
854.289900
854.299400
856.110900
862.480100
862.565000
868.946100
872.518600
872.539600
874.528800
874.532000
874.534900
874.537900
874.540800
874.543600
874.546400
874.549300
874.552300
874.555400
874.558400
874.561800
874.565200
874.568900
874.572100
874.575500
874.579400
874.582900
874.587200
874.591500
874.596300
874.601200
874.605700
874.610300
874.615000
874.620500
874.625500
874.631000
874.638000
874.643000
874.651000
874.656400
874.662600
874.670800
874.677200
874.683900
874.690500
874.699100
874.711800
874.720300
874.728000
874.737700
874.746300
874.753100
874.766700
874.772300
874.780100
874.788800
874.801600
874.809500
874.822800
874.829400
874.858600
874.867900
874.879000
874.891200
874.912200
874.919000
874.926400
874.944000
874.952100
874.963200
874.982400
874.991700
875.002600
875.018600
875.030700
875.045900
875.063600
875.078600
875.084900
875.092800
875.100900
875.116100
875.135000
875.150600
875.179700
875.187000
875.199700
875.216400
875.230100
875.255200
875.266300
875.286900
875.305000
875.316900
875.338400
875.353100
875.364700
875.374700
875.395700
875.411400
875.426400
875.435700
875.455200
875.463800
875.483500
875.501200
875.525100
875.551300
875.564400
875.575700
875.606400
875.618600
875.633100
875.643500
875.666200
875.682900
875.699200
875.720000
875.737100
875.755500
875.769100
875.779100
875.795300
875.804600
875.822700
875.847900
875.868400
875.878200
875.908000
875.917600
875.939100
875.957000
875.982500
875.996100
876.023500
876.046200
876.057200
876.085000
876.095000
876.127000
876.143600
876.157400
876.168600
876.193300
876.210500
876.229400
876.241000
876.256100
876.293200
876.313200
876.323100
876.384700
876.394200
876.407000
876.436900
876.451800
876.470200
877.268500
877.281400
877.482400
877.839100
877.867800
878.015600
878.047100
878.551300
878.590100
878.969700
879.066600
879.078400
879.100600
879.226700
879.252900
879.262800
879.356400
879.556100
879.578500
879.592900
879.655800
880.158100
880.165800
880.204400
880.273600
880.297000
880.623900
880.762900
881.153200
881.311000
881.414000
881.568000
881.838800
881.851500
881.859900
881.913800
882.154900
882.188500
882.385300
882.397700
882.504200
882.521200
882.563300
882.872700
883.268900
883.304000
883.316200
883.430900
883.548700
883.874100
883.906300
883.988800
884.001000
884.222900
884.338300
884.573600
884.686700
884.872700
884.882300
885.098200
885.110100
885.353600
885.597700
885.748800
885.767600
885.870600
885.965500
886.233100
886.444000
886.462400
886.606700
886.616100
886.801700
886.838900
887.465400
887.545900
887.715600
887.741700
887.983500
888.032200
888.042700
888.132300
888.672900
888.830300
888.851300
889.148600
889.171800
889.424400
889.591100
889.604900
889.619700
889.902000
889.910900
889.924300
889.957700
890.460200
890.803300
891.014200
891.223900
891.256800
891.536300
891.552900
891.865200
892.202200
892.442200
892.544900
893.500500
893.768300
894.004900
894.170200
894.564500
895.076000
895.482400
895.638000
895.666700
895.990700
896.228100
896.250900
896.469400
896.494500
896.567200
896.701500
896.722200
896.784100
897.040100
897.050300
897.186600
897.440900
897.720200
898.043600
898.293800
898.456800
898.915000
899.400000
899.425600
899.555600
900.144200
900.237300
900.590900
900.622900
900.653200
900.662200
900.679900
901.053000
901.072700
901.831800
902.903500
902.911300
903.112100
903.343800
903.432300
903.795600
903.803800
903.822500
903.914600
904.327100
904.332500
904.421300
904.442000
904.922200
904.933100
905.284900
905.295300
905.317100
905.614500
905.738500
906.086300
906.128200
906.158100
906.651900
906.978100
907.270600
907.285900
908.315400
908.379800
909.072000
909.579400
909.952300
910.059600
910.223400
910.809800
910.829500
911.850700
912.747000
912.774200
913.313500
913.579100
913.606400
913.621500
913.858300
913.883500
914.310600
914.331400
914.338200
914.415200
914.611600
914.625700
915.197200
915.367500
915.390000
915.493200
915.663300
915.705100
915.799900
916.395200
916.416600
917.167600
917.291000
917.553100
918.198600
918.958300
919.136300
919.155200
919.519300
919.555000
920.465800
921.073200
921.180300
921.471500
921.487900
921.498300
921.870400
922.834200
922.845500
923.212500
923.223600
923.312200
923.837600
923.859600
923.936500
924.553500
924.669800
924.684900
924.704000
925.205800
925.422200
926.124400
926.317900
926.425000
926.443900
926.788600
926.855400
926.869000
926.919100
927.053800
927.060900
927.200900
928.302600
928.311700
928.324000
928.688400
928.702100
928.793600
929.128200
929.142000
929.794700
930.130300
930.440300
931.042200
931.061000
931.328800
931.865400
932.023700
932.660400
932.830500
933.005100
933.281900
933.702800
934.659000
934.818600
936.173700
936.203500
936.777300
936.785600
936.796100
936.808700
936.904500
937.414900
937.425700
937.943000
938.177000
938.868100
938.877700
939.087000
939.577000
939.598000
939.625300
940.585100
941.552900
942.638000
942.647000
942.999200
943.010200
943.698400
943.719500
943.741900
943.754500
944.054900
944.082400
944.540600
944.565000
944.724200
944.794100
945.084500
945.099000
945.907800
945.946600
946.585600
947.104000
947.615200
947.646500
948.066600
948.406300
948.417900
948.527100
948.761100
949.403000
949.427200
949.444400
950.101700
950.302800
950.345000
950.381500
950.940100
951.421800
951.427700
951.612600
951.629200
952.119200
952.184900
952.948900
952.961300
953.126600
953.141000
953.827100
953.839900
954.665100
954.676300
954.687100
955.017100
955.034800
955.612800
955.630000
956.296300
956.307200
956.317700
957.321500
957.467900
957.490200
957.503300
958.629400
959.011200
959.022100
959.293700
959.305300
959.607000
960.178600
960.690100
960.703500
960.750700
960.771100
961.954900
962.415300
962.436100
962.660800
962.674300
963.041600
963.339800
963.412500
965.591000
965.601700
965.748600
966.089900
967.067600
967.646700
967.655700
968.187500
969.493000
970.271200
970.292900
971.809300
971.825200
972.386400
972.401400
972.816300
972.826600
972.843700
973.257200
973.275000
974.736800
974.751600
975.300800
975.441900
975.451300
976.883600
977.944500
978.247800
979.431200
979.490500
979.510100
980.535100
980.547900
981.552000
981.667400
982.256600
982.944200
982.965000
984.163600
984.182600
984.194700
985.252200
985.927000
986.044100
986.871100
987.521400
987.550800
987.832300
987.844800
987.856100
988.427700
988.459800
989.061200
989.075300
989.100600
989.198000
989.486400
990.316700
990.816700
990.829900
992.091300
992.750800
993.403800
993.411400
993.419700
993.428000
993.436100
993.450700
993.466400
993.544500
994.667400
995.105900
995.495800
995.509500
995.825000
995.836100
996.013000
996.529400
996.531900
996.534500
996.537100
996.539600
996.542000
996.544500
996.547100
996.549900
996.552700
996.555500
996.558300
996.561200
996.564500
996.567800
996.570900
996.574200
996.577300
996.581100
996.584800
996.588800
996.593000
996.597400
996.601500
996.606700
996.611000
996.615100
996.619600
996.625100
996.630300
996.635300
996.639700
996.645500
996.650100
996.655500
996.661900
996.666700
996.671600
996.678500
996.684400
996.692300
996.698500
996.706800
996.712200
996.720500
996.726600
996.738200
996.746400
996.768100
996.786900
997.355800
997.363900
997.381900
997.760600
997.771100
997.782000
997.800800
997.847100
998.424200
998.430900
998.632400
999.577500
999.636200
999.769600
1000.593400
1001.153700
1001.531900
1001.540900
1002.489800
1003.229700
1003.545100
1003.557100
1003.884500
1004.185200
1004.272700
1004.301600
1004.545200
1004.930900
1005.257100
1005.717300
1005.737200
1007.147000
1007.482000
1008.189200
1008.732600
1009.056100
1009.246600
1009.255700
1009.332000
1009.340700
1010.523100
1010.535400
1011.647500
1012.044200
1012.398100
1012.524500
1012.535500
1012.707500
1014.286500
1014.393200
1014.413000
1015.516500
1017.055500
1017.644100
1018.521600
1018.771200
1019.591000
1020.131500
1020.145100
1020.162600
1020.440700
1020.455200
1020.475700
1020.486200
1021.183000
1021.196200
1021.207200
1022.318400
1022.327900
1022.584900
1023.143900
1023.460000
1023.936300
1024.600800
1025.702200
1025.717100
1026.704500
1026.877600
1027.082900
1027.102700
1027.635900
1027.649000
1029.803100
1030.627800
1031.593100
1031.841700
1031.860200
1032.147300
1032.154200
1032.759300
1032.786900
1033.351300
1033.561000
1036.430800
1036.436200
1036.443500
1036.452000
1036.466200
1036.476400
1036.626400
1036.633300
1036.912800
1037.988800
1037.998200
1038.006100
1038.422900
1038.429900
1038.435800
1038.714300
1038.938500
1038.956400
1038.967400
1039.928300
1040.138500
1041.005000
1041.570400
1042.859400
1042.886800
1042.904700
1043.417200
1044.340000
1045.171800
1045.181600
1045.202800
1045.211000
1045.234100
1047.672400
1047.691300
1047.844000
1048.152200
1048.160200
1048.168900
1048.175500
1048.324600
1049.816700
1050.374700
1050.382700
1052.352200
1052.565800
1052.716000
1053.286300
1053.711300
1055.595500
1055.838600
1055.846700
1056.086300
1056.374500
1056.678200
1056.793200
1057.084600
1057.140500
1058.063200
1058.347300
1058.363300
1058.378400
1058.820300
1058.834000
1059.606300
1059.625700
1059.634900
1060.037300
1060.120800
1060.127000
1060.133800
1060.140500
1060.149800
1060.159700
1060.168600
1060.189200
1060.304400
1060.453400
1060.466200
1060.605800
1060.652000
1060.666600
1060.995400
1061.018500
1061.878300
1061.895000
1063.191400
1063.274100
1064.712400
1066.947300
1068.239100
1068.540900
1068.553600
1068.623900
1069.173000
1069.387900
1070.201200
1071.947600
1073.187800
1073.888100
1074.108300
1074.738200
1076.643000
1076.648700
1076.664100
1076.729600
1076.900500
1078.002200
1078.954700
1079.761800
1080.199800
1080.212900
1080.608600
1080.625600
1081.571700
1081.579600
1081.589400
1082.460400
1082.468000
1083.538900
1084.037400
1084.792800
1084.805700
1085.417800
1085.490900
