spike times
6.573700
10.406500
10.417400
11.276000
11.296300
12.314800
12.325000
12.333800
12.352700
21.956600
30.039600
30.043900
30.048500
30.053200
30.057300
30.061300
30.065800
30.079700
30.084400
30.091900
30.099900
30.107800
30.118200
30.132900
30.166300
30.197300
30.622600
30.636400
30.684000
30.706000
30.808700
32.260300
36.433300
36.454500
36.466500
59.714800
59.729700
59.760600
59.781700
68.758700
68.770300
68.779700
68.789000
68.808700
71.947000
73.738200
91.289100
91.302500
91.314800
93.200500
98.198600
98.480000
98.498200
111.125700
111.137200
131.626700
131.644600
131.659600
131.698900
132.336800
132.398200
134.622700
134.633400
134.650200
134.659900
135.457500
135.466200
150.065300
150.070000
150.074800
150.079700
150.083900
150.089400
150.093800
150.098000
150.102300
150.106400
150.111000
150.116200
150.122300
150.131100
150.136900
150.143300
150.149200
150.155400
150.164700
150.173500
150.181600
150.194500
150.217200
150.230600
150.238100
150.248200
150.268600
150.286100
150.297400
150.316700
150.327200
150.346700
150.406100
150.442500
150.510500
150.517200
150.522600
150.532500
150.542400
150.581100
150.661000
150.670800
150.787600
150.795700
150.803600
150.853700
150.867900
150.877500
150.907100
150.949100
150.959900
151.032200
151.089800
151.097000
151.202100
151.212100
151.353600
151.445800
151.456300
151.469300
151.504100
151.560300
151.628800
151.667900
151.765100
151.774700
151.839100
151.853100
151.866400
151.892400
152.582400
152.639300
152.856800
153.171200
153.418000
153.426100
153.434900
153.443500
153.457200
153.472100
153.721900
154.162500
154.173700
154.312400
154.326400
154.702900
154.713900
154.728300
154.737300
154.745900
154.957100
157.207900
157.217900
158.287800
158.303500
158.325500
158.341800
158.349200
158.361100
158.770900
160.003800
160.023100
160.430700
160.485300
160.918700
160.930900
160.964400
161.458700
165.872600
167.055800
167.073700
167.183600
167.493000
173.284300
173.292500
173.327400
177.164500
177.175000
177.184900
177.204000
177.220400
177.281300
177.837800
177.855600
177.880200
177.957000
180.247800
181.530900
181.540700
181.557500
181.577300
181.923900
181.932900
181.939400
181.955500
181.980600
182.036400
182.046800
183.984900
188.102200
188.112500
188.731300
188.744500
188.765800
193.057500
193.070800
193.162100
193.176700
193.189800
193.768800
193.782400
197.108600
197.152200
197.163000
197.177400
197.614200
197.622200
197.654000
198.228900
198.239300
199.684600
199.702600
199.713700
199.724400
199.977200
199.985100
199.993600
202.624500
204.233000
204.241100
204.261700
204.275400
204.289300
204.706400
204.723200
204.736000
205.270200
205.281700
205.293700
209.907300
209.919400
209.939700
214.136100
214.150100
214.387100
214.397000
222.177000
222.241800
222.256400
222.325000
226.990800
227.020700
227.058800
227.073300
227.089600
232.839600
232.966900
232.978200
233.319300
233.358900
239.396000
242.218700
242.229700
242.238900
242.282500
242.360900
242.372800
245.379300
245.388400
245.408200
253.669700
253.677700
253.688600
253.697700
253.741000
255.020800
255.037300
255.057600
255.076800
255.093000
256.587700
256.598100
256.647800
258.050300
261.048000
261.059800
261.077800
261.088300
261.115600
266.306200
266.316100
266.326500
272.078900
272.083500
272.088100
272.092100
272.096400
272.100200
272.104100
272.108400
272.112800
272.117900
272.123600
272.129200
272.135000
272.141800
272.149900
272.155000
272.161000
272.168900
272.177200
272.183700
272.192200
272.200500
272.208300
272.221300
272.232400
272.252300
272.260100
272.279500
272.561200
272.705500
272.735100
273.138700
274.006800
274.450100
274.460900
274.473800
274.483900
274.747500
275.231200
275.242900
276.179900
276.207100
276.237200
289.369300
289.379800
289.395000
289.410000
289.422000
292.020100
292.032900
292.041300
292.060300
292.351600
292.361500
293.991000
294.871000
294.882700
294.899700
294.921000
294.970700
301.543000
301.559900
304.279900
311.122200
311.134300
328.555200
328.568000
328.609300
334.241100
334.256400
346.737300
346.745200
346.754300
348.371000
348.395200
349.082600
349.094900
349.109500
357.327700
357.339400
357.358800
357.373800
358.189200
358.226000
358.241200
358.318100
360.790500
370.786400
370.795000
370.805900
370.816000
370.837200
385.076700
390.462000
390.473200
390.542200
392.276000
392.281700
392.286100
392.291100
392.295900
392.300300
392.304900
392.309500
392.314800
392.322100
392.333500
392.342400
392.458100
392.687800
393.117400
393.129000
393.274400
393.724900
393.737800
393.748500
395.398500
395.407200
395.419900
395.437500
402.974700
402.982900
402.993500
403.013600
403.023700
408.238600
408.252000
408.269300
408.696900
408.706700
408.742400
408.815100
409.284800
409.350600
413.547100
413.559900
413.581500
417.483400
420.076300
420.098900
420.110100
420.127000
425.071700
425.087800
430.622500
430.633800
430.667800
430.693500
430.706200
452.959700
452.973900
452.983700
453.007700
453.020500
462.243400
463.484800
463.499100
463.513600
466.418400
466.426300
466.436000
466.449100
466.999900
467.022900
472.267800
482.696200
482.787500
482.799600
482.813200
482.833600
498.123300
498.156600
498.188700
498.209300
502.850000
502.864300
502.880400
502.897800
502.918000
512.301400
512.307100
512.311800
512.316500
512.321000
512.326200
512.330700
512.335300
512.340200
512.346700
512.351700
512.356900
512.362200
512.371000
512.376600
512.383100
512.393100
512.401900
512.415300
512.427400
512.441800
512.450600
512.460700
512.472800
512.498800
512.507500
512.521000
512.537800
512.582600
512.594600
512.643800
512.669200
512.683100
512.702100
512.717400
512.852600
512.861200
512.954200
512.975900
513.034000
513.076000
513.188800
513.224600
513.299900
513.342800
513.391700
513.445700
513.460600
513.532300
513.608900
513.669200
513.709200
513.722800
513.777300
513.818000
513.950500
513.968600
514.026600
514.036600
514.054800
514.149600
514.183000
514.217300
514.236000
514.282400
514.998700
515.014500
515.052100
515.282500
515.582700
515.845900
515.860200
515.869600
516.023500
516.329500
516.343600
517.049700
517.058100
517.077700
517.336700
517.844800
517.854500
517.866600
517.879700
518.013000
518.349100
518.364000
518.901800
519.586400
519.654800
519.672800
519.686300
519.977100
520.780600
520.832200
521.447700
521.458000
521.813400
522.129500
522.142100
523.013600
524.707400
524.723600
524.732300
524.747700
524.884600
524.904900
525.670000
525.686700
525.711100
525.729800
527.043800
527.082500
527.100300
527.625400
527.634200
528.973900
529.016400
529.048000
531.017000
531.040000
531.057000
531.068100
531.077200
531.086500
531.097500
531.261000
531.268700
531.287200
532.899800
532.914500
536.500600
536.513600
537.534900
537.545100
537.615000
537.703000
538.949400
538.959100
538.972600
539.897000
539.928700
540.018000
546.629700
546.679500
548.626000
548.632800
550.655600
553.715500
557.178600
557.945600
557.965600
559.453900
559.463900
559.497300
559.531600
559.548900
560.205600
560.222400
564.204800
565.922900
565.945400
565.961300
567.129400
567.164000
567.384600
567.394500
571.797700
571.820200
571.842300
571.891000
573.363700
573.375600
574.826800
575.357800
575.367500
575.378800
575.390000
575.953000
575.997300
576.010200
576.758700
578.975200
579.017900
579.027700
579.038500
579.539700
579.557800
579.567300
579.579600
579.827900
579.848200
579.859500
580.887500
580.898000
584.981800
585.002200
585.062200
587.873300
587.887400
587.908700
587.924600
589.306800
589.322800
589.357400
589.472700
589.753400
591.801000
591.810500
591.830900
591.840000
594.302900
594.313000
594.327000
594.341800
595.246100
595.254900
595.268100
595.282900
596.981700
598.787900
598.797000
598.851500
602.197000
602.207800
602.257600
620.740600
620.759000
620.780900
620.801200
621.331300
621.344200
621.362900
621.371400
621.396900
621.410200
631.793000
631.805700
631.816800
631.826700
631.839800
634.309200
634.314400
634.319600
634.324200
634.328800
634.333900
634.338700
634.344100
634.349500
634.355700
634.362900
634.371000
634.378400
634.385200
634.392600
634.400900
634.407800
634.417600
634.430600
634.440300
634.454700
634.473000
634.487600
634.496300
634.507000
634.629300
635.034300
635.048700
635.280000
635.289000
635.301200
635.636800
635.647100
636.306000
636.337500
636.574000
637.324200
637.341100
637.368800
637.393800
638.025000
638.482300
638.792300
639.000000
639.015200
639.024600
647.934500
647.951700
648.033200
668.200800
669.965600
669.982300
669.996100
679.273900
681.799600
681.814300
684.071100
684.084900
684.930500
684.940900
684.968200
685.688700
685.699600
685.714100
685.724400
685.744900
687.665200
687.674000
687.686800
687.702600
690.895100
690.905900
690.917500
690.927800
690.972800
691.966900
691.982100
692.002700
692.016700
692.879600
692.905900
692.918600
692.937900
700.103700
700.111300
700.123400
714.244500
714.252500
719.379300
719.391600
719.511900
719.522300
719.556500
727.870600
727.880300
741.655400
741.779900
741.791300
741.806800
749.659300
749.667000
749.676600
749.688600
749.707100
754.506200
754.510600
754.515900
754.520300
754.524800
754.528700
754.532600
754.536700
754.542000
754.547100
754.552200
754.557200
754.563600
754.570700
754.603800
754.635200
755.209600
755.225300
755.248700
755.525600
755.534100
755.542700
755.551900
755.617500
755.734500
756.725200
756.735800
756.750700
756.771500
761.946500
766.829300
766.854400
768.611100
768.619400
768.699300
768.710600
773.405300
773.415300
776.046400
777.116800
777.128000
777.138300
777.151800
781.964200
781.971400
781.982300
781.991700
782.729000
782.750300
782.758900
782.773900
782.803200
783.017500
783.027000
783.043800
783.318900
783.338800
791.658700
791.670500
791.682900
791.694500
791.705700
797.064600
797.076200
797.106100
797.201400
797.227300
809.446400
826.330900
826.342800
826.361300
826.379200
826.393800
843.407500
843.421300
843.437100
846.219200
846.230600
846.238600
846.250200
846.261600
854.135500
857.351200
857.361300
857.372900
857.396300
857.415100
860.852600
864.460600
864.472500
864.484500
864.497000
864.505200
864.518600
864.534400
872.816800
872.835700
872.845100
872.896300
874.529300
874.533700
874.537900
874.541800
874.545800
874.549700
874.553300
874.556900
874.560700
874.564500
874.568200
874.572000
874.576100
874.580100
874.584800
874.589700
874.594200
874.598600
874.604000
874.610000
874.615200
874.620300
874.626900
874.633400
874.639900
874.646200
874.652100
874.658500
874.666600
874.673000
874.680500
874.686800
874.693600
874.704400
874.711800
874.719700
874.735500
874.746700
874.755900
874.763900
874.772800
874.787200
874.795000
874.802200
874.815600
874.825800
874.837500
874.855300
874.883100
874.904300
874.918500
874.935700
874.961100
874.979800
874.992700
875.003100
875.045200
875.062000
875.083800
875.093700
875.106500
875.127400
875.186300
875.219500
875.231100
875.258100
875.292500
875.303000
875.319200
875.345400
875.373500
875.384600
875.403900
875.417600
875.438000
875.451600
875.469500
875.524800
875.552000
875.578900
875.587200
875.669100
875.680200
875.705300
875.720200
875.734900
875.786300
875.800200
875.821100
875.859800
875.896000
875.904400
875.920300
875.941500
875.952500
875.976600
876.065900
876.074700
876.105600
876.146200
876.165200
876.178100
876.188900
876.230100
876.243000
876.268000
876.328100
876.342300
876.371200
876.382400
876.425000
876.486800
876.524000
876.817100
876.969800
876.990500
877.324200
877.332800
877.344200
877.353100
877.364300
877.632000
877.840700
878.101200
878.110100
878.121200
878.203800
878.225600
878.359400
878.376300
878.387200
878.472200
878.490000
878.772300
878.952500
879.185600
879.194300
879.211900
879.296600
879.424300
879.610100
879.859400
879.873400
879.911600
879.929700
880.143000
880.151100
880.246300
880.254900
880.400200
880.989900
881.044400
881.057800
881.453700
881.526400
881.536700
881.784800
881.793700
881.804100
881.855400
881.862200
881.870800
881.914400
882.049500
882.350900
882.364500
882.752900
882.770800
882.966400
883.282700
883.295200
883.520000
883.530100
883.541900
883.572500
883.599300
883.963400
883.970700
883.986200
884.479100
884.486000
884.494800
884.510800
884.524200
884.685200
884.692500
884.699600
884.709900
884.966500
884.977500
884.988600
885.000500
885.015000
885.187300
885.197600
885.211600
885.232500
885.253300
885.661200
885.708600
885.715800
885.733900
885.967300
885.979000
885.991900
886.113100
886.126800
886.469200
886.876600
886.883400
886.892100
886.900100
887.256900
887.267000
887.279900
887.307200
887.781100
887.788200
887.795100
887.803500
887.820900
888.073400
888.083400
888.195900
888.501900
888.513300
888.525500
888.797900
888.819900
888.828900
888.853300
889.310200
889.317000
889.325100
889.662400
889.742700
889.754900
889.924000
889.935900
890.143400
890.159700
890.184400
890.204800
890.289800
890.304100
890.489000
890.496500
891.433900
891.442100
891.795100
891.923800
892.058100
892.133900
892.210800
892.382300
892.411800
892.489000
893.383500
893.391900
893.402000
893.442200
894.698300
894.840300
894.855100
894.870900
895.042900
895.497200
896.536500
896.545100
896.566400
897.483700
897.868300
897.877600
897.951900
898.080300
898.094200
898.118800
898.433900
898.447800
898.718100
898.731000
898.764000
899.516600
899.526700
899.567800
899.911600
899.922500
899.934400
899.943000
900.244300
900.282400
900.583900
900.597400
900.737600
901.998900
902.013600
902.022900
902.057500
902.491900
902.503300
903.047400
903.056500
903.072400
903.099900
903.179000
903.734400
903.752200
903.759400
903.769400
903.785100
904.467000
904.501000
904.512500
904.657200
904.918100
904.947400
904.957600
904.996500
905.091300
905.104800
905.898600
906.303500
906.312500
906.381100
906.397400
906.918200
906.932100
908.010400
908.019700
908.029900
908.038900
908.491200
908.501700
908.532600
908.561500
908.574800
909.426000
909.449200
909.708800
909.728300
910.279500
910.290300
910.300300
911.803000
912.688800
912.698300
912.834400
913.340500
913.860700
913.879500
913.900700
913.963000
915.168100
915.177400
915.189000
915.415600
915.423200
915.606300
915.636200
915.873100
915.883400
915.894800
916.844300
916.857000
916.932200
917.042600
917.068700
918.238100
919.625600
919.639300
919.656100
919.668400
919.682600
919.699400
919.707700
920.064000
920.129100
920.407100
920.474300
920.481100
921.230500
921.244800
921.712300
921.726500
921.754300
921.764800
921.776200
921.789700
922.133300
922.147200
922.785900
922.799400
922.833000
923.097600
923.730700
923.738200
923.748300
923.779100
923.787100
923.795000
923.804700
924.223900
925.442400
925.543800
925.570300
926.559500
926.579000
927.696900
927.706000
927.851100
927.866400
928.175500
928.187500
928.199000
928.214300
928.331500
928.339200
928.358800
930.063700
930.074900
930.088700
930.099200
930.132200
930.325400
930.739400
930.788600
930.806900
930.821200
930.830900
930.840800
931.362000
931.424200
931.793500
931.803300
932.704000
932.713900
932.728100
933.652000
933.677400
933.690400
933.713800
934.178300
934.401800
934.964100
934.973300
934.993700
935.023900
936.671800
936.692200
937.029800
937.039300
938.262700
938.395700
938.408900
938.420200
938.448500
938.615100
938.634600
938.886800
938.911100
938.930300
939.390300
939.422300
939.433600
939.485400
943.038700
943.138700
943.151900
943.165400
943.470000
943.503900
943.515700
943.533300
944.469700
944.478800
944.490900
944.514500
944.528300
944.537900
944.552500
944.840600
945.924700
946.330600
946.344600
946.946700
946.985200
946.995400
949.391800
950.529000
950.543200
950.561300
950.585900
950.598900
951.999100
952.022200
952.036600
952.047100
952.115700
954.528200
954.536100
954.544300
954.564900
957.325800
957.333300
957.357200
957.951600
960.641200
960.652600
961.282100
961.291500
961.303300
962.011100
962.025800
962.039100
963.814600
964.040800
964.053600
964.093600
964.100800
964.118000
964.129000
964.163700
964.187800
964.490300
964.514200
964.531800
966.224400
966.284600
966.296300
966.306000
966.592500
966.603900
966.613500
966.972800
966.984500
967.000500
967.155900
967.564000
968.635400
968.663200
968.672100
968.682500
968.835300
968.916500
969.196000
969.206500
969.216100
970.755500
970.769200
971.065900
971.075700
971.093300
971.107700
971.126600
971.550400
971.746800
971.764700
971.782300
971.797500
972.052300
972.060800
972.072400
972.223800
972.242700
972.255200
974.924000
974.966500
974.995500
975.137500
975.149800
976.002300
976.018900
979.587700
979.601300
979.609300
979.627900
979.638300
979.673900
981.301300
981.316200
981.337700
981.450100
981.559500
983.952800
983.974900
983.994100
984.613300
984.622100
984.635500
985.870100
985.886800
985.903800
985.914200
985.926300
985.955600
986.007300
987.109800
987.119600
987.332900
987.346800
987.437800
987.449700
987.746700
987.756600
991.245400
991.252800
991.261600
991.277200
991.554300
991.562700
991.570500
991.610700
991.738700
991.748700
991.768900
991.784900
992.264500
992.581400
992.601200
992.613100
993.186400
993.194600
993.203000
993.242200
993.467200
993.480500
993.491900
993.571000
994.077300
994.099800
996.529400
996.535100
996.539700
996.543500
996.547400
996.550800
996.554200
996.557700
996.561400
996.565000
996.568400
996.571800
996.575400
996.579300
996.583400
996.587700
996.591600
996.595500
996.599500
996.604200
996.608600
996.613100
996.618000
996.623200
996.628700
996.634100
996.639400
996.645100
996.652400
996.658200
996.664300
996.670000
996.676600
996.684600
996.691000
996.697100
996.703700
996.710700
996.720200
996.728100
996.737800
996.745700
996.754300
996.763700
996.778400
996.806500
996.929800
997.131200
997.193700
997.314200
997.321600
997.571400
997.591100
997.828600
997.836000
997.842100
998.097500
998.137900
998.201000
998.217000
998.448500
998.455900
998.466100
998.976300
999.206800
999.230100
999.301500
999.307800
999.317500
999.390500
999.670100
999.682000
999.696800
999.711300
999.719100
1000.013700
1000.250900
1000.259500
1000.273500
1000.511800
1000.520500
1000.527800
1000.534100
1000.542600
1000.550500
1000.589800
1000.599500
1000.913100
1000.921000
1000.960300
1001.325100
1001.334500
1001.345100
1001.381200
1002.006700
1002.020100
1002.036300
1002.304200
1002.319800
1002.336300
1002.784300
1002.809800
1002.926500
1002.941600
1002.955000
1002.982400
1004.424400
1004.501100
1004.520500
1004.567800
1005.035300
1005.042500
1005.759700
1007.423200
1007.437400
1007.455400
1007.638800
1007.647100
1007.688700
1008.695600
1008.705300
1008.714100
1008.779800
1009.711800
1009.720100
1009.732100
1010.161100
1010.179600
1010.189900
1010.201200
1010.221300
1010.440300
1010.916000
1010.986100
1011.000600
1011.493900
1011.501700
1011.515600
1014.214400
1014.250900
1014.269100
1014.278500
1015.069200
1015.078800
1015.094800
1015.110400
1015.830900
1015.969100
1016.183300
1016.941100
1016.964100
1017.715500
1017.729900
1017.749400
1017.761000
1017.829400
1018.102700
1018.132000
1018.233400
1018.339400
1018.370100
1018.803900
1018.923900
1018.932700
1018.952100
1020.229900
1020.564500
1020.574900
1020.597600
1020.624400
1020.998200
1021.105500
1021.119500
1021.187900
1021.626800
1021.634500
1021.669700
1022.185100
1022.192700
1022.202400
1022.212200
1022.379400
1022.410200
1022.450100
1022.920500
1022.932300
1022.950700
1022.964400
1023.479500
1023.488300
1023.498300
1023.511300
1023.521000
1023.812000
1023.820800
1024.157200
1024.206500
1024.234100
1024.501500
1024.510000
1025.442800
1025.469000
1025.478300
1028.277600
1028.298500
1028.568200
1028.593000
1028.606900
1029.363000
1029.376900
1029.386200
1029.398300
1029.412200
1029.929100
1029.942600
1029.959300
1030.146000
1030.157500
1030.390300
1030.715600
1030.752300
1030.764400
1030.772800
1030.792300
1030.805900
1030.851700
1030.862900
1030.879900
1031.266000
1031.328000
1031.340400
1031.356200
1031.545300
1031.552300
1031.562500
1031.589500
1031.604000
1032.722200
1032.732300
1033.507300
1034.046400
1034.061900
1034.077600
1034.100600
1034.114700
1036.239900
1037.744200
1037.757300
1037.778400
1039.753600
1039.762300
1039.784200
1039.793900
1040.141500
1040.150000
1040.164200
1040.178900
1040.564500
1040.586200
1040.598700
1041.429500
1041.447000
1041.479600
1043.662700
1043.674700
1043.705500
1043.713900
1046.501600
1047.322600
1047.330400
1047.355400
1047.363500
1047.381400
1047.389500
1048.054100
1048.066700
1048.090300
1048.109600
1049.263400
1049.275400
1049.286400
1049.492500
1050.001000
1050.634500
1050.642700
1050.664000
1051.331100
1051.341600
1051.354700
1054.259000
1054.271400
1054.775500
1055.928900
1061.744300
1061.753800
1061.761100
1061.772000
1062.707800
1062.716800
1062.730400
1062.752600
1062.972800
1065.272600
1065.283200
1065.302000
1065.314800
1065.325000
1069.535200
1069.552100
1069.573500
1069.584200
1069.606800
1069.889000
1069.899700
1069.913500
1070.834600
1070.849500
1070.858200
1070.894100
1070.907700
1070.930900
1071.491200
1071.503900
1071.514300
1071.527300
1071.538900
1072.311800
1072.321200
1072.330400
1073.678600
1074.714700
1074.723500
1074.734100
1074.744300
1074.752500
1075.428700
1075.437500
1075.457600
1075.883100
1075.894100
1075.932800
1076.175600
1076.778700
1076.821100
1076.910100
1077.362600
1077.378800
1080.996200
1081.025000
1081.199000
1081.235000
1082.238700
1082.247500
1082.256300
1082.266200
1082.281100
1082.520800
1083.107800
1083.136200
1083.208400
1083.216200
1083.235700
1084.172800
1085.309400
1085.321400
1085.343800
1085.366100
