spike times
23.649600
30.082300
30.104100
30.129600
30.339500
30.358700
30.614000
30.856200
30.894100
30.906600
30.931400
30.990000
31.007400
31.172600
31.389000
31.633400
31.651900
32.037500
33.594000
34.403200
39.044700
42.596600
42.678900
49.998600
77.141800
77.914700
77.952900
81.931400
85.346300
102.179800
112.914400
112.990200
133.679200
139.760000
144.903000
144.925800
159.053000
163.368800
166.306300
166.321700
166.344500
167.396300
167.617600
167.651500
169.894800
173.854400
173.893000
176.399400
182.997500
195.825800
197.208600
197.818000
204.877100
232.242700
232.264400
233.345800
251.650800
257.720500
257.737900
265.517900
265.538200
271.747400
272.052000
272.141200
272.157800
272.168600
272.185500
272.210700
272.227300
272.632600
275.580400
277.312900
278.646000
278.659700
278.677100
281.250900
289.369900
296.693100
296.936700
296.977900
301.157200
316.554600
316.568200
316.587100
316.647500
327.425900
339.022400
339.077900
340.832200
342.627600
349.103700
349.119700
363.135500
364.099500
364.204400
388.296400
388.308700
388.324500
388.571600
392.307800
392.325200
392.344200
392.361300
392.369000
392.378100
392.388400
392.401200
392.422500
392.450800
392.459200
392.469200
392.492000
392.581800
392.589900
392.606400
392.656600
392.694000
392.706900
392.716700
392.747200
392.757300
392.844700
392.857700
392.866900
392.883400
392.982000
393.066300
393.077200
393.180700
393.231600
393.287000
393.327600
393.337600
393.348700
393.388500
393.417100
393.461800
393.473900
393.629100
393.657500
393.665600
393.682400
393.718800
393.724900
393.742400
393.766100
393.776700
393.824700
393.935000
394.022400
394.052100
394.116600
394.135100
394.153200
394.211200
394.221700
394.241100
394.352400
394.515700
394.544600
394.799200
395.375300
395.391600
395.913500
395.921300
395.929000
395.940000
395.954800
395.965000
395.977300
396.757100
396.773200
396.797400
397.449200
398.151700
398.168900
398.209600
398.371200
398.386700
398.675400
399.194100
399.210700
399.241100
399.536400
399.559100
399.905400
400.268800
400.870400
400.879600
401.062100
401.476500
401.573000
401.909800
401.927700
403.446300
403.470200
403.564000
404.216400
404.975700
405.316000
405.327200
405.340700
406.131300
406.138600
406.148400
406.168400
406.729600
406.769700
407.836000
407.867000
407.879700
408.512400
408.542300
409.087900
410.540800
412.395600
414.230500
414.245600
414.455600
415.005600
415.025300
415.041500
417.879500
418.639000
418.995500
419.142600
419.431700
425.224000
425.241300
425.517500
425.537600
425.552700
426.933800
426.996800
427.666700
431.883900
431.903700
432.649200
433.627500
433.679000
434.119100
434.144800
437.705500
440.444900
440.456500
443.250400
445.520400
448.964400
448.975700
450.056800
451.553000
451.637000
452.911300
453.580500
454.069600
454.517800
454.538500
463.000100
463.020100
463.036800
468.463900
469.448800
470.472800
471.378400
471.395000
474.115400
476.799600
478.927400
480.538600
480.557400
484.781300
485.721500
486.557000
486.570100
496.346400
502.246500
508.893500
510.421500
514.306300
514.323700
514.332000
514.357300
514.430300
514.449900
514.462800
514.701800
515.284100
515.292600
515.308800
515.323300
515.347600
518.054900
518.081100
520.552800
522.420500
522.439700
522.502500
526.429000
528.610200
531.512500
531.527100
531.541900
533.660200
534.797500
541.474400
542.003200
549.072200
550.385400
550.580800
554.504300
559.119300
563.178700
563.193900
563.218100
565.318600
565.331700
565.374400
565.636600
566.824200
567.416300
567.430000
569.992800
570.012800
570.029300
570.050200
572.736800
572.759800
576.490800
578.214000
580.375100
584.258200
584.886200
584.903100
585.606100
585.622200
591.137800
591.165000
591.202900
612.061100
613.485400
613.506900
615.465300
615.478900
615.501300
615.518800
616.653900
617.212500
619.134000
634.311000
634.318700
634.327000
634.334100
634.342300
634.350200
634.358300
634.373600
634.413100
634.426500
634.433000
634.450300
634.546300
634.557200
634.563300
634.864900
634.909100
634.989300
635.076600
635.667600
636.469000
636.885800
637.145800
637.594300
638.500200
638.532000
638.579300
639.547600
641.398300
642.381100
642.402400
642.443300
643.285600
643.533800
643.637600
644.006100
644.024300
644.533300
644.836300
645.137600
645.644100
645.682200
646.395000
646.407800
646.745600
648.362800
652.960200
653.097500
655.774900
656.258500
658.000600
658.480000
659.587600
660.845100
661.120400
661.535700
662.411100
662.963000
663.140600
663.398300
664.781300
665.340200
665.985400
666.004200
666.033400
666.873100
668.086300
668.097200
668.107700
668.113700
668.146900
668.618300
669.168600
669.185800
669.662800
670.275900
676.948300
676.958500
677.014100
677.408300
680.408800
685.164400
687.000400
693.091000
693.112800
693.149800
700.918000
707.377000
708.691600
711.078800
715.396700
716.162900
718.624100
720.150600
720.168000
721.256700
722.352600
722.457400
729.950500
729.965200
730.188200
731.694600
731.918000
732.601200
732.632500
733.904900
735.752800
735.762800
735.782200
735.946000
735.976500
737.850400
739.861300
739.881100
740.352900
741.779600
742.690800
742.717200
742.806800
743.993800
744.025000
747.516400
747.528400
754.516900
754.525400
754.532900
754.539300
754.543800
754.549800
754.556200
754.565900
754.576100
754.586400
754.592500
754.597700
754.603700
754.622000
754.632200
754.643000
754.652200
754.680600
754.712700
754.721100
754.730800
754.744100
754.769300
754.793300
754.803700
754.820900
754.851700
754.860100
754.867500
754.888000
754.904100
754.914800
754.930300
754.952000
755.014200
755.034200
755.119900
755.127100
755.136100
755.144400
755.150500
755.268200
755.276300
755.284600
755.296500
755.317200
755.353400
755.376100
755.392500
755.410300
755.418500
755.451400
755.487500
755.501500
755.567500
755.635000
755.648900
755.709200
755.741000
755.770900
755.783100
755.794000
755.828900
755.839900
755.881400
755.939800
755.953300
755.960800
755.975400
755.986400
755.999300
756.039800
756.107400
756.216700
756.225800
756.237300
756.245800
756.279300
756.344500
756.364300
756.377500
756.390300
756.411600
756.525000
756.533600
756.889700
756.899200
757.083200
757.093600
757.103500
757.115800
757.441900
757.628000
757.635500
757.654200
757.665200
757.680400
757.747600
757.851700
758.152300
758.164200
758.335100
758.463200
758.591700
758.606500
758.628700
758.773300
758.956500
759.041800
759.060300
759.257900
759.267000
759.376900
759.605800
759.627900
759.702500
759.805900
759.823700
759.983400
760.225100
760.233200
760.374000
760.391300
760.552600
760.577200
760.596400
760.803600
760.818700
760.833800
760.936200
761.043600
761.074500
761.141400
761.405600
761.415200
761.428900
761.593000
761.822400
762.105000
762.112600
762.129100
762.330500
762.342900
762.558800
762.573900
762.769000
762.784100
762.795100
762.810000
763.162100
763.170100
763.190000
763.859900
764.063800
764.178200
764.255000
764.373600
764.480500
764.491200
764.747600
764.777100
765.032800
765.043800
765.060900
765.700500
765.721100
765.739600
766.192800
766.222600
766.605900
767.021600
767.397500
767.419700
768.066900
768.082200
768.915600
768.935200
769.022700
769.223900
769.426100
769.433800
769.445400
770.007700
770.018100
770.250000
771.009700
771.409000
771.546900
771.567700
771.731400
771.755100
772.293900
773.025700
773.043800
773.483700
774.701300
774.725800
774.832400
774.849100
774.864400
774.929300
775.013500
775.372300
775.413700
775.433500
775.542400
775.748800
776.329200
776.627400
776.649200
776.756700
777.012400
777.025700
777.171400
778.060900
778.099200
778.875600
778.903600
778.917200
778.984000
779.074700
779.084700
779.119800
779.390500
779.848300
780.372200
780.567000
780.585800
781.548700
781.728500
781.748900
782.117500
782.403600
783.312400
783.599000
783.611600
783.626000
784.042900
784.107600
784.307900
784.328900
784.357400
784.817800
785.342200
785.536600
786.267400
786.278400
786.434900
786.449500
786.472400
787.851900
787.874900
787.997600
788.062600
788.077500
788.488700
788.516600
788.632700
790.422200
790.478000
790.693300
791.205100
791.218700
791.253900
792.795700
792.811600
793.124100
793.459300
793.696500
794.181100
794.192900
794.217200
794.236300
794.485500
795.227500
796.207000
796.473900
796.487600
797.226200
797.242700
797.485300
797.507700
797.858300
798.329100
798.506500
799.267300
799.604100
799.794400
800.379300
800.643900
801.057700
801.451800
801.459700
801.511000
802.048700
802.066400
802.107800
802.126300
802.460900
802.475100
802.537900
802.696800
802.708700
803.141100
803.152300
804.090500
804.861800
805.041000
805.055700
805.067900
806.081200
806.106000
806.408000
806.726300
807.019300
807.034200
807.765800
809.077500
809.908700
809.921600
809.933600
810.437400
810.454900
810.471200
810.495000
811.400400
811.515600
811.582100
812.136100
812.155500
812.470000
812.478300
812.497300
812.724900
813.185500
813.743800
814.195200
814.203600
814.422500
814.763900
815.944800
817.480500
817.496000
818.864900
818.880400
818.900000
818.915700
819.163000
819.401900
819.414900
820.455100
820.464700
820.477700
821.755400
821.763800
821.779900
821.870500
821.884700
822.241800
822.265900
823.920900
824.176200
825.153200
825.351900
825.773200
825.829800
826.402400
826.473100
827.675800
828.195300
828.217100
828.237600
828.485300
828.820900
829.051400
829.065800
829.079800
829.103900
830.676100
830.693700
831.635900
831.996600
832.287200
832.994500
833.453400
833.474100
834.928800
835.203500
836.706900
836.725500
837.642800
838.896600
839.382600
839.574100
839.789700
841.014700
841.356700
841.397200
841.661200
841.682500
841.991200
842.255300
842.270600
844.497700
844.519500
845.326200
845.339700
845.396100
845.708800
846.010800
846.023300
846.818300
846.922500
847.667300
847.822300
849.418700
849.533200
849.666000
850.320900
850.329400
850.339100
850.353800
850.387000
850.546700
852.756400
853.688100
853.919700
853.952700
854.095300
854.361000
855.614000
855.719700
856.645200
857.405000
857.423100
858.113100
858.123800
858.138500
858.293800
858.579900
858.766200
860.075700
860.108700
861.551600
861.850100
862.492000
862.922700
862.937100
863.203400
864.112500
864.737600
864.751700
864.772100
864.952300
866.624300
868.650000
870.472700
871.063700
871.075200
871.099600
871.432900
872.199600
872.810700
872.828800
872.844400
874.576700
874.599100
874.886800
874.906900
875.745100
875.827200
876.201200
876.515000
876.520800
876.525800
876.530500
876.536000
876.540600
876.546600
876.551000
876.557700
876.564400
876.573100
876.592900
876.603900
876.611500
876.977500
876.997200
877.003800
877.585100
877.887800
878.412200
878.643000
878.657200
878.854400
879.596400
879.616800
880.181700
880.206200
880.516500
880.691800
880.952800
880.989700
881.611200
882.030000
882.529500
882.548800
882.655200
883.335000
883.360800
883.529000
884.043500
884.060500
884.234300
884.329200
884.365500
884.658600
884.827700
886.479900
887.906100
888.818800
889.786200
889.911900
892.514100
892.589400
892.610600
893.098100
894.235300
894.518700
895.386200
896.044400
896.336200
897.153600
897.315800
897.482800
897.663500
899.675500
900.765100
900.778500
901.280600
901.917200
902.708900
903.004200
903.016700
903.028200
903.352300
904.069100
904.258100
904.960300
904.973900
904.993500
905.552200
906.089600
906.197700
906.906500
906.924600
907.823500
910.632800
910.644000
910.891100
911.214700
911.562300
911.592100
914.523200
914.665600
915.111300
915.231600
915.498100
917.242000
917.279300
918.146100
918.209300
921.052700
922.452300
923.222600
923.289500
923.305400
924.287600
925.231700
925.280200
926.027400
926.507200
926.840900
926.863000
927.097200
927.628000
927.635800
930.387700
930.397500
931.023100
931.036300
931.297400
933.345700
933.363900
935.437800
935.448300
936.333100
936.348700
936.870200
936.896700
936.916100
937.193200
937.745300
938.147800
938.416600
938.448900
939.050500
941.839400
941.851700
942.249800
943.028600
943.167000
944.156700
944.334400
945.332800
945.990700
946.530500
947.254500
947.278300
948.164900
948.189300
948.200500
949.726500
950.286600
950.811800
950.830000
951.098300
951.504500
951.847600
952.647700
952.686100
953.012500
954.058900
954.077800
954.194300
954.554600
955.098500
955.567900
955.580100
955.670600
956.284200
956.688400
957.307600
958.797300
959.429300
959.466600
959.684300
961.592400
961.719600
962.051900
963.394100
963.403200
963.415200
964.098900
964.121300
965.222700
965.970900
969.016400
969.029400
969.404700
971.039600
973.811400
973.835400
974.233400
976.608500
976.631400
976.662400
978.334300
978.686800
978.736600
979.079600
980.364600
983.709700
983.726700
985.216400
985.236300
985.267200
986.519200
986.562400
988.205600
990.366700
990.387700
991.538500
991.809000
992.007600
992.068300
992.101000
992.267700
992.497300
992.506000
992.768000
992.787500
992.797400
993.066500
993.446900
994.093900
995.911500
995.922400
995.969000
996.136500
996.535200
996.543600
996.549000
996.554000
996.558200
996.562900
996.567500
996.572300
996.576600
996.581000
996.585600
996.589800
996.594200
996.598500
996.603800
996.608700
996.615300
996.622200
996.629700
996.636100
996.642300
996.649700
996.656300
996.664300
996.672900
996.681200
996.687400
996.695400
996.709300
996.716500
996.725200
996.733000
997.142600
997.155200
997.205400
997.554900
997.784600
997.832200
997.894800
997.949800
998.204000
998.233400
998.667100
998.679300
998.689100
998.791200
998.806800
998.879700
998.895100
999.075700
999.086100
999.141700
999.786600
999.798800
999.836400
1000.295400
1000.304200
1000.313600
1000.337100
1000.371400
1000.508800
1000.980700
1001.219000
1001.601300
1001.614000
1001.654400
1001.709600
1001.723300
1001.984100
1002.261500
1002.493900
1002.501900
1002.523700
1003.019100
1003.028700
1003.318900
1003.334900
1003.741800
1004.184100
1004.193800
1004.203500
1005.135400
1005.142000
1005.154200
1005.347100
1005.680600
1005.694200
1006.186600
1006.200100
1006.360900
1006.479600
1007.129100
1007.462900
1008.217600
1008.623200
1008.964600
1009.038200
1009.776700
1009.793000
1010.043500
1012.329600
1012.338700
1012.710500
1012.745000
1013.109500
1013.726700
1013.759500
1014.255700
1014.282400
1014.859500
1015.163700
1016.005200
1016.053500
1016.406700
1017.022700
1017.043100
1017.681900
1017.700600
1018.838700
1018.855800
1018.867300
1019.250300
1019.754500
1020.033200
1020.050600
1020.484800
1020.533500
1021.317100
1021.864900
1022.179600
1022.687500
1023.380600
1024.971700
1025.244800
1025.258100
1026.503500
1026.513100
1026.534800
1027.231500
1028.463500
1028.478600
1030.476700
1031.668600
1031.835500
1032.644000
1032.884800
1034.061200
1034.281800
1034.777700
1035.779200
1037.457600
1037.760000
1038.403400
1038.426800
1038.808100
1039.379900
1039.388800
1039.507200
1040.394200
1040.929700
1040.940900
1040.954600
1042.316400
1043.019700
1043.029300
1043.073500
1043.665100
1043.677400
1044.845100
1045.897800
1045.914000
1046.331500
1046.359600
1047.233800
1047.243500
1048.261300
1048.770900
1048.905100
1051.012200
1051.026500
1051.043000
1051.933800
1051.941500
1051.955600
1051.976700
1052.371700
1052.397400
1052.405900
1053.348600
1053.383900
1053.410500
1053.609600
1054.257200
1054.913400
1055.647900
1055.665700
1055.676600
1056.142100
1056.307400
1056.325700
1059.028600
1059.795900
1060.079300
1061.549700
1061.563000
1062.705900
1063.042000
1063.684800
1063.699200
1063.944700
1065.778900
1065.844300
1068.229100
1068.240000
1068.760800
1070.935100
1070.948600
1071.116700
1071.128300
1071.845700
1072.022200
1073.174900
1074.515300
1074.557500
1075.356700
1075.386200
1076.160000
1076.542300
1078.184100
1079.427200
1079.563700
1081.329900
1081.340700
1081.570400
1082.544900
1084.682700
1084.728800
1085.489400
1086.376700
1086.387600
1086.398100
1086.415500
1086.722900
1086.735800
1086.931500
