spike times
1.228400
1.281800
5.824700
5.858100
5.871700
5.887900
13.728400
18.789300
21.277400
24.687400
25.978400
25.991500
29.906400
30.048100
30.055100
30.059600
30.063900
30.068800
30.073000
30.077100
30.083100
30.089900
30.096600
30.103700
30.110100
30.119900
30.128000
30.135800
30.148400
30.157000
30.175200
30.184500
30.197000
30.208200
30.235900
30.248100
30.261300
30.271500
30.283000
30.339900
30.354000
30.361000
30.386200
30.468200
30.479700
30.486000
30.505200
30.575300
30.596500
30.624100
30.631200
30.672200
30.716900
30.724400
30.733200
30.788300
30.799700
30.811400
30.822200
30.858200
30.871700
30.886100
30.986500
30.993200
31.029100
31.050300
31.117300
31.127600
31.141800
31.149600
31.207400
31.265800
31.296400
31.306700
31.347200
31.353400
31.361000
31.514200
31.521200
31.535500
31.590900
31.611600
31.632000
31.686600
31.697800
31.725200
31.738300
31.768800
31.787600
31.798000
31.805500
31.861900
31.910200
31.923700
31.962400
32.019200
32.027400
32.791600
32.800200
32.807800
32.898400
32.906700
32.915200
32.922300
33.304200
33.314400
33.322900
33.480600
33.494600
34.235000
34.247500
34.434000
34.859000
35.656700
35.722600
35.865200
37.042300
37.921800
37.968000
38.920700
38.953200
39.351400
40.828900
40.961000
41.024400
43.150600
43.163900
43.177700
44.062400
45.615400
45.626800
45.648000
45.677500
45.701700
46.055700
46.090400
46.104500
46.113100
46.144400
48.347100
49.018400
49.036300
56.898100
57.774500
64.039100
64.755500
64.769200
64.788900
64.802900
68.076100
68.242500
68.309600
68.326900
69.598900
69.608900
70.978800
78.192900
78.204600
78.235500
78.245000
78.309200
81.292800
81.301000
81.312700
81.354300
81.364600
82.353900
85.479600
85.942000
85.955100
85.968400
88.251200
88.276800
90.419000
90.426200
90.437400
90.448800
90.460500
91.880700
91.894300
91.914100
91.953800
92.040800
93.558900
98.921000
99.973000
100.001000
105.304000
112.310700
112.343100
112.361400
116.404000
116.419900
116.432500
116.571900
116.585900
119.211800
119.226200
119.267900
119.277700
124.329700
124.344900
124.359900
124.375100
126.296500
127.840800
127.868600
127.878300
127.893800
127.901300
127.908900
132.000600
136.888300
136.944700
138.671900
139.145700
139.158700
139.185900
140.268200
140.295600
140.306900
152.042400
152.046900
152.051800
152.056800
152.060500
152.064400
152.068100
152.071700
152.075500
152.079400
152.083600
152.089100
152.094300
152.101100
152.108100
152.116100
152.125100
152.134100
152.141300
152.153100
152.171200
152.182500
152.191900
152.210200
152.222400
152.236700
152.253100
152.355200
153.489000
153.501500
154.225100
154.330800
154.339300
154.361000
154.391300
154.404900
155.391900
163.296900
163.325500
163.395300
167.136900
174.014200
174.022400
174.029100
174.077700
174.255100
174.946600
174.955500
178.996000
179.006600
181.624000
181.677100
184.154600
184.177500
185.160700
185.242600
185.966600
188.158700
188.174600
188.199100
189.600600
189.651300
189.724200
190.776600
190.806300
196.506200
196.563800
196.979300
196.986600
197.001100
197.008600
197.016100
201.857400
201.877300
201.932700
202.599800
205.805100
205.826600
213.515100
216.840900
218.616700
218.628300
218.656500
220.982600
223.129900
226.142700
226.167600
226.201800
230.837400
236.264700
236.472800
239.793600
248.776100
248.796300
259.710600
259.730800
261.360500
261.907400
261.974100
262.143000
262.151400
265.430400
265.445100
267.329000
267.356100
267.366600
267.414100
269.829200
272.252900
272.257500
272.267000
272.271000
272.275800
272.280500
272.290400
272.302900
272.319400
272.388200
272.604400
273.783200
273.792000
274.518500
274.722000
274.744700
274.759200
282.233600
284.239700
284.254700
291.545000
298.608900
314.167500
328.279500
328.310700
328.351500
332.183800
333.018600
333.050400
334.033000
334.068200
337.937200
337.968200
342.650400
343.610100
347.490000
347.518400
352.000300
352.757600
353.833800
354.152000
368.755500
370.912600
382.832900
392.277000
392.283200
392.288400
392.293000
392.297700
392.302500
392.307900
392.312800
392.318800
392.324500
392.333600
392.339500
392.350000
392.361800
392.401200
392.409400
392.416200
392.429400
392.448800
392.467600
392.524900
392.585700
392.619600
392.690200
392.744500
392.771700
392.781700
392.788400
392.840500
392.874200
392.881700
392.940200
393.006700
393.014000
393.050900
393.288600
393.326700
393.336300
393.348700
393.383200
393.407800
393.450900
393.458800
393.558400
393.572800
393.601000
393.607100
393.614900
393.676400
393.792700
393.844700
393.856600
393.958600
393.967600
393.978400
393.991900
394.022700
394.029900
394.068600
394.092400
394.759900
394.768600
395.566200
395.581800
395.682500
395.695600
395.813000
395.825300
396.472600
398.555500
398.570100
399.257300
400.796700
403.383100
404.461800
404.482100
404.507400
406.891600
407.322900
407.570100
412.031300
412.119600
412.133500
414.394400
414.437100
415.632600
415.645100
421.622300
421.630500
430.358600
444.256100
444.272000
444.412000
445.418200
445.440100
445.475800
445.482800
446.292300
446.367000
447.240400
449.228000
449.239200
452.135800
458.873000
458.892500
458.928800
464.750700
464.826100
464.842300
466.269000
467.943200
468.001000
476.124000
476.168300
477.426800
477.440700
477.451300
477.532000
479.602200
479.620800
479.908900
479.920100
486.976900
495.748600
495.812800
495.825400
496.181600
496.200800
496.227500
500.668300
504.235800
507.440300
507.476000
508.977600
512.421300
513.848100
513.861500
514.288500
514.293400
514.297800
514.302800
514.307400
514.312000
514.316900
514.323100
514.328400
514.333300
514.339600
514.360300
514.369400
514.391800
514.414200
514.425400
514.433300
514.453600
514.616400
515.806800
521.352300
522.400800
522.412400
522.427100
522.437700
522.735500
522.749900
529.294900
529.306700
529.394200
530.031200
536.919300
537.049700
550.340300
550.496100
555.335400
555.353100
560.328200
570.544900
570.586400
570.598500
570.626300
579.004300
583.847100
583.854800
583.899100
598.416100
598.426600
601.559900
605.400600
605.412800
606.513500
613.220300
619.324000
619.334000
619.342600
624.955900
634.483600
634.496400
634.504100
634.510600
634.517300
634.526300
634.537600
637.423500
637.858800
641.174200
641.213100
645.971700
646.003100
646.100400
648.785800
650.901400
652.711800
662.397900
670.679000
670.709000
680.645000
692.372600
696.730200
711.569200
740.326500
754.508400
754.512900
754.516800
754.520500
754.524500
754.528200
754.532100
754.536000
754.540600
754.546000
754.551200
754.556800
754.562600
754.570900
754.577800
754.586500
754.600700
754.611400
754.622100
754.634100
754.650300
754.665700
754.691400
754.705000
754.726600
754.746400
754.763200
754.774400
754.815500
754.838100
754.854100
754.867300
754.931600
754.939100
754.962000
754.985700
755.023500
755.056200
755.072000
755.117600
755.139300
755.183100
755.225200
755.232500
755.276400
755.336300
755.343200
755.362100
755.378500
755.389500
755.433900
755.457900
755.468700
755.519800
755.537400
755.572300
755.581400
755.637600
755.718400
755.728800
755.810400
755.819100
755.845600
755.862700
755.914900
755.986500
756.013800
756.023000
756.032100
756.060700
756.118400
756.154900
756.200800
756.232900
756.251300
756.379800
756.413700
756.436600
756.447000
756.457000
756.964100
757.284900
757.315500
757.338400
757.902300
758.039300
759.599100
759.742600
759.969900
759.980900
760.316800
760.652100
761.620900
761.882100
762.057400
764.017700
766.178400
766.330800
767.930600
767.938400
768.138400
768.653700
768.665700
769.020100
771.719800
771.910900
772.034400
772.595200
773.856800
774.334700
775.771200
776.774700
776.801300
777.024400
779.104300
779.687100
780.495300
780.967800
781.177400
784.222300
789.049300
789.100000
795.359400
795.374100
803.440500
803.778100
806.645500
809.172100
809.209400
817.041600
818.548500
819.240600
822.107700
824.457500
824.491800
828.648600
829.757600
836.958000
838.833500
838.921000
843.725400
843.943200
843.957800
843.982000
853.059900
854.473300
857.553300
857.618000
863.833500
863.863500
865.671000
876.506900
876.510900
876.514500
876.518000
876.521600
876.525000
876.528300
876.532000
876.535700
876.539500
876.543600
876.547400
876.551900
876.556800
876.561800
876.567200
876.572900
876.579300
876.588100
876.597900
876.607300
876.617200
876.632100
876.640100
876.656000
876.669200
876.685100
876.715300
877.064400
878.367800
879.576400
879.605400
879.997800
880.965000
881.911300
881.990500
884.017500
885.197900
887.530300
888.998600
899.176700
900.487000
907.194400
907.208400
907.223400
909.980300
910.659100
910.707600
910.755600
910.776300
916.419500
916.466900
925.618100
925.792100
931.849000
935.277000
942.834500
945.306000
950.902900
954.053400
955.441700
956.396000
956.719300
956.733900
965.078000
971.048500
981.191700
984.674000
984.696700
994.055000
996.709400
996.713400
996.716700
996.720300
996.723600
996.727100
996.730600
996.733900
996.737500
996.741300
996.745900
996.750500
996.756400
996.763800
996.775000
996.793300
997.137600
1001.292100
1013.964100
1025.266400
1027.061200
