spike times
0.313100
0.737900
0.763500
3.431700
4.301100
4.311100
4.329300
4.343800
4.349700
4.371800
7.156400
8.269000
10.863300
11.593600
11.606900
11.639200
12.638900
12.647800
12.669600
12.678900
15.454400
15.469400
17.146100
17.167800
17.193000
19.089200
19.099000
19.106600
19.113900
20.167600
20.300900
20.315300
21.518300
21.528200
21.543300
21.835600
23.688000
24.795700
26.611700
27.024100
27.981000
28.856100
28.872400
29.438200
30.106000
30.837200
30.846500
30.876100
32.402400
32.411700
32.435300
32.805300
36.111600
36.129900
37.342300
37.991200
38.001100
38.436800
39.600100
41.259900
41.330800
44.917900
45.925300
47.291700
48.709500
51.667200
51.683200
54.449900
56.027700
56.048400
58.124100
58.134800
59.076300
59.088100
59.101800
59.669900
59.687000
62.464500
67.331100
67.350800
67.367600
68.378400
68.824100
68.835400
70.793200
73.566600
74.029900
74.065100
76.990900
79.217700
83.029100
84.403200
85.768400
88.370000
88.382100
89.204800
89.214100
92.178100
98.508400
98.526800
99.657700
99.671500
99.682100
99.706900
99.742000
102.363000
105.157500
105.175500
105.205400
107.792600
109.206300
112.968100
113.859700
113.887900
113.900100
113.916200
117.589800
118.105600
120.854800
121.134600
121.147400
121.170200
123.007200
126.073300
126.914100
126.921000
127.219500
127.235200
129.404600
129.679100
130.283800
130.294700
131.943100
132.570900
132.992500
133.851100
133.858700
133.868500
133.888100
137.296000
140.075700
140.084900
140.703100
140.722300
142.339000
142.965800
142.976600
142.987800
149.420300
150.084100
150.090700
150.130100
150.137000
150.145300
150.153000
150.167400
150.176600
150.197700
150.208600
150.262900
150.271800
151.836400
151.849900
154.375100
154.388500
156.506100
156.513500
156.524500
156.804100
160.020700
160.049100
160.995100
161.530600
163.672800
165.718300
165.889800
166.543800
167.776900
168.607100
169.042100
169.916200
172.585300
174.602600
177.559900
177.878700
178.603500
178.612400
178.619400
178.654500
179.523000
181.855100
184.754700
184.781300
186.275500
186.288200
186.704100
186.718400
186.726000
193.883200
194.300900
195.743400
196.688200
196.697400
196.703500
196.714400
196.722100
203.289800
205.039800
210.078100
210.092300
215.574300
215.912100
216.173600
216.866600
216.886000
216.915900
216.938900
217.899000
218.137400
218.146300
221.665700
221.683000
224.407000
224.426100
225.533600
228.066200
230.572600
230.584300
230.653400
231.968600
231.978900
232.046600
235.157300
235.190900
235.206200
237.586900
241.773900
241.978300
244.084500
244.096100
244.106900
244.123500
246.068300
246.077500
246.096300
246.113800
246.871000
248.830800
248.847800
248.864300
249.153300
251.263000
251.275000
252.098600
252.106300
252.121100
253.951500
254.182300
254.199200
257.487900
257.498200
258.023800
258.484400
258.808200
260.676800
261.563800
261.574600
261.589000
262.111300
262.521900
265.425300
265.433600
267.763100
268.168800
268.985000
269.019700
269.946800
270.355100
270.362200
270.371300
270.380100
270.393500
270.402700
270.429300
270.439000
270.450300
270.553100
270.621800
270.629800
270.637200
270.648600
270.755000
270.931500
271.195300
271.237900
271.407900
271.451300
271.462600
271.768200
271.854900
271.869800
271.933900
271.947300
272.148700
272.199300
272.220400
272.639600
272.759800
273.395000
273.405700
273.419000
281.949500
282.213900
285.681000
285.799700
286.110600
286.117800
289.837100
289.857000
295.421500
295.441200
295.450800
295.477100
296.279000
297.796100
297.856700
298.502200
298.530800
302.201500
302.209100
302.216700
302.225400
302.239600
302.248600
302.923500
302.936100
303.740500
312.543000
314.709300
314.729900
316.665600
319.590200
322.580100
324.551800
326.844400
328.675700
329.367700
333.202700
333.210200
333.231300
334.944200
334.958000
339.312600
339.331900
340.060400
341.007500
342.380700
346.090200
346.101200
348.782300
350.727300
351.131300
351.145600
353.087600
353.748500
354.751000
361.491800
369.341000
369.355000
371.568200
371.580900
372.476700
372.484500
374.576800
374.586300
374.604900
374.612600
374.619800
375.914800
376.675000
376.683500
376.696400
376.705800
376.717300
378.614100
383.645300
383.785600
389.440800
389.456600
390.847800
392.279400
392.285900
392.291700
392.299000
392.304500
392.311000
392.325500
392.337600
393.443800
393.465400
398.457900
404.187800
404.210000
404.288000
423.644800
423.658900
425.377500
443.304800
451.939700
452.529900
452.543400
460.595200
465.381200
471.582000
473.974800
479.941000
479.953000
483.759900
483.776100
493.357100
501.910600
501.928800
501.953800
509.742900
512.306600
512.313000
512.318600
512.324800
512.331600
512.336500
512.341500
512.347200
512.354400
512.375400
512.408300
512.456600
512.464900
512.475200
512.485100
513.464600
519.613900
521.284300
521.296300
523.892500
523.906300
523.915400
523.926100
529.101700
529.121400
530.060700
530.074400
533.407600
534.869700
534.887900
536.099700
540.850800
540.874700
541.517900
542.311600
542.484600
542.509500
545.765900
545.786800
547.655100
549.154400
551.004800
551.251000
556.394700
562.247500
563.740800
574.387400
574.797500
574.814800
578.297600
578.306400
578.360100
579.022600
589.205100
592.596900
596.398000
596.631700
599.364100
609.664600
609.675600
609.692700
612.563400
613.225700
613.977800
613.987200
616.733500
621.350800
621.365800
621.378400
623.196000
631.413600
632.539700
632.553700
632.570700
632.582400
632.608100
632.617700
632.631700
632.644500
632.681900
632.787100
632.798800
632.804600
632.818700
632.832000
632.943400
633.067100
633.097500
633.186100
633.318700
633.676800
633.687500
633.698700
634.006400
634.024300
634.141900
634.151700
634.324100
634.358600
634.390300
634.401900
635.671200
635.679000
635.706000
636.223100
636.240100
636.334800
636.561900
636.567900
636.577000
636.597500
637.650800
637.662100
638.093800
638.104500
639.131500
639.141100
639.367100
640.977400
643.833900
643.844800
644.968700
644.976000
644.982500
644.993800
646.406800
649.833100
649.843000
649.862100
649.878300
653.734700
656.534200
660.904400
664.287500
664.301100
664.312900
664.899000
676.173400
676.972100
679.132400
684.683200
684.694200
684.707900
685.096800
689.999400
690.024400
691.744700
698.070600
698.074500
698.077700
698.081200
