spike times
13.424700
13.448900
22.230300
22.986500
23.042900
30.074200
30.085800
30.181800
33.015600
33.036700
33.061200
35.858900
44.636700
44.657200
44.666100
44.675700
54.409100
60.334200
61.661900
77.274200
77.333100
77.366000
79.914500
94.275900
94.288900
94.304800
97.753700
97.788200
99.114300
109.505100
110.996800
111.086100
135.668400
135.681300
143.294100
143.903800
143.919000
149.433100
150.084700
150.096300
150.106700
150.114200
150.121200
150.128400
150.137700
150.147200
150.162400
150.171800
150.344000
154.024500
154.036200
154.068500
155.796400
155.848400
155.871600
167.996900
168.050600
184.063300
184.798000
187.779900
201.307200
201.332100
201.351300
201.373200
205.787600
205.801800
205.818700
205.835000
215.605900
220.505500
236.460000
242.414400
243.685800
243.700400
265.717300
265.732500
270.312300
270.326300
270.337200
270.353600
270.369100
270.409300
270.424400
270.439900
270.446400
270.454000
270.461000
270.474700
270.514700
270.527900
270.585300
270.596200
270.624900
270.663300
270.672500
270.689600
270.708600
270.784700
270.857400
270.885100
270.897500
270.911900
270.932000
271.004900
271.014000
271.097600
271.107000
271.115400
271.133700
271.335800
271.348800
271.408200
271.488500
271.514600
271.545300
271.572100
271.610600
271.710900
271.730900
271.803400
271.813900
271.825700
271.837500
271.909300
272.241500
272.275900
272.290800
273.061300
273.090200
273.361200
278.861500
278.955000
281.555200
281.589000
290.350700
295.787200
296.316900
296.356900
296.425500
315.413900
315.431000
325.623900
327.967000
339.748500
341.036600
341.069000
343.609200
343.627900
351.158400
352.026700
354.873700
354.903900
354.919400
364.797300
364.839300
364.895700
364.959800
366.254600
366.287400
367.206600
373.533800
377.498700
386.054300
386.104200
392.302600
392.309400
392.328000
392.351400
392.366800
392.394300
393.475400
393.512500
394.516700
394.539900
394.552500
394.678800
395.212900
395.297500
410.898900
411.638600
423.802600
429.789800
429.803000
434.247100
434.261100
436.036800
436.061700
438.202300
439.230800
439.243300
471.525100
476.697600
476.719500
476.739700
478.685900
493.028100
493.042200
505.949500
508.568500
508.617000
512.304700
512.311100
512.317900
512.325100
512.332400
512.337500
512.344100
512.351100
512.357800
512.365600
512.376300
512.391300
512.402500
512.412200
512.421000
512.434300
512.442300
512.476100
512.538000
513.727500
513.740500
515.778800
515.800900
515.845200
517.129900
533.088100
534.309100
535.011500
544.956300
544.984200
555.006200
560.757200
561.399800
561.511600
568.040400
568.051500
568.062400
568.073300
568.085700
568.100900
568.144000
568.163900
568.191500
568.328400
593.912900
596.267400
599.544400
632.510700
632.516500
632.522700
632.528100
632.534400
632.540000
632.546300
632.552200
632.557500
632.565000
632.582000
632.602400
632.614100
632.624000
632.638100
632.648300
632.661000
632.709700
632.720100
632.737900
632.750000
632.766900
632.778700
632.812600
632.836300
632.846200
632.856000
632.915500
632.940400
632.968700
633.021500
633.079700
633.104400
633.140900
633.236700
633.247400
633.271100
633.278600
633.293600
633.330600
633.543000
633.559500
633.572200
633.637600
633.649400
633.681000
633.742900
633.763100
633.780700
633.826700
633.954200
633.970900
634.017200
634.068000
634.083900
634.098900
634.112400
634.190300
634.213100
634.301200
634.322000
634.371300
634.380400
634.388500
635.512700
635.524600
635.559300
635.571700
635.934500
635.946400
635.971900
636.337100
636.480800
636.533600
637.038800
637.340700
637.360300
666.371300
666.586300
666.675200
667.384000
667.412300
673.093000
673.153000
673.171700
688.592500
688.627400
688.705100
703.071400
703.096100
703.724600
703.745800
703.759500
705.761100
706.732800
706.747800
707.000400
708.592700
708.682900
716.589500
717.627800
745.635800
754.504300
754.509100
754.513400
754.517500
754.521600
754.525900
754.530300
754.534900
754.539700
754.545400
754.551000
754.560600
754.570800
754.632400
765.401500
765.424900
774.237500
774.431000
783.814300
783.827200
783.860800
790.500000
791.047100
799.819700
799.850700
807.234800
807.261100
811.926200
817.587900
818.764100
832.233200
851.302700
852.556500
852.572900
852.608800
855.555200
855.865400
866.750700
871.666400
871.781700
872.805100
872.868600
874.527500
874.531200
874.534600
874.537900
874.541200
874.544600
874.548000
874.551400
874.554800
874.558500
874.562300
874.566100
874.570000
874.574100
874.578200
874.582500
874.586500
874.591100
874.596500
874.601000
874.605900
874.610700
874.615700
874.621500
874.627800
874.633500
874.640000
874.645700
874.651900
874.657700
874.665500
874.672200
874.679700
874.690300
874.698800
874.711000
874.723900
874.756700
875.329000
875.347300
875.555200
875.565700
875.738300
876.134000
876.252000
876.547800
876.645900
876.686400
876.954000
876.971800
876.984800
877.005000
877.180700
877.192900
877.330600
877.347500
877.625800
877.673800
877.693400
878.293900
878.314400
878.708900
879.524600
881.759300
881.845100
883.044900
883.074400
883.086900
883.138200
883.411300
883.893400
883.906800
884.372100
887.353000
888.298000
889.037400
889.058100
890.817300
890.836100
894.058100
894.564400
894.581400
894.693700
894.770700
899.922700
899.938100
901.036400
901.579500
906.028100
911.783800
911.800400
911.915500
919.288500
923.652700
924.582400
937.645700
940.383500
940.406800
940.435000
950.334700
950.359700
950.385600
953.179600
954.846100
972.549900
972.613800
972.637300
975.419300
975.442000
980.701300
980.728200
980.772600
987.186400
987.304400
989.198300
992.302500
992.899600
994.731000
994.735100
994.738900
994.742600
994.746100
994.749400
994.752600
994.755800
994.759100
994.762500
994.765900
994.769500
994.773200
994.777300
994.781600
994.785800
994.789800
994.793800
994.798200
994.802900
994.807500
994.812100
994.817400
994.824500
994.829700
994.836000
994.841100
994.848100
994.853900
994.859800
994.868800
994.877200
994.885100
994.894800
994.903800
994.917000
994.928500
994.937200
994.948100
994.961300
994.978100
994.997200
995.017300
995.025600
995.035000
995.055700
995.088600
995.099500
995.108800
995.124100
995.139600
995.153200
995.168700
995.187500
995.206700
995.223600
995.246500
995.269100
995.280100
995.302600
995.317500
995.342100
995.353000
995.376600
995.402100
995.427100
995.442900
995.470500
995.485700
995.508600
995.531100
995.540900
995.554700
995.575600
995.586600
995.616300
995.626100
995.636500
995.651300
995.670800
995.698800
995.713400
995.736900
995.769000
995.783800
995.798600
995.813600
995.823800
995.844000
995.855400
995.887500
995.925600
995.934900
995.956000
995.971700
995.988800
996.013200
996.031200
996.053800
996.077200
996.090400
996.108500
996.138700
996.153900
996.168100
996.176600
996.205200
996.222700
996.241700
996.254900
996.271400
996.302600
996.318400
996.359500
996.374400
996.388500
996.402400
996.413600
996.429300
996.445200
996.457200
996.486700
996.499500
996.514400
996.541300
996.550900
996.602600
996.622000
996.635700
996.651600
996.663600
996.689700
996.703400
996.721100
997.289700
997.301100
997.599400
997.613300
997.720700
997.731300
997.747300
997.761500
997.965000
998.016700
998.141100
998.156000
998.171700
998.277700
998.298400
998.548900
998.569200
998.738100
998.851700
998.864200
998.991100
999.317800
999.335800
999.446400
999.456700
999.468800
999.493600
999.514400
999.525100
999.603800
999.737400
999.901900
999.980800
1000.290900
1000.499600
1000.846700
1000.944900
1000.954700
1000.986300
1001.010000
1001.081200
1001.091400
1001.122100
1001.137300
1001.809900
1001.819700
1001.905100
1001.912200
1002.111700
1002.240500
1002.255200
1002.266500
1002.280100
1002.924400
1002.935700
1002.963600
1002.978200
1003.819000
1003.827000
1003.837900
1003.862800
1003.992200
1004.624000
1004.645600
1005.196700
1005.443700
1005.553400
1005.714000
1005.839000
1005.958300
1006.773600
1006.882800
1006.901200
1006.925700
1007.219500
1007.404500
1007.432300
1008.414000
1008.434400
1008.555100
1008.646600
1008.691300
1009.252800
1009.437100
1009.682700
1010.038000
1010.068200
1010.463500
1010.599900
1010.873500
1011.171800
1011.182900
1011.199400
1011.244100
1011.294200
1011.628600
1012.122800
1012.319600
1012.905100
1012.998300
1013.008800
1013.027800
1013.246700
1013.874700
1013.891300
1014.361200
1015.445100
1015.480300
1015.889600
1017.689100
1018.203800
1018.238300
1018.584700
1018.970100
1020.698500
1020.953400
1021.581000
1021.596800
1023.392900
1023.407500
1023.692500
1024.481100
1024.583000
1025.458300
1026.640200
1026.685600
1026.705400
1027.354600
1027.467200
1028.203000
1028.676600
1029.242900
1030.035800
1030.051700
1031.889400
1032.359000
1032.371400
1032.397800
1034.192200
1034.204300
1034.214200
1034.301400
1034.312700
1034.345700
1035.694700
1035.708600
1037.674300
1037.844700
1037.884000
1037.903900
1039.123400
1039.252300
1040.203300
1040.220900
1041.609800
1041.630500
1042.080200
1042.745700
1043.549300
1044.160300
1044.507200
1044.794400
1046.576100
1047.808000
1047.867000
1050.084800
1050.105700
1050.124300
1050.390800
1050.410800
1050.422000
1050.790200
1051.042800
1051.057500
1051.123300
1052.061000
1052.085600
1052.102200
1052.119800
1052.492100
1052.511300
1054.893000
1056.044000
1056.060200
1056.073400
1056.082900
1057.057900
1057.355400
1057.654400
1057.993900
1058.756300
1058.771100
1058.814300
1058.908400
1059.256600
1060.692400
1060.724300
1060.944900
1060.968100
1061.179200
1062.387600
1063.207900
1064.316000
1064.475400
1065.183800
1066.854400
1067.337500
1067.723500
1068.440200
1068.583800
1068.595000
1069.007700
1069.735600
1071.677700
1071.905000
1072.167200
1072.825300
1073.449600
1073.476600
1074.366000
1075.994900
1076.288000
1077.248800
1077.270300
1077.381300
1077.401600
1079.330000
1079.796400
1079.916800
1082.411100
1082.783400
1082.803100
1082.816300
1082.847800
1082.873300
1082.905900
1084.596200
1084.612300
1084.625600
1084.646100
1084.898800
1086.477000
1086.546900
