spike times
6.511700
11.689400
11.699200
11.715800
14.115800
14.137200
14.149000
14.447500
19.314500
19.323400
19.336600
24.433000
29.438000
30.183800
30.452600
30.693900
30.847200
31.074100
31.085500
31.097400
31.326700
31.388200
31.398000
31.410100
31.498700
31.577100
31.813500
31.860100
32.024100
33.020100
33.035900
33.059600
33.082000
33.480300
33.494200
34.402400
34.409000
34.417200
36.235600
36.246500
37.780200
39.617600
41.345100
41.742100
43.099100
43.107700
43.134400
43.580200
47.007800
47.020900
47.036700
49.127700
49.135600
49.157000
51.982900
55.228200
57.418400
57.431600
57.442900
60.239600
71.616100
71.625600
79.000000
79.012200
81.822300
81.836900
81.858400
86.419600
86.607300
88.141800
89.419900
92.378300
92.388900
92.397700
92.551200
92.564300
94.475800
97.697300
102.291500
102.307300
104.223200
104.235200
105.067400
107.002800
107.104900
107.114400
107.857300
107.869400
107.881000
112.306200
114.082000
114.093900
114.346700
120.147300
120.173500
121.917200
121.929400
121.941000
123.416200
123.427700
123.436700
127.040300
127.070200
132.719700
135.678500
135.693100
135.699700
135.718500
139.145000
139.159400
142.791800
144.352200
144.389700
144.571600
144.586500
144.602500
145.011700
147.239300
147.419000
149.884600
150.611000
151.807900
152.091200
154.381800
159.271100
162.609500
163.818500
166.546000
166.554400
166.572900
166.755000
166.767400
166.787100
168.270900
168.785600
169.418900
170.813200
176.912100
176.930300
183.724900
183.734800
183.743400
185.258800
186.538100
186.552200
187.829700
187.843400
191.858400
191.885800
193.418200
193.428400
193.438400
195.186300
197.062900
197.071900
197.082400
197.101800
202.823900
203.684100
204.532600
204.541400
206.221300
207.080500
207.086900
207.094100
207.102500
207.109400
207.133700
207.281900
213.430800
214.660600
214.671500
214.682000
215.882900
217.108900
217.120300
217.309900
224.022500
224.054300
224.474900
224.486400
228.867900
228.899200
231.012600
231.107900
231.118500
231.130700
231.747100
231.761900
232.190600
234.545500
234.570700
235.127500
235.617200
235.640000
236.560100
236.665100
237.644200
239.013200
239.084400
240.790300
243.481700
245.274700
245.284400
246.649900
246.770100
250.208300
251.727500
256.156100
256.179600
256.634700
264.640500
264.902900
264.913600
266.487400
266.502100
266.825400
266.838700
266.874700
267.090300
267.185200
267.194000
269.547500
269.556000
270.286500
272.166500
272.173800
272.179500
272.188500
272.195000
272.201400
272.208200
273.321700
273.339200
274.331400
274.346100
275.074000
275.159600
275.168900
275.328200
275.337200
275.345600
275.357800
278.132900
278.158900
278.688800
278.721400
281.939800
288.256100
288.274600
296.471200
300.342000
301.293100
301.304800
302.136300
302.650300
305.481600
307.746800
307.753800
307.772200
308.677500
308.690600
308.709800
310.043300
311.785700
311.788300
311.790900
311.793300
311.803800
311.964000
311.979500
313.838800
313.844400
314.082600
314.085600
314.098200
314.205200
314.208200
314.278300
314.282200
314.294100
314.298000
314.301900
314.305400
314.497300
314.503400
314.506300
314.511400
314.682300
314.685900
314.689500
314.692900
314.695800
314.698600
314.701500
314.704400
314.710800
314.718700
314.727700
315.742600
315.755800
315.852300
315.856600
315.861100
315.865500
315.870800
316.258200
316.992200
316.995300
316.998700
317.003700
317.007800
317.011200
317.014900
317.019100
317.023000
317.026900
317.033700
317.102000
317.111200
317.116000
317.120900
317.125500
317.136500
317.146100
317.157000
317.171500
318.268500
319.721800
323.059600
323.077400
323.091700
323.314300
323.321000
323.332000
323.882100
323.984000
323.995200
324.004100
325.112000
325.142500
326.635700
326.640200
326.644800
326.650300
326.654100
326.661100
326.666400
326.675600
326.680000
326.684000
326.703300
326.720400
326.807200
326.814000
327.617800
327.723200
327.729800
327.739100
327.754700
328.043600
328.071300
328.244000
328.757700
328.823600
328.911700
328.921800
328.927700
329.580900
