spike times
5.010100
5.021000
5.049900
6.250200
8.324700
13.481500
16.130400
16.590100
16.649400
18.174900
18.188900
28.194500
28.206600
28.231900
28.409700
30.043100
30.048000
30.053800
30.060200
30.065600
30.070500
30.076300
30.082000
30.090100
30.097000
30.106200
30.131600
30.156700
30.171000
37.462600
37.474300
37.514800
37.531000
39.319300
44.571700
48.316600
48.331800
48.350300
60.635400
60.662000
60.728100
61.445300
69.196400
69.788200
73.298000
73.318300
73.345200
77.844900
77.892700
77.908200
81.165600
81.178700
81.189800
81.203800
81.220900
81.233900
88.061400
88.076900
88.260600
93.100500
98.051200
113.346700
113.367000
118.455900
124.258700
124.286200
125.319000
134.284800
138.587800
144.571700
150.072900
150.079100
150.085000
150.090500
150.096200
150.101200
150.106500
150.111300
150.116900
150.123000
150.129500
150.136200
150.142000
150.147800
150.154600
150.180200
150.192900
150.202400
150.229600
150.256200
150.297200
150.313000
150.322600
150.329000
150.338400
150.351400
150.362200
150.406300
150.441700
150.456200
150.501900
150.525700
150.562700
150.571500
150.633400
150.854300
150.861400
150.887300
150.896300
150.920400
150.951100
150.970500
150.983600
150.997300
151.156600
151.184400
151.194700
151.217900
151.228000
151.420600
151.440100
151.541100
151.550000
151.602500
151.651700
151.677000
151.693000
151.706300
151.834600
151.851400
151.859200
151.872900
151.989200
152.006800
152.016800
153.187800
154.052700
154.882700
154.901800
156.114400
156.130100
156.141500
156.155200
157.774300
159.594400
159.609900
160.705200
160.779300
161.612500
161.624400
163.232900
164.451100
165.781000
166.511500
166.534200
167.840900
168.044800
168.688500
170.735500
170.752600
176.302600
176.321300
176.930300
177.887500
177.914200
185.406400
188.488200
189.763600
189.774300
189.786900
189.813500
189.831700
193.601900
206.807600
206.821900
207.615800
207.708600
216.101400
216.129800
221.198700
221.211700
225.505100
225.523700
230.777900
230.801500
231.992300
232.001700
232.014100
232.027700
232.047800
232.058700
247.356600
247.392700
248.457600
248.484700
252.747800
252.764500
255.874100
255.888400
255.898900
256.516800
257.452800
259.108400
260.023300
264.272500
264.321700
264.338300
272.079500
272.086100
272.091100
272.096600
272.101900
272.108100
272.113400
272.118200
272.123600
272.130500
272.137100
272.144900
272.151300
272.158800
272.170300
272.179800
272.190700
272.208300
272.216300
272.390500
273.644300
273.662000
274.455900
278.629700
278.656800
283.167400
283.256200
285.540400
285.555700
288.357800
288.365800
288.384000
291.857200
292.182800
292.194700
292.206600
303.262100
303.688300
303.703200
310.288100
319.663600
322.541600
325.962700
326.006800
344.830700
344.845000
351.305500
371.603100
371.616600
374.532400
374.549300
377.036300
384.580700
384.620400
390.256300
390.301900
392.276800
392.281800
392.285900
392.290100
392.294300
392.299200
392.303300
392.307700
392.312100
392.316600
392.321100
392.328000
392.333600
392.342400
392.356600
392.365800
392.377200
392.661800
392.670300
400.637600
400.655100
400.712100
400.769500
401.050900
401.060500
409.636600
409.645700
409.987400
413.814000
417.849900
417.861400
417.884600
423.379200
423.394800
427.947300
428.445900
436.801100
441.057300
441.064600
441.073100
441.097500
446.660600
446.678500
456.078100
456.163900
461.807900
477.373200
482.803800
488.180000
488.204100
489.178800
489.187900
489.201600
495.108300
495.131000
502.148400
502.156700
502.189300
506.755600
506.767800
512.298000
512.302000
512.305800
512.309700
512.313400
512.317200
512.320800
512.324200
512.327400
512.330800
512.334400
512.338300
512.342100
512.345700
512.349300
512.352900
512.357000
512.361000
512.365300
512.370100
512.374900
512.380200
512.385500
512.390600
512.396400
512.402800
512.408500
512.415600
512.422200
512.429000
512.435500
512.441300
512.447500
512.454300
512.463700
512.476100
512.485400
512.496400
512.515000
512.527100
512.544200
512.562100
512.582100
512.598200
512.605900
512.647800
512.702700
512.715700
512.748400
512.759700
512.773600
512.798200
512.810400
512.827900
512.867200
512.879900
512.906600
512.918600
512.927700
512.998200
513.026300
513.035500
513.081800
513.112300
513.145400
513.190300
513.202500
513.238800
513.250500
513.259200
513.271200
513.329300
513.343200
513.469200
513.563600
513.573500
513.613300
513.645300
513.670900
513.765400
513.825900
513.845500
513.862000
513.869600
513.899200
513.917100
513.941400
514.021600
514.061200
514.076800
514.107500
514.120500
514.184800
514.195500
514.204700
514.235800
514.257900
514.887500
515.236700
515.250100
515.490500
515.809200
515.816100
516.433500
516.443900
516.459400
516.470400
516.574700
516.849400
517.423100
517.442600
517.452000
517.478200
518.127700
518.310700
518.662000
518.682600
518.691400
519.279400
519.292700
519.493200
519.507300
520.362600
521.002500
521.017300
521.414600
521.697500
521.716700
521.810500
521.830900
522.454300
522.478600
523.010000
523.041100
523.054100
523.076300
523.490400
524.209400
524.400800
524.412800
524.440100
524.755400
524.766600
524.775200
524.995200
526.348700
526.361500
526.858600
527.106600
528.634400
528.664900
528.954200
528.988400
529.134500
529.491100
530.242300
530.963100
530.974400
531.042200
531.367200
531.380600
531.419200
532.050600
532.070600
532.297400
532.641800
533.148400
533.160500
533.180300
533.452300
533.474600
534.849100
536.193800
536.385500
536.606500
538.111400
538.124500
538.138500
538.151800
538.164400
539.906900
539.916200
539.936700
539.946500
541.620200
541.629900
542.197500
542.225100
542.234900
542.247200
543.200700
544.037800
544.284400
544.306700
546.848200
546.856400
547.729900
547.759000
549.056500
549.087000
549.697400
549.706500
549.719800
549.741300
549.829900
550.263800
552.059100
552.069400
555.496000
555.505400
555.517300
558.827700
558.866600
560.055300
560.066700
560.079800
560.111100
560.565600
560.576300
561.034400
561.045000
561.054600
562.575500
562.591500
564.551600
564.566600
567.101700
567.125200
567.140100
567.372500
568.624600
568.897900
569.478800
574.920800
574.936600
574.964600
577.080400
577.115200
577.137000
577.154500
577.883600
578.224000
578.235600
580.345600
580.590100
581.272800
581.283900
581.296700
581.331800
582.432400
582.442900
582.452900
582.962200
582.980100
585.593200
585.634700
587.125400
587.137800
591.096500
591.112900
591.418400
592.203800
592.253400
598.046200
601.558800
601.579600
602.812900
602.845100
605.623000
605.635300
605.694500
605.715000
606.981900
607.773700
607.784600
610.145600
617.323000
621.075200
621.087200
622.927800
625.770000
625.781600
625.793700
625.839800
627.182700
627.193500
627.208500
627.222500
627.233100
627.251700
632.288500
632.634800
632.659900
633.038900
633.172300
634.299600
634.303900
634.308000
634.311700
634.315400
634.319100
634.322600
634.325900
634.328900
634.332000
634.335400
634.338700
634.342100
634.345400
634.349100
634.352600
634.356200
634.360200
634.364000
634.368200
634.372300
634.376300
634.380500
634.384700
634.389600
634.394000
634.399900
634.404900
634.409600
634.416300
634.421900
634.427200
634.432500
634.438400
634.445400
634.451600
634.458700
634.467200
634.473800
634.484000
634.490500
634.503000
635.039600
635.053800
636.389900
636.485200
637.101400
638.844000
638.858600
638.869200
638.951600
638.960100
638.969500
639.856800
639.864900
639.973900
641.948500
641.969600
642.171700
642.606700
642.626600
642.998500
643.017400
643.035300
643.078200
643.097800
644.409000
644.431200
645.515000
645.977000
647.425300
647.445100
647.461300
647.475000
648.373200
648.842800
648.944000
650.319400
650.360800
651.735300
652.081400
652.098000
652.108800
652.129100
657.483600
659.558000
659.868400
660.061400
661.483800
661.515600
664.288300
666.512700
668.264600
668.274100
668.289900
668.313700
668.383500
670.907600
671.605400
671.656600
678.225400
679.688300
679.696000
679.925500
681.470700
683.031300
683.044200
683.625800
685.783900
685.798200
691.484500
691.499100
691.582200
692.996700
698.222200
701.104900
701.116500
701.135900
704.183400
706.145100
706.166900
706.188500
711.239900
711.249000
711.262500
711.273200
711.286700
711.986300
711.997100
712.774400
712.786900
714.492800
718.954700
718.966500
718.979000
720.311700
720.326200
726.413000
726.422600
730.725100
730.753200
730.777000
731.250700
732.229300
732.237300
732.260300
732.270900
736.752600
743.342300
743.355200
746.764200
750.175900
750.189300
750.386600
751.253400
754.501500
754.505300
754.508700
754.511800
754.515000
754.518200
754.521300
754.524700
754.528100
754.531500
754.534800
754.538100
754.541600
754.545300
754.549300
754.553300
754.558300
754.562900
754.568100
754.574400
754.581300
754.588000
754.598700
754.612000
754.642400
755.522800
755.533500
756.162600
756.308700
756.317800
756.394200
760.365900
760.378200
760.986600
760.996000
761.009900
761.020400
765.036300
766.775100
770.642000
772.675300
772.688000
773.085000
773.098600
781.660100
782.192100
782.201400
786.510800
786.520500
786.550000
787.229800
787.243700
787.257200
789.562200
792.692000
792.705000
792.737700
792.755700
793.373600
794.986900
796.397700
796.406900
803.934200
803.975500
807.730900
810.300600
810.953400
810.968000
810.984900
812.292200
814.852500
814.866200
823.600400
823.656600
832.223300
836.875200
838.423600
838.435800
842.257100
843.858000
844.767100
852.942900
852.954800
853.785900
858.713100
859.302600
865.981500
868.575200
868.587000
868.611900
870.124500
870.178200
870.334500
870.343900
871.295400
871.335500
872.077400
874.525700
874.529000
874.531800
874.534700
874.537800
874.540600
874.543400
874.546200
874.548900
874.551800
874.554600
874.557500
874.560500
874.563200
874.566200
874.569400
874.572500
874.575700
874.578800
874.582100
874.585300
874.588900
874.592300
874.596000
874.599800
874.603600
874.607400
874.611500
874.615800
874.620300
874.624600
874.628900
874.633100
874.637700
874.642900
874.647100
874.652300
874.656600
874.662500
874.668200
874.673900
874.679900
874.685400
874.691000
874.696900
874.703300
874.709000
874.717400
874.724600
874.732200
874.740800
874.755400
874.762600
874.770800
874.780200
874.788900
874.802300
874.816800
874.827500
874.838700
874.855100
874.866000
874.881200
874.896200
874.913800
874.921300
874.936900
874.951200
874.972600
874.987300
875.006900
875.023800
875.043100
875.062000
875.074100
875.089600
875.101100
875.116200
875.129800
875.145300
875.165600
875.181600
875.210800
875.248200
875.263300
875.283600
875.308100
875.321800
875.340800
875.351600
875.369800
875.413000
875.462600
875.478600
875.488600
875.516100
875.528900
875.547000
875.590600
875.605300
875.656100
875.682600
875.709100
875.719900
875.782700
875.804200
875.832900
875.864800
875.942400
875.977400
875.998500
876.034500
876.083800
876.115600
876.209000
876.224800
876.253000
876.286000
876.365500
876.395000
876.411100
876.433100
876.481000
876.944400
877.002300
877.159200
877.197300
877.383000
877.428600
877.526200
877.687300
877.884400
877.892300
877.950500
878.113700
878.297700
878.351800
878.463500
878.477400
878.601200
878.802000
878.860700
878.952300
878.996200
879.023400
879.039600
879.276700
879.291000
879.318300
879.333000
879.551700
879.574400
879.617500
879.806300
879.969200
879.997300
880.095600
880.131400
880.167400
880.536700
880.678600
880.689200
880.855200
881.131800
881.145500
881.223300
881.332100
881.338500
881.358600
881.483200
881.627600
881.670300
881.751200
882.032000
882.227800
882.239100
882.294200
882.551000
882.558400
882.849800
882.860200
882.873900
882.984300
883.082500
883.186400
883.203500
883.214000
883.434100
883.476300
883.492900
883.718900
883.830300
884.157500
884.239800
884.258000
884.287100
884.591500
884.622700
884.736000
884.873500
885.215200
885.285200
885.320700
885.341100
885.437500
885.626200
885.746200
885.896700
886.038600
886.117200
886.156000
886.170800
886.205300
886.545700
886.690800
886.882400
887.251100
887.266200
887.341700
887.351100
887.525700
887.538100
887.603500
887.751200
887.864100
887.896200
888.003400
888.018600
888.143100
888.297600
888.576900
888.587100
888.604400
888.781900
888.979600
889.040600
889.101700
889.339000
889.931500
889.954100
890.153500
890.160900
890.170800
890.182600
890.564800
890.574500
890.641800
890.663200
890.883800
890.893300
891.196700
891.383600
891.513900
891.524500
891.547100
891.779000
892.025400
892.032100
892.264500
892.271900
892.346100
892.573000
892.728800
892.741900
892.783300
892.944100
892.950500
893.060600
893.110700
893.139800
893.478100
893.628700
893.638600
893.956400
894.020900
894.119300
894.138500
894.727200
894.739500
894.752700
894.954100
894.969100
894.976100
895.077400
895.478000
895.509000
895.687100
895.713300
896.007000
896.052700
896.207100
896.344300
896.524000
896.534800
896.925600
896.934400
897.008600
897.030400
897.041500
897.053700
897.310900
897.320700
897.339200
897.656900
897.735800
897.884300
897.961200
898.051900
898.239800
898.453400
898.515300
898.523500
898.639800
898.722500
898.749600
898.759900
899.039600
899.047700
899.062200
899.079800
899.218300
899.254500
899.788900
899.803700
899.816000
899.841800
899.893400
899.945900
899.957100
900.159600
900.418900
900.427400
900.438900
900.448200
900.645200
901.355900
901.435100
901.498400
901.510100
901.517300
901.527500
901.673000
902.293800
902.306500
902.322100
902.958100
902.974300
902.995100
903.033300
903.379000
903.399200
903.499900
903.677300
903.965000
903.975100
904.188000
904.204600
904.281700
904.291800
904.570500
904.633500
904.639600
904.651100
904.848900
904.989200
905.175800
905.185200
905.205300
905.228400
905.499200
905.571500
905.642100
905.652700
905.665300
905.850300
905.859000
905.868100
905.880800
905.974800
906.261500
906.269100
906.277400
906.291500
906.303000
906.315700
906.332100
906.896700
907.448900
907.609800
908.024100
908.188900
908.388700
908.447400
908.609200
908.882100
909.103500
909.113100
909.123800
909.136000
909.289800
909.308200
909.567600
909.584400
909.896500
910.146300
910.165300
910.175200
910.183800
910.200900
910.208800
910.276600
910.285200
910.799000
911.029700
911.349300
911.449000
911.567500
911.592800
912.050800
912.344400
913.021100
913.040300
913.056700
913.207600
913.215500
913.459800
913.471700
914.108300
914.118500
914.133100
914.539200
914.550300
914.565500
914.757500
914.768200
914.779100
914.788200
914.798900
914.877500
914.891300
915.000100
915.216400
915.225500
915.233700
915.241400
915.251600
915.405300
915.461300
915.874000
916.225300
916.573400
916.580400
916.589300
916.610000
916.626600
916.817500
917.094800
917.142600
917.156400
917.376900
917.392500
917.588600
917.782300
918.051800
918.061300
918.104500
918.322800
918.336300
918.408700
918.431700
918.571700
918.769500
918.781000
918.829100
919.221300
919.733800
919.750500
919.792300
920.179100
920.188500
920.263300
920.623100
920.648100
920.979700
921.197600
921.215600
921.238500
921.373900
921.794900
921.805900
921.846700
921.915300
922.172100
922.604700
922.612100
922.634500
922.852200
922.862600
923.127300
923.275900
923.283700
923.479500
923.498200
923.898700
923.908200
923.930700
923.942200
924.195300
924.245200
924.256400
924.403100
924.482500
924.597000
925.017300
925.272900
925.282600
925.374000
925.665300
925.679800
925.851900
925.889900
926.414500
926.423500
926.430700
926.449400
926.702700
926.871000
926.884100
927.143200
927.644000
927.802600
927.809900
927.819900
927.981800
927.992400
928.360500
928.377400
928.834000
928.842000
928.854100
928.963100
929.137800
929.147300
929.435700
929.447700
929.800000
929.950400
929.959300
929.968800
929.977900
929.987700
930.003400
930.062500
930.588300
930.757200
930.764800
930.773900
930.786700
930.793100
930.984900
931.304200
931.313200
931.325400
931.487100
931.505500
931.513700
931.941000
932.075900
932.086600
932.094800
932.344100
932.660200
932.746800
932.759400
932.810000
932.968200
933.394200
933.691600
933.706300
933.716300
933.763300
934.124800
934.155900
934.553400
934.566300
934.774700
935.059900
935.220100
935.289200
935.296800
935.307700
935.318200
935.332700
936.037700
936.069300
936.088800
936.216300
936.243600
936.353900
936.686900
936.888200
937.110900
937.284100
937.316700
937.445500
937.453400
937.471000
937.847200
937.878400
938.144700
938.415600
938.421400
938.432200
938.459100
938.470000
938.634000
938.643700
938.661600
938.996700
939.315200
939.329800
939.349200
939.362500
939.760600
939.807600
939.815700
939.830900
940.334600
940.594800
941.349100
941.433300
941.442400
942.142800
942.257500
942.593500
942.676100
942.779800
943.033600
943.494500
943.607600
943.918200
943.931000
943.942000
943.953000
943.998500
944.144400
944.680500
945.051800
945.072400
945.089600
945.138700
945.353300
945.371300
945.381800
945.473100
945.480300
945.489800
945.515900
945.782500
945.798900
946.236300
946.414500
946.427700
946.697100
946.934400
947.129000
947.173400
947.343000
947.352600
947.869400
947.907600
948.180900
948.393100
948.410800
948.693300
949.048200
949.457100
950.146700
950.487400
950.626600
950.637900
950.681000
951.093800
951.601400
951.616800
951.744100
951.751300
951.863600
951.876300
951.885700
952.133700
952.152700
952.616100
952.634400
952.789200
952.799000
952.807300
953.204800
953.214100
953.365900
953.376000
953.396300
953.549400
953.764300
953.773500
953.822300
954.032300
954.050800
954.428200
954.442900
954.451700
954.626200
954.643200
954.818100
954.931300
954.946400
955.142400
955.279900
955.290100
955.487700
955.498700
955.507900
956.554500
956.695400
956.708900
956.926200
956.938200
956.986600
957.377700
957.392600
957.403600
957.418000
957.684700
957.696400
957.709200
958.483100
958.493700
958.521600
958.530900
958.812800
958.824200
958.831900
958.840900
958.871700
959.077000
959.356100
959.420500
959.429800
959.667900
960.153900
960.162800
960.175000
960.357500
960.379200
960.691400
960.713100
960.842800
961.008400
961.026900
961.098800
961.183700
961.730800
961.741000
961.750300
961.757600
961.766400
961.777000
961.787700
961.803200
962.095900
962.112800
963.255600
963.270000
963.362900
963.376100
963.388000
963.998600
964.012500
964.025700
964.284100
964.299800
964.388400
964.400600
964.423300
965.063800
965.707600
965.825000
965.844100
966.878100
966.889200
966.910300
966.934400
967.217300
967.234800
967.272600
967.286200
967.503200
967.511100
967.526600
967.538800
967.992800
968.013900
968.050000
968.259200
968.320800
968.357900
968.677800
969.285400
969.295500
969.309000
969.321200
969.347400
969.838300
969.852000
969.889100
969.980100
970.349500
970.359200
970.410800
970.710800
970.721000
970.889600
971.074400
971.084800
971.181200
971.505800
971.530200
971.887500
972.030000
972.509500
972.531600
972.554500
972.683200
972.696400
972.940900
972.949300
973.267300
973.936000
974.331200
974.354400
974.385600
974.594200
974.605200
974.970400
974.990400
975.003100
975.073600
975.087000
975.155700
975.169500
976.033400
976.053400
976.236900
976.257700
976.269600
976.874800
977.017700
977.028900
977.040600
977.053800
977.066000
977.498000
977.811100
977.839300
978.284800
978.389300
978.403500
978.515900
978.530900
978.888500
978.897200
978.920500
979.979600
980.003600
980.323100
980.329500
980.352000
980.364500
980.460400
980.615300
980.990300
980.997500
981.006200
981.510500
981.903000
982.128600
982.153300
982.165000
982.178700
982.813000
982.854500
982.865400
983.202100
983.215500
983.927400
984.638800
985.026700
985.041400
985.070600
985.364200
985.373300
985.381500
985.439100
985.447600
985.459600
985.997800
986.036900
986.151000
986.164400
986.948100
987.047100
987.072600
987.284900
987.303900
987.571000
988.223000
988.252700
988.295900
988.310100
988.324500
988.897800
988.917200
988.946500
988.956100
988.971200
989.416400
989.699700
989.735800
989.757900
989.787600
989.801300
990.344500
990.354600
990.365700
990.380200
990.704300
990.714900
990.771600
990.942500
991.244300
991.254500
991.270100
992.342200
992.353000
992.364800
992.378100
992.794700
992.812700
992.823500
992.856500
993.205100
993.233700
993.402500
993.410900
993.419600
993.430700
993.470500
993.959700
993.967900
993.982400
994.000700
994.086300
994.802000
994.811100
994.824000
994.854100
995.823600
996.348400
996.361500
996.373200
996.382400
996.417400
996.527900
996.531200
996.534200
996.537100
996.539800
996.542500
996.545200
996.547800
996.550600
996.553400
996.556300
996.559200
996.562100
996.565000
996.568000
996.571000
996.574100
996.577300
996.580400
996.583700
996.587000
996.590200
996.593700
996.597200
996.601000
996.604600
996.608100
996.611900
996.615800
996.619600
996.623200
996.627400
996.631500
996.635900
996.639800
996.644100
996.648200
996.652900
996.657100
996.661400
996.666400
996.671200
996.676700
996.681500
996.687400
996.692300
996.698700
996.704300
996.710900
996.718600
996.723400
996.732600
996.741200
996.749400
996.761900
996.772600
997.227200
997.991300
998.277500
998.284900
998.292500
998.304200
998.738200
998.757200
998.775200
998.926100
999.408300
999.536400
999.545300
999.553000
999.819800
1000.111700
1000.152900
1000.159800
1000.296700
1000.471400
1000.484400
1000.980600
1001.003400
1001.163200
1001.193600
1001.600100
1001.750200
1002.014400
1002.069000
1002.077800
1002.293700
1002.304700
1002.578400
1003.367200
1003.434400
1003.452800
1003.465300
1003.477000
1003.780600
1003.789100
1003.972800
1005.028900
1005.039400
1005.053500
1005.061400
1005.543300
1005.552000
1005.883100
1006.346700
1006.356400
1006.554900
1007.163600
1007.182800
1007.194500
1008.183900
1008.192400
1008.413200
1008.677500
1008.850800
1008.864300
1008.881600
1009.116500
1009.405700
1009.886600
1009.923900
1009.938100
1010.478800
1010.848300
1010.880500
1010.894100
1011.410600
1011.704700
1011.929500
1011.941600
1011.951400
1012.547600
1012.864200
1012.878000
1012.982600
1013.158100
1013.589800
1013.600500
1013.683700
1014.519100
1014.973200
1015.115500
1015.315100
1015.332900
1015.372600
1015.383500
1015.395100
1015.790800
1015.815600
1016.075200
1016.084300
1016.091200
1016.099600
1016.139600
1016.289700
1016.435500
1017.676200
1017.707800
1018.047200
1018.248800
1018.267100
1018.277800
1018.576000
1018.586800
1018.597700
1018.614000
1019.092600
1019.299300
1019.307200
1019.632800
1019.643200
1019.869700
1020.506900
1021.247300
1021.272700
1021.427300
1021.443300
1021.708900
1022.963500
1023.184400
1023.423900
1023.434100
1023.660000
1023.668100
1024.265300
1024.506600
1025.126500
1025.391600
1025.430400
1026.479400
1027.055600
1028.177100
1028.425100
1028.434600
1028.455200
1028.470600
1028.712000
1028.829100
1029.166600
1029.179200
1029.335600
1029.470300
1029.482400
1030.168500
1030.401500
1030.536000
1030.545500
1030.566400
1030.868200
1030.880000
1031.867900
1031.874500
1031.896400
1032.441900
1034.029600
1034.044900
1034.092500
1034.861200
1035.176300
1035.186300
1035.198000
1035.208300
1036.425400
1036.514300
1036.522600
1036.565100
1037.547800
1038.024000
1039.366400
1039.383200
1039.633500
1039.906400
1039.924800
1039.963800
1039.979500
1040.034800
1040.295300
1040.900600
1040.909600
1040.945600
1041.176700
1041.201600
1041.502300
1041.953000
1042.087900
1042.095800
1042.791700
1042.801100
1042.810000
1042.822500
1042.856400
1042.874400
1042.926700
1042.936000
1043.957300
1044.901500
1045.339500
1045.537900
1045.568800
1045.590200
1045.604400
1045.617100
1046.729700
1046.740700
1046.747900
1046.762000
1046.899500
1046.912300
1047.790300
1047.797500
1047.809000
1048.394500
1048.654200
1048.661700
1048.669000
1048.679100
1049.722600
1049.756100
1050.835400
1050.967600
1050.985400
1051.006600
1051.021600
1051.032400
1051.042300
1051.062000
1051.121900
1051.790900
1052.315600
1052.324200
1053.172400
1053.189200
1053.505200
1053.516800
1054.262700
1054.659700
1054.817800
1054.833200
1055.205500
1055.213400
1055.221200
1055.235600
1055.520300
1056.004400
1056.023800
1056.272000
1056.487900
1056.494800
1056.507100
1057.353900
1057.645700
1057.672800
1058.204700
1058.301200
1059.654400
1060.823700
1060.836000
1060.937800
1061.820000
1061.834900
1061.848200
1062.524700
1062.530600
1062.540900
1062.547000
1062.645300
1062.665600
1063.042100
1063.594100
1064.292900
1064.321300
1064.335400
1064.350900
1064.362000
1064.372100
1064.381800
1064.788100
1064.794000
1064.800600
1064.956100
1065.746700
1065.767000
1065.797000
1066.515300
1066.711400
1066.719200
1066.736300
1066.747900
1067.353800
1068.016200
1068.023600
1068.040900
1068.056500
1068.208400
1068.670300
1069.023800
1069.035100
1069.804800
1069.895000
1070.535300
1070.741200
1071.348600
1072.357000
1073.022700
1073.411800
1075.218800
1075.226100
1075.245000
1075.739400
1076.199400
1076.536800
1076.647700
1077.096900
1077.119900
1077.133400
1077.417600
1078.884000
1081.555600
1081.644500
1081.929300
1081.962800
1081.975900
1083.447200
1084.187400
1084.195300
1084.217300
1084.426800
1084.849900
1084.869800
1084.882100
1084.890400
1084.899900
1084.922200
1084.948300
1085.682800
1086.283900
1086.301700
1086.310400
