spike times
8.679000
11.940000
29.201300
30.099300
30.212100
30.225100
120.114400
122.618600
123.138900
123.146600
123.155500
123.164400
123.174000
123.185600
123.203500
125.328600
133.828000
150.318000
150.326500
150.335100
150.346000
150.357900
150.374000
150.492200
150.505200
150.716800
150.755800
150.957400
151.067600
151.231200
151.392300
151.494000
151.585400
151.777800
151.792600
151.805000
151.890500
152.212400
152.234600
177.870000
181.469600
199.180200
229.740200
272.326900
284.521800
287.022000
320.220700
356.064400
356.076400
356.085100
356.095100
356.106200
356.122400
356.420000
356.636700
366.674600
392.280200
392.285900
392.292500
392.298400
392.303100
392.308300
392.313600
392.319600
392.326700
392.334500
392.341900
392.350500
392.359800
392.415400
392.443700
392.453600
393.415000
398.264500
398.283600
417.054400
458.283200
458.308800
458.324700
462.418400
462.430700
510.640300
512.481000
512.488700
512.495400
512.503600
512.510100
512.516500
512.521500
512.527700
512.534600
512.542300
512.551100
512.562700
512.597100
512.633500
512.646100
512.655700
512.729300
512.749200
512.773100
512.789500
512.799600
512.813900
512.884800
512.895000
512.969900
512.978500
512.988600
513.042500
513.077200
513.094900
513.190200
513.238700
513.315800
513.386800
513.429600
513.490100
513.497600
513.519300
513.621700
513.658800
513.666300
513.674800
513.703600
513.797700
513.807200
513.852500
513.896100
513.906600
513.990500
514.026200
514.111000
514.158200
514.211300
514.334900
514.352600
514.388800
514.420300
514.434200
515.839900
517.120100
517.133600
517.153300
517.426800
517.441500
518.444000
518.465900
518.734400
521.476800
524.598400
529.964300
532.911800
537.806100
542.836900
543.321500
544.630700
544.648500
558.368200
558.407700
564.713000
566.964100
579.461400
584.096800
584.109500
589.943900
594.270200
594.275500
594.281700
598.970600
603.193100
605.134100
613.007500
617.183300
634.478700
634.488100
634.495100
634.501700
634.511000
634.519600
634.531600
634.542700
634.690900
635.963700
635.986500
639.482800
646.406800
653.785400
653.800900
667.285400
677.790300
693.244800
694.670000
695.033100
696.575000
698.002400
698.016200
698.027400
698.042400
698.060400
699.395000
701.666100
702.309600
702.349100
703.797100
704.008600
705.331600
711.017100
711.028500
711.986100
712.158000
712.915800
712.941400
712.947600
725.678600
725.688100
752.102600
752.107900
754.510000
754.515100
754.518800
754.523100
754.527000
754.531300
754.535800
754.540100
754.544500
754.548700
754.553900
754.559900
754.566800
754.572900
754.579800
754.590500
754.598600
754.611400
754.622500
754.644900
754.663100
754.672000
754.683400
754.692600
755.265500
755.625600
755.639400
756.130000
760.322400
799.707000
803.876800
807.220200
836.836300
836.843100
849.747000
849.758900
849.775300
849.785300
869.205900
874.707700
874.711800
874.715600
874.719500
874.723100
874.726600
874.730200
874.734000
874.737500
874.741000
874.745200
874.749600
874.754300
874.759000
874.764200
874.770400
874.776500
874.783100
874.790100
874.798500
874.807600
874.816600
874.829900
874.842900
874.861900
874.876800
874.887300
874.898200
874.936000
874.947100
874.972300
874.983000
874.999700
875.027400
875.054000
875.066900
875.094900
875.105400
875.140800
875.164900
875.178400
875.190800
875.226300
875.251700
875.272500
875.282600
875.362800
875.408400
875.444200
875.455000
875.470900
875.485900
875.540600
875.550600
875.565000
875.585600
875.663200
875.685000
875.708600
875.740400
875.803300
875.831300
875.844000
875.886600
875.928000
875.939300
875.956600
876.032600
876.088600
876.108900
876.117200
876.143600
876.186000
876.236500
876.287600
876.320800
876.330400
876.340300
876.385900
876.450000
876.465100
876.524900
876.545600
876.635600
876.673200
876.686000
877.104700
877.598400
877.709900
877.732700
878.392200
878.989800
880.968000
890.248900
894.653200
895.525200
896.266200
897.173300
905.729200
905.745000
907.725500
907.747100
912.034600
916.811100
916.833700
920.584100
924.813700
925.338900
926.308400
926.530800
933.253700
933.827700
933.850300
936.985200
942.329800
943.287200
943.534400
946.742000
955.923100
960.296800
962.217900
967.540000
967.551600
970.362300
970.378900
976.239100
977.106200
979.472100
984.061100
988.685900
990.023700
991.972300
992.699200
996.710200
996.714400
996.717900
996.721600
996.725100
996.728900
996.732900
996.737100
996.741600
996.745700
996.750400
996.756100
996.760800
996.768000
996.778000
997.366500
998.770300
999.067400
1002.870400
1002.881000
1004.410900
1005.209900
1009.576400
1013.242300
1020.086200
1021.114800
1025.920600
1037.866400
1037.877900
1042.385900
1043.089300
1043.728200
1048.339000
1050.182700
1054.530300
1057.622300
1057.859800
1060.316000
1062.191700
1069.200100
1069.219200
1069.566100
1070.431000
1070.611000
1073.849900
1074.352900
1075.993400
1076.017100
1076.170700
1076.181900
1077.078900
1077.085400
1077.093800
1077.406100
1079.707400
1080.632400
1081.026700
1081.033300
1085.142700
1085.157300
1085.174700
