spike times
0.867500
0.896000
3.258000
3.268600
4.115500
4.496500
4.913200
4.946600
6.450300
6.466400
6.478200
6.507500
6.521800
6.630300
7.709700
8.606100
8.650300
10.995200
11.290100
12.898200
13.685800
13.997100
14.012500
14.598300
15.072100
18.138300
18.163500
19.083800
19.094700
19.769800
19.784000
20.313500
20.335600
20.416900
21.998500
22.588500
22.595400
22.606000
22.614500
22.628300
22.639400
24.096000
24.132100
24.140400
24.432900
25.041100
25.051500
26.249600
26.266200
27.507700
28.145000
28.155300
28.175200
28.524000
28.765800
28.784100
30.040100
30.057800
30.072800
30.148800
30.784800
32.200000
33.208200
33.228200
36.147300
36.162500
36.193700
37.870000
41.739600
41.767300
42.282100
42.295400
42.990900
43.695000
44.359600
45.062700
45.082400
45.093400
45.334200
46.159500
47.488000
48.904000
48.914100
49.072300
50.106600
52.132400
52.163100
54.584400
55.037600
56.127900
56.156200
56.163700
56.865900
57.413700
61.240800
61.266500
62.617200
62.725200
62.757800
64.844700
64.858400
64.871200
66.740400
67.641400
67.663000
67.809300
69.809100
72.379400
75.303800
76.310700
76.685000
77.464900
77.732900
77.744900
77.777400
78.363200
79.293200
79.784200
82.811800
85.855100
85.869000
86.085000
86.106400
89.574800
89.585900
89.649300
91.236100
92.198600
92.210000
95.420600
95.732100
96.526500
96.541000
98.197800
98.748600
100.821800
101.916800
101.930200
102.472100
102.525600
106.603500
106.953100
106.968500
108.199000
109.954800
109.984600
111.587500
111.602100
112.383200
112.546400
113.392100
113.404100
115.977400
119.015600
119.253400
120.510500
122.283900
122.293900
122.309300
122.668900
123.768700
126.360600
130.492800
130.505100
130.953900
133.440100
134.009600
134.957500
138.046600
138.060900
138.940000
139.835000
139.858800
143.815100
143.847200
144.501200
146.079600
147.494100
147.764500
148.735900
148.970200
148.989600
150.059300
150.064500
150.069100
150.074200
150.079300
150.084400
150.092900
150.100200
150.107700
150.119600
150.136500
150.153600
150.165500
150.181000
150.189700
150.199500
150.226900
150.233500
150.252700
151.009500
151.018500
151.050000
151.802600
152.993700
154.130300
155.203500
155.916000
155.931300
157.873600
157.903600
159.303100
159.663800
159.679600
160.651900
161.194900
161.202100
163.886400
163.899200
165.093900
166.146400
166.171600
167.198700
171.314100
172.595700
172.628600
177.932000
177.945700
178.660300
178.668600
178.679000
180.552200
180.583900
182.811300
184.910700
186.780800
186.843800
189.426700
190.418000
190.608500
197.486400
198.339000
201.901200
202.737900
203.998700
204.015800
204.871800
210.559300
211.321200
211.960500
211.984200
212.026200
214.035800
216.419000
216.428500
217.316400
217.342200
217.363000
219.937300
219.948700
221.798700
221.815600
222.084600
223.156200
224.211100
226.417500
233.038500
237.079400
238.744000
238.986200
241.143300
241.160300
242.333100
242.346000
246.284200
246.573700
248.174800
249.493800
249.512000
249.700200
250.895700
251.837200
256.637400
258.271000
259.280500
259.969600
260.571600
261.200800
261.211700
261.224300
261.237900
269.521500
269.614100
269.626400
270.265600
270.272700
270.281200
270.288300
270.295800
270.302400
270.307600
270.314700
270.325600
270.333400
270.347600
270.358400
270.370200
270.377800
270.444800
270.485900
270.492500
270.976600
271.011700
271.186900
271.214400
271.326500
271.334800
271.415900
271.422300
271.439000
271.698000
271.929000
271.936800
271.993800
272.016500
272.676900
272.849400
275.555000
276.686200
276.701800
278.196800
278.207200
279.753100
279.767500
279.785800
282.339600
283.042600
283.053700
283.062400
283.072400
285.399200
285.409200
285.424400
285.433800
287.979700
290.514500
292.452900
292.462800
292.500700
292.514200
298.728600
299.383500
299.773900
301.353400
301.362000
301.999900
305.311500
307.595300
309.412700
310.810600
312.466000
314.082000
314.095000
314.660300
314.772000
316.060300
316.674900
316.687000
317.098100
317.127500
319.907900
323.514900
328.974400
331.797800
331.807400
331.824600
333.955800
334.396500
335.116400
335.740500
339.063900
339.806000
339.820300
341.953600
346.677300
347.143300
347.485300
348.215900
350.411400
350.446300
351.177000
352.444200
357.045600
357.816400
360.225600
360.258300
360.627400
364.149600
366.029300
367.378900
367.390100
367.400300
367.407500
367.416800
367.949000
367.959900
368.235300
372.214000
372.229100
375.205600
375.214800
375.228200
378.772500
378.795900
