spike times
25.264000
25.325700
25.346600
30.045100
30.054900
30.061600
30.067600
30.074600
30.080100
30.086200
30.092600
30.114500
35.691100
35.830100
43.539200
51.414300
51.425900
100.920800
118.118300
127.353600
143.956900
144.035500
146.268900
150.073300
150.086100
150.092000
150.099800
150.105900
150.111700
150.117200
150.123900
150.130200
150.143300
150.150400
150.164100
150.175800
150.184500
150.196500
150.231000
212.580200
212.597500
218.732500
222.085000
222.093900
224.005900
225.368600
228.197800
232.619800
241.751000
241.756400
241.763000
241.769900
241.777800
241.784900
245.324200
269.286800
270.281900
270.289300
270.297500
270.303900
270.309400
270.316800
270.322900
270.329900
270.339100
270.348300
270.369000
270.386800
270.396800
270.421200
270.464900
270.477400
270.555400
270.588100
270.671100
270.684300
270.724200
270.733100
270.747400
270.766200
270.853800
270.869200
270.878800
270.943000
270.965300
270.984900
271.040300
271.051900
271.113400
271.130100
271.272700
271.282500
271.291500
271.332300
271.426800
271.547600
271.559800
271.709400
271.717200
271.731700
271.781700
271.794400
271.808400
271.836500
271.844700
271.933700
271.943400
271.951700
272.039700
272.056600
272.172700
272.202100
272.223600
272.240100
272.249400
272.760300
273.531100
279.057700
281.683700
281.719300
281.745500
285.393600
285.403000
317.166300
317.264600
317.348600
317.360500
317.407000
322.414100
328.291300
328.310000
337.572100
348.400700
350.794600
352.187900
354.689900
354.709800
354.754300
354.759700
354.769100
359.537300
363.500600
363.583300
363.591500
367.197600
381.901500
382.662900
384.235500
384.257000
392.297200
392.305700
392.316700
392.326500
392.341300
396.617200
423.597100
430.217500
447.287000
447.303000
458.480400
458.493700
458.523300
464.344200
469.329100
469.360100
482.854600
486.983300
487.130000
487.186200
493.740300
496.844400
508.902400
509.357100
512.333300
512.345600
512.352000
512.360600
512.367800
512.374900
512.381900
512.388600
512.396800
512.404900
512.420700
512.475900
512.493900
512.508000
514.277200
518.981100
519.149400
520.838500
521.285200
532.861500
532.899800
532.912900
533.155400
535.806400
536.449200
536.730100
541.200800
541.213100
541.773900
542.307900
542.350000
542.579400
542.591300
542.772200
544.360300
544.855000
544.866300
545.015100
546.416200
546.482700
549.950200
550.346100
552.213600
552.288800
556.928500
558.476500
561.849900
562.583700
565.147800
573.266100
573.523300
575.542000
579.887900
579.904200
588.730300
588.759200
588.859200
589.063800
600.277200
603.944800
607.271000
608.569600
609.388900
609.416700
609.700500
609.711600
611.960200
612.075900
612.089100
612.189300
612.210600
615.160200
615.989300
617.838400
623.152300
623.449400
623.846800
623.862800
623.881000
625.781900
625.809200
627.287400
628.014500
628.376300
628.509900
628.564900
628.582300
628.604800
629.725000
631.402000
631.455300
631.620700
632.156600
632.532300
632.548700
632.561000
632.567800
632.576600
632.585300
632.592400
632.605000
632.622300
632.686900
632.693500
632.703000
632.724400
632.857800
632.869300
632.911200
632.935000
632.982900
633.004600
633.028500
633.057000
633.072900
633.081600
633.130400
633.137400
633.211400
633.283700
633.407900
633.415200
633.421900
633.432900
633.463200
633.471600
633.614800
633.622900
633.634700
633.669100
633.687100
633.710300
633.797700
633.916800
633.959400
633.997800
634.248000
634.311900
634.517400
634.540500
634.562300
636.039600
636.479700
637.163000
637.173700
637.615800
640.491600
641.614000
642.003600
642.154200
642.225500
644.949300
647.993300
648.031700
648.267400
648.682200
648.767000
649.508800
650.222600
650.832100
651.009300
651.359400
651.623200
651.641200
652.202500
652.897600
653.801400
656.918000
658.410400
658.966500
658.987000
659.282200
661.761700
661.774800
661.859600
662.738600
662.910700
663.391000
663.416700
663.676900
663.842500
664.000300
664.167800
664.380700
664.512300
664.832000
664.904600
665.454700
666.042900
670.751200
671.196100
671.275200
671.454300
680.011100
685.916400
686.084700
686.112800
687.168800
689.457500
690.041000
690.141100
690.559200
690.833600
691.495600
696.472600
696.873100
697.390300
697.589000
698.369800
698.391900
698.951100
701.508600
702.943700
704.454500
706.372700
707.573700
707.864800
710.758000
710.772300
710.785300
719.318700
719.590100
720.746900
721.282200
721.442000
723.074400
723.642900
724.936200
724.969100
728.727700
730.655200
730.667500
730.696100
732.803400
738.691000
739.471700
743.105800
743.452700
743.583100
744.212700
745.630600
747.573200
748.090000
748.133500
748.188200
749.204700
749.463800
749.486500
749.696300
749.735800
749.752400
749.763700
752.426500
752.447300
754.534700
754.546600
754.556300
754.564200
754.573200
754.594400
754.644500
755.662100
755.914300
756.475100
757.239400
758.770200
759.023900
759.254500
759.544800
763.197100
763.220200
763.600800
763.610300
763.621400
763.635500
765.398500
765.424900
766.539000
766.548900
766.562700
766.584000
766.596200
766.760900
766.776500
766.805800
767.282300
768.138800
768.194000
768.297900
768.397100
769.455000
769.468400
769.482300
769.494300
769.510600
769.547800
769.986400
769.999900
770.012600
770.027700
770.361000
770.859800
770.954300
771.792900
771.931300
772.056500
774.144400
774.379900
774.398200
774.431900
774.835600
774.847900
774.874300
775.527900
775.652700
775.786000
775.806100
776.738500
776.752400
776.769300
776.784600
777.034300
777.047400
777.177400
777.691400
777.939900
779.342000
780.508500
780.727400
781.325000
781.452100
781.918000
782.000100
782.079700
782.092300
782.113000
782.138400
782.226500
782.262600
782.410700
782.423500
782.473700
782.608300
782.814800
782.830200
783.140300
783.759400
783.931200
783.941900
784.674100
785.315300
785.389400
785.411900
785.428600
785.541600
786.877000
786.899900
786.907900
786.920700
786.933400
786.943100
787.029100
787.041200
787.283500
787.430000
787.560900
787.857700
788.181900
788.373100
788.410300
789.031200
790.251900
790.317600
790.369700
790.446300
790.552100
790.651600
790.663400
790.697600
791.073900
791.089700
791.667100
792.732700
792.749900
792.761700
792.791800
793.396600
793.697300
793.731300
793.958800
801.469400
803.095500
803.419600
809.981500
809.993900
813.953900
813.996200
814.063000
814.912100
815.146500
815.457200
817.631200
817.733400
817.778600
817.968900
819.156700
819.205700
819.233000
821.104200
821.176400
821.396200
824.498300
824.882100
826.799000
828.116800
828.850600
828.877300
828.888900
828.901000
828.911400
828.942700
829.438100
830.659500
832.137200
832.176900
833.746700
835.609900
835.677900
835.685400
835.699600
836.167500
837.042600
838.080300
838.866100
839.315200
839.327800
839.353100
839.499000
839.511700
839.527900
840.468100
841.553700
841.582700
841.734100
841.886900
841.902400
841.921900
842.703200
842.746700
844.434500
846.248600
847.072700
849.450200
850.376600
850.490400
850.544700
850.561300
851.611100
851.897800
852.365900
853.297800
853.397600
853.832400
854.322400
854.338100
854.412600
855.445800
855.465400
859.164500
859.297600
862.625700
864.204900
865.417100
867.742700
867.891600
867.902600
868.523800
868.556000
868.825100
868.847400
868.875100
871.478100
871.491800
871.509700
871.555300
871.579000
871.780200
873.171100
873.719400
873.743600
874.051000
874.080600
874.566100
874.572800
874.579800
874.587300
874.592400
874.598200
874.604000
874.610000
874.616100
874.622500
874.630000
874.640900
874.653900
874.666100
874.675700
874.692000
874.717000
874.733900
874.746300
874.753300
874.764400
874.799000
874.813200
874.920900
875.002500
875.161300
875.296000
875.541300
876.155200
876.708800
877.291800
877.363900
877.420200
877.485500
879.026000
879.179900
880.329300
880.413000
880.434300
880.454600
880.503600
880.737900
880.776700
881.635800
884.717400
885.268500
885.284700
885.314000
885.575400
885.812600
886.857100
886.883600
886.936300
887.408800
887.994000
888.030400
888.045400
888.123000
888.278900
888.301000
888.635100
888.706400
888.736200
888.881400
888.982100
889.330100
889.431400
889.553700
889.587000
889.710500
889.735300
889.830400
889.858000
891.021600
891.041700
892.652900
893.483200
894.429800
894.442000
894.453400
894.466700
894.535500
895.020900
895.064000
895.117900
895.133100
895.192100
895.216800
895.257300
895.267800
895.766500
895.783400
896.260300
896.284000
896.588700
896.607000
896.654700
897.421200
897.444600
897.479700
898.864100
898.954100
899.196100
899.773900
900.089400
901.774900
902.580400
903.192300
904.035400
904.046900
904.394900
905.272200
905.288200
906.302500
906.350800
906.426000
906.437500
906.601400
906.619700
906.715800
907.109100
907.207400
907.933600
907.989500
908.250100
908.785300
909.131800
909.138600
909.171200
909.946800
910.053200
912.297000
913.257100
914.224600
914.875900
915.184300
915.878700
916.004500
916.568900
916.659700
918.815300
918.991900
919.633500
920.675100
920.887100
920.920000
921.391600
924.363100
924.827700
925.892400
925.907300
926.800500
927.292900
927.536600
927.629300
927.831900
927.915300
928.677300
930.756300
930.805700
932.436100
933.326100
933.419800
933.505500
933.873100
933.894800
933.966400
934.133700
934.676400
935.780100
935.830800
936.170800
936.450900
937.497200
937.637000
937.804200
938.124600
938.380300
938.437100
938.708300
938.963000
939.751700
939.960200
939.983200
941.804100
944.619800
945.506500
945.596100
945.763500
946.389100
946.407400
946.716300
946.861100
946.935400
948.393300
948.855600
950.203200
951.155000
951.183400
952.602000
952.880400
952.886400
952.892400
954.399400
954.419600
955.041700
955.065000
955.099800
955.755600
956.638900
956.681200
956.746600
957.948400
958.920100
959.712600
959.732500
959.771100
960.046800
961.009500
961.847800
961.870500
962.411300
962.788900
962.819000
962.876800
964.293200
965.713300
969.237800
970.091500
976.033900
977.666900
978.446600
978.541900
981.975100
983.008800
984.010100
984.077800
984.514700
985.139800
985.153500
985.813300
985.905600
985.953800
987.793900
987.874900
989.127300
989.335100
989.869700
989.937400
990.982000
991.615600
992.708500
993.623400
994.850600
994.860200
994.870300
994.878000
994.885400
994.890700
994.896700
994.903600
994.913100
994.922500
994.952400
994.961200
994.988100
995.002900
995.014100
995.034300
995.072700
995.096200
995.110700
995.128500
995.145300
995.161100
995.193500
995.205300
995.216700
995.233300
995.246900
995.274500
995.297200
995.308600
995.325000
995.343700
995.357300
995.381600
995.405300
995.419500
995.427900
995.447600
995.456000
995.472900
995.486600
995.498200
995.532600
995.548800
995.564500
995.578300
995.607000
995.630500
995.653100
995.662900
995.675500
995.702600
995.712200
995.733100
995.746700
995.760200
995.772000
995.785300
995.795500
995.807700
995.844100
995.862200
995.870700
995.884200
995.900400
995.909100
995.925900
995.936900
995.949300
995.960600
995.973900
996.008000
996.016500
996.029700
996.040300
996.056000
996.064100
996.092200
996.109200
996.125600
996.149400
996.159600
996.168300
996.177400
996.185300
996.222500
996.232700
996.246700
996.259000
996.291700
996.304200
996.315500
996.334700
996.344400
996.363600
996.375500
996.387700
996.405700
996.418400
996.428300
996.466700
996.479600
996.497900
996.521900
996.537500
996.548200
996.566800
996.584600
996.595000
996.617300
996.646200
996.652600
996.665800
996.681100
996.692700
996.735200
996.750400
996.771000
996.785600
996.807000
996.818000
996.835200
996.855200
996.866100
996.880200
996.900500
996.913500
996.924800
996.945200
996.986400
997.014500
997.021800
997.058800
997.093200
997.104700
997.113800
997.155000
997.176200
997.215900
997.234100
997.246000
997.278200
997.318700
997.350500
997.363500
997.404300
997.426300
997.452000
997.468900
997.514500
997.534700
997.550800
997.581500
997.637300
997.648800
997.660200
997.677900
997.698900
997.728300
997.805100
997.839600
997.848300
997.896000
997.951400
997.977300
998.032000
998.089600
998.122000
998.134600
998.269700
998.308000
998.321900
998.335900
998.374600
998.453500
998.485100
998.595300
998.630600
998.640200
998.684500
998.741500
998.781400
998.804200
998.859600
998.915800
998.942100
999.069500
999.110400
999.126000
999.267100
999.326300
999.402200
999.460000
999.483700
999.702300
999.734900
999.919300
999.944000
1000.047000
1000.152000
1000.237200
1000.273000
1000.296100
1000.522800
1000.618600
1000.635200
1001.009300
1001.064000
1001.252000
1001.314400
1001.322900
1001.337900
1001.346900
1001.410000
1001.469400
1001.521500
1001.527700
1001.569300
1001.753500
1001.873700
1001.883700
1002.132700
1002.169200
1002.364300
1002.387600
1002.443400
1002.467200
1002.545200
1002.750000
1003.023900
1003.035200
1003.062200
1003.105400
1003.192500
1003.222500
1003.359400
1003.430100
1003.443400
1003.874800
1003.901100
1004.173500
1004.252200
1004.648700
1004.657800
1004.924900
1004.944500
1005.018800
1005.044800
1005.247100
1005.554200
1005.626500
1005.680400
1005.718600
1005.742300
1005.757200
1005.818600
1005.897000
1005.944500
1005.952300
1006.143200
1006.261500
1006.277800
1006.340700
1006.408700
1006.639400
1006.657700
1006.671600
1007.074000
1007.305800
1007.328300
1007.438000
1007.779900
1007.826700
1007.842600
1008.117000
1008.386900
1008.407100
1008.420200
1008.796200
1009.367000
1009.668200
1009.796700
1009.811600
1009.832600
1009.881500
1010.641400
1011.140900
1011.171300
1011.287500
1011.637500
1011.680200
1011.744600
1011.907500
1011.959400
1012.514700
1012.661700
1013.297800
1013.429000
1014.406100
1014.471000
1015.011800
1015.383800
1015.457800
1016.656000
1016.671000
1016.761300
1016.819800
1016.901700
1016.966900
1017.264400
1018.154800
1018.726800
1018.765400
1018.841500
1019.785700
1020.251000
1020.567200
1020.582600
1020.606200
1021.029700
1021.133600
1021.478700
1021.490400
1021.856400
1022.032400
1022.461800
1023.194600
1023.233600
1023.293900
1023.839600
1023.866200
1023.891500
1024.140900
1024.346300
1024.434500
1024.775900
1024.878400
1025.077400
1025.095800
1025.272400
1025.470900
1025.486500
1025.571800
1025.631200
1025.662900
1025.960600
1026.030900
1026.080900
1026.490300
1026.600200
1027.082900
1027.122100
1027.248600
1027.304400
1027.381000
1028.018500
1028.198100
1028.217600
1029.721700
1029.914100
1030.208700
1030.871000
1030.912200
1030.934000
1031.156700
1031.547700
1031.729800
1031.827800
1032.068800
1032.412900
1032.617400
1032.912300
1032.985500
1033.504000
1033.516600
1033.786600
1034.494600
1035.529400
1035.615400
1036.277100
1036.349600
1036.479900
1036.506600
1036.846000
1037.831800
1039.026200
1039.060300
1039.220900
1039.233800
1039.361300
1039.450200
1039.823600
1039.891600
1040.068100
1040.924800
1040.950700
1040.969300
1040.985500
1041.003800
1041.053400
1041.084900
1041.385900
1041.491200
1041.587900
1042.151200
1042.391100
1042.437700
1042.444200
1043.791400
1044.593700
1044.679600
1044.713800
1044.731200
1044.776400
1045.112200
1046.406200
1046.950500
1046.971200
1046.997200
1047.638200
1048.599100
1048.626400
1048.935200
1048.947900
1049.418200
1049.451300
1049.467300
1049.607800
1049.733500
1050.428800
1050.497000
1050.864300
1050.901800
1050.955200
1051.171900
1051.253500
1052.299300
1052.583300
1052.781600
1052.897600
1052.948500
1053.081400
1053.190300
1053.454900
1053.484600
1053.518700
1053.656800
1053.805500
1053.881900
1054.035100
1054.048100
1054.059800
1054.414700
1054.913500
1055.509900
1055.525800
1055.540000
1055.557100
1057.167500
1058.636900
1058.651200
1058.704800
1059.496400
1059.879600
1059.933500
1059.972100
1060.020900
1060.989600
1061.294900
1061.602000
1061.614800
1061.683200
1062.446600
1062.486500
1062.560600
1062.599400
1062.755100
1062.783900
1062.928800
1062.975100
1063.056700
1064.136300
1064.168000
1065.036800
1065.278100
1065.300200
1065.399000
1065.601900
1065.875800
1069.018100
1069.395500
1070.864700
1072.365500
1072.382300
1072.464200
1072.832200
1073.195500
1074.214800
1075.285300
1075.329700
1076.091100
1076.131900
1076.142200
1076.165000
1076.173000
1076.362500
1077.266700
1077.955400
1077.975600
1079.328700
1079.826800
1079.865200
1080.046600
1080.278700
1080.288000
1080.463400
1080.777000
1081.218000
1081.274800
1081.541800
1081.693900
1082.285700
1083.237700
1083.405100
1083.872000
1085.799500
1085.835600
1085.879200
1085.952400
1086.068500
