spike times
17.410100
29.503400
30.123100
30.131400
30.146600
30.153900
30.162700
30.171000
30.180600
30.189200
30.200900
30.892900
51.453400
51.467400
54.462100
54.475400
54.734100
56.091100
56.102200
56.530100
58.139000
58.272000
58.285600
58.482300
58.962400
60.131700
85.075200
93.999600
102.682400
109.878500
110.382400
113.786000
113.800500
129.197000
135.718100
150.256500
150.278000
150.297800
155.638300
157.325700
157.342800
165.674300
170.376900
170.409800
175.296200
176.041800
203.795000
222.121200
227.278100
228.074500
246.633800
255.258500
261.394600
261.676400
270.296500
270.315500
270.325900
270.332100
270.340500
270.347500
270.353800
270.362100
270.374000
270.424800
270.447100
270.466200
270.473300
270.533800
270.542500
270.661600
270.669900
270.678200
270.771600
270.809300
270.818000
270.825500
270.849800
270.857500
270.866900
270.887800
270.895800
270.949100
270.959600
270.972000
271.032500
271.040700
271.069900
271.108800
271.125000
271.197300
271.205000
271.324600
271.357300
271.381400
271.476800
271.504300
271.510500
271.540200
271.546600
271.559400
271.567400
271.583100
271.700100
271.762900
271.774400
271.886300
271.903500
271.914600
272.024500
272.052400
272.064700
272.085500
272.098300
272.109800
272.282900
272.562500
272.571500
273.299200
273.319700
273.344500
273.545300
275.488800
275.530500
276.639100
283.253800
284.012500
284.314300
305.002000
305.018200
305.045400
305.065100
315.755600
323.997400
330.037900
332.039000
336.425900
336.442200
336.455900
337.014500
338.830500
340.615500
340.633800
340.649700
340.681000
342.467300
342.484000
345.700600
345.712700
345.727700
345.747800
347.080300
352.858500
354.297500
354.389000
356.571700
356.592800
356.642700
358.438800
359.266200
359.299600
370.493300
370.506500
370.518300
370.530700
372.703100
372.716700
372.732200
383.134000
383.233400
385.733700
392.275600
392.280300
392.284700
392.288300
392.292200
392.295800
392.299300
392.303300
392.307000
392.310900
392.314800
392.318900
392.322600
392.326400
392.330700
392.334800
392.339200
392.344600
392.349900
392.355700
392.361000
392.366200
392.371400
392.377300
392.384200
392.391700
392.399300
392.405700
392.413300
392.421500
392.432600
392.462800
392.476400
392.490700
392.616800
393.217900
393.226500
393.243500
394.200900
394.704400
394.778300
395.684300
395.696600
397.291600
397.303900
399.865400
399.889700
400.242300
402.315200
403.964800
406.568400
407.209400
407.227600
409.058200
409.079100
411.038600
411.075500
414.796500
414.872200
415.234600
417.772600
417.780700
417.795600
418.107500
418.121200
421.098200
427.588400
436.079500
436.091800
436.110800
445.906800
450.417400
452.276000
452.299400
452.328700
457.973400
457.986900
458.437800
459.013900
459.130500
460.394800
461.070800
462.864800
463.408300
463.801500
463.823800
464.144500
465.113400
465.141500
465.725800
465.759000
466.648600
467.472100
468.003600
469.463500
470.483700
470.739800
472.677100
474.076700
474.871400
477.110400
477.120200
477.130600
477.140300
477.154000
477.310800
477.343500
477.451900
477.645900
483.157100
483.199900
483.222900
484.363700
484.864100
484.890300
485.606400
487.682000
489.314700
490.060100
490.353500
491.088700
493.003200
494.923100
495.150700
497.308000
497.701200
499.944500
501.482300
501.803800
502.030700
502.052000
503.926500
506.689200
506.699300
507.602000
507.704400
508.313700
509.175100
509.398500
509.413300
510.084500
510.092900
510.101600
510.113800
511.092000
511.110300
511.125900
511.290800
512.477600
512.482600
512.487200
512.496500
512.501200
512.505600
512.510000
512.515500
512.520800
512.527900
512.586400
512.596600
512.761300
513.860100
516.560900
517.173800
518.188100
518.336300
519.743000
523.398500
524.514100
525.736000
526.177700
529.254900
529.287100
534.786200
535.510300
536.616900
539.966800
542.381300
548.086000
549.041000
550.265100
550.281300
550.453000
551.241300
553.062300
553.769200
556.703600
557.912700
558.046700
560.242100
560.263700
562.471600
562.884200
563.067900
563.560600
563.576300
568.931600
573.357200
573.373800
576.400800
581.569200
581.597300
582.973500
582.996600
583.004900
583.014900
583.023700
584.093800
584.938900
586.462700
588.277600
590.297900
590.304800
594.436500
596.286200
596.815800
596.937300
597.546900
597.783800
598.587800
598.625700
599.005500
600.056100
601.181000
601.282400
601.933200
602.182600
603.606800
603.627100
604.612900
605.754600
605.767500
607.624100
607.662500
608.466300
609.273400
613.384700
613.865000
614.946100
615.153300
618.525200
622.654100
624.297800
624.309500
624.362600
627.247200
632.504700
632.509000
632.512900
632.516700
632.520400
632.523900
632.527400
632.530700
632.534000
632.537200
632.540600
632.543900
632.547900
632.551600
632.555300
632.559400
632.563400
632.567600
632.571900
632.576400
632.581100
632.585900
632.590600
632.596200
632.602200
632.608500
632.613700
632.621400
632.627700
632.634600
632.639600
632.647800
632.655600
632.663000
632.671100
632.679100
632.685200
632.692200
632.700000
632.709300
632.719700
632.727800
632.737900
632.744900
632.760700
632.770600
632.777600
632.787000
632.796300
632.813300
632.820200
632.832500
632.840000
632.847700
632.858900
632.872200
632.881700
632.896500
632.907900
632.920700
632.938300
632.956200
632.982100
632.992600
633.010000
633.019800
633.037200
633.047200
633.070500
633.079800
633.088900
633.101700
633.114600
633.124400
633.137100
633.146000
633.159000
633.192900
633.204300
633.230100
633.256800
633.274400
633.285000
633.299400
633.318200
633.341500
633.350300
633.357100
633.374100
633.388400
633.406400
633.428100
633.439600
633.452700
633.467600
633.480200
633.492800
633.518900
633.533700
633.546000
633.558400
633.577800
633.588000
633.608700
633.629500
633.636400
633.649000
633.681300
633.695900
633.715600
633.732300
633.781700
633.791100
633.803200
633.819300
633.831600
633.842500
633.853500
633.885600
633.901000
633.921600
633.936300
633.977300
633.991300
634.013600
634.026000
634.035000
634.049100
634.063400
634.077600
634.095200
634.140400
634.157800
634.166600
634.186000
634.222100
634.251200
634.267700
634.280700
634.290200
634.308400
634.317500
634.351300
634.399900
634.439800
634.457500
634.533300
634.540400
634.549900
634.561200
634.924600
634.989500
635.003700
635.014300
635.031900
635.093700
635.110100
635.264200
635.546000
635.566300
635.586200
635.884200
635.902700
635.952800
635.967100
635.993300
636.237900
636.246700
636.256200
636.507700
636.556800
636.569100
636.579100
636.604200
636.776500
636.791400
636.801000
637.260200
637.268200
637.276400
637.289900
637.297600
637.423000
637.547000
637.577400
637.973400
637.995400
638.260200
638.451700
638.557000
638.755700
638.941600
638.960500
639.135500
639.151700
639.835900
639.975000
640.202200
640.923200
640.944900
641.064600
641.078100
641.200300
641.882700
642.672400
642.702700
642.785400
642.989700
643.242300
643.594500
643.619100
643.633000
643.650600
644.148000
644.549800
644.562300
644.576100
644.847500
644.996300
645.670900
645.681600
645.702400
646.415100
646.423600
646.454700
646.892200
647.170800
647.473200
647.921500
647.938800
648.652300
648.680300
648.795800
648.807900
649.543700
649.816100
650.628400
650.841200
650.868900
651.448900
651.461800
651.730200
651.742800
652.521200
652.625800
653.643400
654.277500
654.307300
654.708800
654.894700
654.905900
655.136600
655.254100
655.376800
655.706500
655.726100
656.458500
656.729500
657.724800
658.300500
658.312000
658.329400
658.714700
659.354000
659.602300
660.152900
661.310000
661.362500
661.877000
662.043600
662.684600
663.047400
663.061400
663.130800
663.140300
663.442800
663.453000
663.464900
663.872100
664.130700
664.523600
665.158300
665.402000
665.423700
665.645500
665.865700
667.030600
667.543100
668.221400
668.239200
668.256800
668.285600
668.320600
668.495800
668.979000
669.003400
669.162300
669.407700
670.805800
672.137000
672.151200
672.198200
672.530000
672.865600
673.565600
673.799200
673.992700
674.002000
674.400100
674.410900
674.909200
674.923600
675.353600
675.361100
675.368400
675.379500
675.615500
675.719600
675.944100
676.748000
676.793800
676.903300
677.147900
677.345600
677.444200
677.532700
677.553500
678.263500
678.272100
678.992000
679.046500
679.148400
679.408800
679.424000
679.593000
680.032600
680.587500
680.609900
680.625300
680.661100
680.675200
681.096100
681.105500
681.149700
681.381400
681.473600
682.109500
682.359200
682.472500
683.148400
683.391300
683.404600
683.956300
684.024200
684.035100
684.043400
684.229900
684.288300
684.622100
684.863200
684.888800
685.328600
685.380100
685.625300
686.340900
686.592400
686.600100
686.608200
686.623300
686.880100
687.435000
687.594600
687.997500
688.040200
688.448700
688.463600
689.356500
689.371900
689.511000
690.327200
690.341700
690.381100
690.482100
690.724700
691.423700
691.818200
692.113400
692.139300
693.069200
693.436600
693.976900
694.472000
694.484000
694.554900
695.560600
695.923500
697.088100
697.103200
698.156800
699.442900
699.824800
700.854800
700.879300
701.888100
702.360200
703.289900
704.294500
705.185400
705.194300
705.204900
705.214200
705.566700
707.055600
707.073200
707.318600
707.417200
707.486600
707.842500
708.178600
709.751700
709.867200
710.059300
711.623600
712.099500
712.872300
714.291200
714.595400
714.607700
714.627500
714.657300
715.911400
716.023600
716.048700
716.060400
716.751100
717.123700
718.084400
719.129100
719.140600
719.160500
719.171000
719.763400
720.863600
721.422700
723.013900
724.645200
724.653600
724.660400
724.669500
724.686700
724.805400
725.042700
725.482300
725.497700
726.298200
727.560600
727.576900
727.596300
728.194700
728.537900
728.554200
728.693500
728.735400
728.783500
728.790000
728.930800
728.940500
729.498400
729.538600
729.705400
729.720600
729.733600
730.600500
730.903400
731.337700
731.354800
731.904500
731.916700
732.507800
732.526600
732.560800
733.774300
733.790600
733.808200
733.823900
734.259200
734.269700
734.828800
735.223000
735.621600
735.635500
736.263900
736.565200
736.949300
737.106300
737.432300
739.638400
740.003700
740.162700
740.641400
740.654300
740.662900
740.675800
740.781100
740.792500
741.744300
742.187100
742.200700
742.229900
742.237900
742.386500
743.326600
743.337100
743.978600
744.205900
744.217300
744.710700
745.095900
745.134900
745.238100
745.270000
745.682200
746.051800
746.807800
748.610800
748.649800
748.662800
748.694200
749.045400
749.067900
750.104600
750.130600
750.154600
750.175200
750.720100
750.835000
750.844700
752.016200
752.528500
752.534400
753.258100
753.579000
753.587200
753.598100
753.998500
754.501200
754.505100
754.508700
754.512100
754.515300
754.518300
754.521100
754.523900
754.526800
754.529700
754.532600
754.535800
754.539000
754.542100
754.545700
754.549300
754.552700
754.556200
754.560000
754.564000
754.568100
754.572300
754.576500
754.580900
754.585400
754.590300
754.595400
754.600600
754.605800
754.610600
754.615700
754.621700
754.627000
754.631900
754.638000
754.643000
754.648600
754.654100
754.659500
754.664800
754.670900
754.676800
754.682400
754.696200
754.705000
754.718200
754.726400
754.737100
754.746200
754.756000
754.795200
754.818000
755.086800
755.231500
755.246400
755.296500
755.338800
755.394500
755.410600
755.651000
755.722800
755.753700
755.861700
755.879800
756.209600
756.764500
756.774800
756.787800
756.799600
756.807500
756.969500
757.123800
757.282100
757.561100
757.697500
758.084700
758.362900
758.379800
758.635900
758.759300
758.916500
759.173700
759.687800
760.086100
760.611300
760.639000
762.398700
762.408800
762.420900
762.537900
762.554200
762.564700
762.911500
762.939700
763.436000
764.714100
764.797500
765.396100
765.755700
765.763900
765.778500
766.042900
766.060800
766.113900
766.351400
766.449300
766.652000
766.663600
766.752900
767.165200
767.528700
768.348800
768.424000
768.828800
769.451700
769.754300
769.776900
770.016200
770.033200
770.228400
771.207500
771.580600
771.592600
771.615200
771.639200
771.781100
771.975000
772.267200
772.402400
772.419400
772.839700
772.907200
773.488800
774.316800
774.902700
774.915900
775.386700
775.398200
775.529800
775.540600
776.084900
776.118900
776.533200
777.110200
777.121900
777.707900
777.719700
777.735900
777.748100
778.234800
778.776300
779.069100
779.077900
779.145100
779.444600
779.454400
779.467600
779.488700
779.871400
780.082600
780.922100
780.966700
781.475000
781.833600
783.139000
783.147600
783.460500
783.472300
783.673000
784.290800
784.302200
784.312000
785.453400
785.465800
785.478200
785.494800
785.516900
785.665700
785.900900
785.943700
786.336300
786.820600
786.830000
787.108600
787.312100
787.323200
787.886000
788.115100
788.275900
788.590700
789.507000
790.051900
790.868000
791.030900
791.629800
792.625800
793.048700
794.206700
794.784400
794.798500
795.976200
796.607300
796.615100
796.624900
796.660800
797.400400
797.798800
798.131600
798.647300
798.819200
798.961700
799.152000
799.163200
799.508400
799.543300
799.565300
799.886300
800.227700
800.506600
800.646700
800.660600
801.015500
801.338400
802.035100
802.078000
802.654800
802.675200
803.249500
803.518600
803.710700
804.334600
804.427600
804.668800
804.845100
804.861600
804.878400
804.890400
804.984100
805.189600
805.716200
806.117000
806.246100
806.680300
806.760600
806.768900
807.595600
807.625300
807.735600
807.961900
807.982400
808.018300
808.297200
808.617200
808.636800
808.878800
809.001000
809.674300
809.718800
809.727400
809.917100
809.925800
810.690000
810.818900
810.881700
811.088100
811.154800
812.570900
812.577600
812.587200
812.934000
813.112900
813.355500
813.725200
814.228600
814.353400
814.368300
814.508400
814.516700
814.527300
814.538300
814.844400
814.853700
814.862200
815.035100
816.231200
816.243800
816.797800
817.222900
817.437600
817.468600
818.325800
818.719200
818.729800
818.750800
819.146100
820.637500
820.647000
820.656900
820.673200
821.089400
821.110400
821.404800
821.446000
821.691300
821.725600
821.739600
822.162400
822.472200
823.155200
823.485800
823.506800
824.619500
824.820600
824.844600
825.639600
826.620500
827.237000
828.070000
828.156200
828.465700
828.832900
828.846100
828.860700
828.933700
828.995000
829.004200
829.045500
829.056700
829.241800
829.465500
829.474900
829.630100
830.375400
830.943700
831.733500
831.750300
832.972300
832.985900
833.052800
833.075700
833.383600
833.535200
833.906900
833.940900
834.243800
834.579900
834.593900
835.244500
835.900400
835.919400
836.100900
836.197000
836.720800
837.430700
837.445800
837.461200
837.791500
838.063500
838.075000
838.211900
838.223400
839.704200
840.016400
840.026900
840.130700
840.152600
840.191000
841.314700
841.392400
841.557300
841.604800
841.878900
841.902800
841.927200
842.714300
844.036400
844.774100
845.087900
845.097200
845.116200
845.271200
845.348700
845.458700
845.473500
845.898000
845.910500
846.411700
846.437100
846.783800
846.804000
846.826700
846.996200
847.460900
847.940400
848.190100
848.221100
848.306400
848.521300
848.550200
848.564100
849.389800
849.455700
849.477600
849.575400
850.527200
850.537200
850.586200
851.232100
852.043700
852.056400
852.435300
852.445800
852.733900
852.741700
853.324800
853.333400
854.200100
854.681600
854.690000
854.704200
854.832100
854.973500
855.262600
855.323800
855.335600
855.728600
855.756900
855.884900
855.902800
855.924400
857.815400
857.824000
858.120400
858.626700
858.987700
859.011500
859.018600
859.025100
859.044000
859.575000
859.790600
859.801500
859.819300
860.175900
860.186000
860.203400
860.217300
860.320900
860.660800
860.669600
860.947900
860.957100
861.130000
861.139100
861.150400
861.164100
861.173800
861.750100
862.065200
862.271000
863.109800
863.127900
863.135300
863.179400
863.623500
863.664600
863.924300
864.244700
864.434800
864.470200
864.576800
864.595100
865.264700
865.391800
866.174500
866.184200
866.197200
866.210000
866.582600
867.044800
867.062000
867.074100
867.388800
867.752200
868.149900
868.635200
868.654900
868.704600
868.721400
868.806800
868.820700
868.840300
869.258200
869.269500
870.230600
870.522600
870.536600
870.546500
872.001900
872.134800
872.482100
872.543400
872.997600
873.478400
874.462400
874.706800
874.710000
874.716200
874.718800
874.721600
874.724400
874.727200
874.730000
874.735900
874.739000
874.742100
874.745400
874.749000
874.752700
874.756600
874.760500
874.764700
874.768700
874.773100
874.778200
874.783600
874.789600
874.795000
874.802200
874.810800
874.817500
874.824100
874.872800
874.879900
874.894600
875.274700
875.332300
875.343300
875.469500
875.477500
875.498100
875.507300
875.762100
875.999900
876.044300
876.203600
876.720900
876.922300
877.133200
877.411300
877.522500
877.838600
878.019400
878.033500
878.278300
878.291900
878.306300
878.492300
878.956300
879.060300
879.072800
879.081100
879.219500
880.025700
880.176100
880.203500
880.666200
880.679500
880.691600
880.704800
880.716900
880.940000
880.951700
881.086600
881.491900
881.501800
881.720800
881.738200
881.756100
881.772700
881.907900
882.235800
883.117500
883.136200
883.295100
883.891300
884.812100
884.897400
885.012700
885.027500
885.034300
885.302100
885.319500
886.502600
886.546600
886.711100
887.229300
888.488800
888.937000
888.960000
889.203700
889.217600
889.231800
889.368400
889.742400
889.758400
889.770000
889.777300
889.812900
890.071100
890.630000
890.995400
891.030500
891.101400
891.765700
891.885500
892.442300
892.538600
892.701000
892.711000
892.723800
893.121900
893.649000
893.655200
893.666200
893.673300
894.242900
894.707700
894.906200
894.975300
894.986300
895.390500
895.413000
896.065500
896.877700
897.395500
897.422400
897.690700
897.704000
897.722200
897.946800
898.498300
898.907100
899.029300
899.045000
899.249100
899.799500
899.810500
899.932200
900.836200
900.850000
900.864300
900.930800
901.635900
901.730100
901.877200
902.802400
902.816000
902.932900
905.721900
905.756200
905.770600
905.917500
906.083900
906.097500
906.710300
906.969000
906.979200
907.214700
907.227100
907.812700
908.809700
909.127100
909.259200
909.594100
909.665700
909.915000
910.120000
910.127100
910.141200
910.354100
910.883900
911.661000
911.673300
912.249600
912.722700
912.781300
913.053500
913.226300
913.717600
914.081500
914.458000
914.602700
914.614800
914.634100
914.778500
915.420900
915.916200
916.349300
916.512600
916.618800
916.844700
916.988300
917.195800
917.596400
917.854800
918.629800
918.817100
918.833900
919.018100
919.466600
919.768100
919.840100
919.857700
920.048700
920.224200
920.462900
920.601600
922.013000
922.023300
922.034300
922.598000
922.906100
922.986200
924.484800
924.502800
924.519200
924.883900
925.417500
926.014500
926.781000
926.792200
927.049200
927.410600
927.422900
927.811000
928.077300
928.088400
928.482400
929.319100
929.414000
929.425700
930.919200
930.999700
931.012700
931.229700
931.399100
931.612000
932.532400
932.703800
932.746500
932.788300
933.088500
933.101100
933.123700
933.613000
933.893200
934.767100
934.779400
934.791000
934.802800
934.813300
935.047400
935.506400
935.524600
935.916500
935.922900
935.931800
936.124900
936.139300
936.460900
936.592800
937.234000
937.253100
937.551500
939.163800
939.175000
939.183000
939.191100
939.216300
939.570700
939.583200
940.418300
940.588800
940.595700
940.612500
940.627700
941.084900
941.242400
941.291400
941.872600
941.995200
942.003300
942.016700
942.120100
942.254100
942.391300
942.570800
942.578100
942.868200
942.878100
942.889700
943.285100
943.295300
943.308200
943.512600
943.803000
944.935900
944.946400
946.077200
946.089000
946.102300
946.119800
946.362100
946.784100
946.799000
947.332100
947.346400
947.388700
947.397400
947.461500
947.597700
947.783300
947.799600
948.020100
948.353700
948.367500
948.519900
949.444200
949.451700
949.465000
949.545900
950.090200
950.108900
950.123500
950.770500
950.945100
950.956900
951.098500
951.821300
952.996000
953.238600
953.258500
953.678800
954.053600
954.204300
954.835900
954.847200
954.861700
954.913200
955.136000
955.294100
955.651900
956.515400
956.537600
956.670800
956.753400
956.967600
957.126200
957.251300
957.830500
957.854400
958.088100
958.104400
958.127500
958.139800
958.326400
958.374800
958.878700
958.888400
958.902700
958.961400
958.967600
958.978200
959.306000
959.332600
959.603700
959.908300
959.977300
959.992400
960.351900
960.360400
960.375100
960.595600
960.746800
961.154100
961.226600
961.422700
961.429800
961.527200
961.830200
961.844600
961.867500
961.995200
962.283600
962.346800
962.367000
962.373700
962.570400
962.983800
963.458100
963.497700
963.913800
963.921600
963.931800
964.348900
964.354800
964.362900
964.572500
964.666800
964.810700
964.945800
965.094200
965.106700
965.421300
965.436200
965.457000
965.728600
965.739000
965.773500
965.902400
967.064400
967.085300
968.159800
968.478700
968.489500
968.500400
968.575000
968.792500
969.367300
970.095100
970.399100
970.474300
970.485900
970.833700
971.135800
971.156800
971.687500
972.403100
972.826300
972.978100
972.989200
973.029500
973.386500
973.435100
973.628700
973.799700
974.132000
974.822400
974.844500
975.061800
975.071200
975.208100
975.331200
975.491600
975.512100
976.090600
976.098300
976.134600
976.243200
976.359000
976.852900
977.093700
977.226200
977.638800
978.269600
978.284200
978.764400
978.772600
978.784400
978.786200
978.793700
978.804000
978.824200
978.869100
978.880800
978.890000
978.947900
979.323300
979.637300
979.655300
979.847100
979.932900
979.984500
980.065500
980.292300
980.538300
980.883800
980.935000
980.943800
981.087800
981.103400
981.362300
981.691700
982.543500
982.605600
982.616000
982.780100
982.791000
983.366200
983.390900
983.845900
985.244600
985.295600
985.330700
985.839600
985.848600
986.138300
986.147000
986.155200
986.165200
986.173900
986.336600
986.354500
986.516500
986.789000
987.217900
987.420200
987.957600
987.985200
988.097500
988.126400
988.270000
988.277400
989.072900
989.108400
989.522600
989.646900
989.664900
990.296100
990.442900
990.461700
990.568100
990.574500
990.581700
990.591000
990.659500
990.806300
990.824500
991.059400
991.452800
991.462500
991.475600
991.712000
992.283900
992.310500
992.323200
992.689000
992.712600
992.720700
992.738800
992.998700
993.013700
993.183800
993.323300
994.593700
994.600500
994.609400
994.621900
994.631900
994.652500
994.713900
994.728800
994.732600
994.735900
994.739100
994.742000
994.744800
994.747700
994.750600
994.753400
994.756400
994.759200
994.762300
994.765400
994.768800
994.772300
994.775800
994.779100
994.782700
994.786400
994.790400
994.794300
994.798800
994.803100
994.807800
994.812200
994.816700
994.821100
994.826200
994.830600
994.835200
994.840000
994.844800
994.849200
994.854200
994.858700
994.864800
994.869600
994.875600
994.880500
994.886400
994.891300
994.896300
994.901700
994.907000
994.912500
994.917900
994.923800
994.929500
994.936400
994.942100
994.948800
994.954500
994.959500
994.965700
994.971000
994.979100
994.984300
994.991200
994.996500
995.002700
995.011000
995.017200
995.022700
995.029400
995.036300
995.043000
995.048500
995.063500
995.071500
995.077600
995.089800
995.095400
995.102400
995.108800
995.117100
995.124100
995.131300
995.140100
995.154300
995.163500
995.171300
995.180100
995.187600
995.197500
995.207700
995.214600
995.229200
995.236200
995.243000
995.255100
995.267100
995.274300
995.283800
995.293900
995.307900
995.316600
995.326600
995.334000
995.346000
995.355200
995.365800
995.385600
995.393000
995.401100
995.411500
995.422800
995.431500
995.445000
995.455300
995.466400
995.490100
995.500600
995.511100
995.547900
995.557700
995.579100
995.606200
995.639500
995.653300
995.667000
995.679500
995.696500
995.711400
995.722200
995.738600
995.779500
995.807500
995.877500
995.893100
995.910500
995.928700
995.998800
996.026800
996.062000
996.088500
996.101600
996.128600
996.227800
996.259600
996.718700
997.115700
997.226800
997.294100
997.438000
997.473700
997.583200
997.642100
997.718100
997.867500
997.994300
998.032400
998.115800
998.147300
998.262700
998.271600
998.356900
998.374000
998.521000
998.587400
998.622800
998.641100
998.733900
998.845400
998.862500
998.948500
999.007600
999.078300
999.153100
999.208300
999.327700
999.416000
999.425000
999.503200
999.515600
999.753300
999.835500
999.854700
999.866000
999.875800
999.930300
999.971000
1000.103900
1000.140600
1000.179200
1000.239000
1000.256400
1000.324600
1000.423500
1000.532200
1000.543400
1000.553000
1000.565900
1000.616800
1000.664300
1000.686400
1000.716500
1000.737600
1000.994400
1001.143600
1001.219200
1001.275800
1001.285500
1001.299000
1001.321800
1001.428000
1001.453400
1001.474600
1001.732700
1001.770300
1001.784200
1001.891500
1001.899100
1001.917300
1002.000700
1002.080900
1002.099100
1002.215200
1002.261500
1002.293800
1002.311400
1002.653000
1002.665900
1002.804300
1002.822900
1002.848200
1002.894800
1002.913600
1003.077800
1003.107600
1003.162900
1003.179800
1003.281000
1003.307300
1003.318100
1003.332600
1003.487900
1003.549800
1003.660400
1003.679000
1003.698900
1003.715000
1003.870100
1003.918800
1004.040600
1004.176800
1004.186400
1004.230200
1004.299800
1004.317900
1004.523100
1004.541600
1004.557300
1004.586900
1004.757100
1004.765800
1004.774900
1004.782500
1004.787800
1004.885700
1004.901800
1004.963500
1004.978700
1005.116900
1005.150100
1005.164000
1005.288200
1005.325000
1005.448700
1005.476900
1005.686900
1005.701800
1005.749200
1005.799100
1005.841400
1005.882300
1005.896700
1005.905800
1005.916800
1005.950100
1006.009200
1006.017600
1006.030000
1006.159500
1006.231600
1006.486700
1006.504200
1006.564600
1006.576500
1006.623900
1006.691200
1006.956900
1006.984400
1007.093700
1007.386000
1007.402000
1007.419800
1007.438200
1007.464700
1007.515300
1007.603900
1007.673000
1007.694900
1007.702400
1007.754600
1007.765800
1007.811700
1007.869500
1007.963700
1007.971900
1008.067400
1008.076100
1008.083700
1008.145800
1008.166400
1008.303700
1008.358900
1008.382700
1008.450200
1008.530600
1008.594200
1008.728800
1008.807600
1008.819200
1008.856500
1008.971100
1009.043100
1009.068600
1009.086000
1009.150600
1009.172200
1009.238100
1009.493300
1009.555500
1009.572400
1009.584100
1009.599800
1009.917100
1009.925000
1009.950000
1009.981400
1009.994300
1010.003200
1010.049000
1010.062200
1010.126300
1010.156300
1010.193700
1010.296700
1010.340500
1010.448200
1010.530600
1010.611200
1010.622100
1010.641900
1010.701600
1010.769600
1010.846500
1010.879500
1010.893800
1010.957100
1010.979300
1011.008400
1011.015800
1011.029000
1011.047700
1011.269700
1011.487900
1011.534700
1011.583700
1011.638400
1011.724800
1011.897700
1011.969700
1012.012900
1012.028800
1012.110000
1012.138700
1012.203500
1012.217600
1012.230600
1012.243700
1012.245900
1012.256000
1012.275800
1012.283900
1012.297800
1012.310500
1012.319500
1012.509300
1012.527200
1012.804300
1012.814200
1012.837000
1012.897800
1012.912700
1013.053000
1013.139400
1013.149600
1013.182200
1013.226700
1013.242300
1013.349600
1013.362100
1013.693000
1013.700900
1013.869500
1013.896500
1013.932700
1014.015200
1014.022600
1014.063300
1014.186300
1014.242300
1014.256400
1014.366300
1014.490400
1014.499600
1014.584000
1014.765000
1014.802500
1014.863500
1014.878100
1014.927200
1014.964300
1014.995600
1015.046200
1015.238000
1015.250700
1015.270600
1015.294000
1015.436400
1015.542800
1015.569800
1015.580000
1015.676100
1015.686800
1015.755400
1015.832300
1015.879400
1016.046700
1016.062700
1016.089500
1016.100500
1016.232300
1016.239000
1016.320500
1016.354300
1016.411600
1016.478700
1016.666700
1016.673300
1016.709600
1017.000500
1017.049700
1017.067100
1017.077400
1017.086200
1017.092800
1017.143500
1017.171100
1017.263000
1017.458900
1017.470400
1017.477900
1017.489600
1017.607700
1017.631600
1017.973700
1018.010500
1018.020100
1018.134900
1018.147200
1018.163800
1018.230000
1018.315400
1018.324600
1018.394500
1018.419700
1018.458600
1018.502700
1018.520500
1018.578700
1018.607700
1018.708500
1018.792900
1018.806300
1018.922500
1018.932800
1018.999600
1019.007900
1019.188300
1019.199100
1019.463700
1019.532100
1019.580200
1019.591500
1019.803900
1019.818500
1019.846800
1019.859300
1019.903200
1020.103500
1020.129400
1020.155200
1020.171200
1020.319600
1020.465200
1020.609500
1020.636300
1020.662700
1020.710400
1020.719800
1020.749200
1020.758000
1020.771600
1020.797700
1020.880100
1020.893100
1021.003300
1021.068900
1021.239300
1021.381100
1021.430200
1021.479600
1021.613300
1021.778800
1021.902500
1021.961700
1022.085100
1022.103700
1022.118700
1022.175800
1022.282400
1022.292600
1022.326000
1022.354300
1022.368100
1022.452400
1022.542300
1022.553600
1022.610000
1022.630100
1022.734100
1022.747000
1022.765700
1022.805300
1022.820500
1022.839000
1022.895900
1023.108700
1023.142200
1023.229600
1023.245200
1023.316200
1023.527200
1023.542000
1023.575800
1023.626100
1023.644800
1023.776900
1023.808500
1023.892600
1024.024000
1024.064800
1024.102500
1024.112400
1024.128600
1024.163300
1024.218000
1024.225000
1024.469700
1024.491900
1024.604900
1024.773300
1024.943000
1025.044200
1025.084200
1025.099100
1025.259500
1025.276500
1025.347200
1025.455800
1025.563000
1025.572200
1025.579600
1025.589700
1025.652700
1025.661000
1025.693900
1025.880900
1025.912500
1026.018800
1026.045300
1026.243400
1026.367900
1026.374400
1026.385800
1026.450400
1026.594100
1026.613600
1026.626100
1026.699100
1026.839500
1027.036500
1027.048900
1027.093200
1027.100600
1027.189600
1027.263300
1027.279200
1027.319400
1027.476100
1027.489400
1027.497900
1027.525900
1027.819900
1027.838100
1027.885700
1028.139600
1028.256600
1028.271500
1028.384000
1028.529400
1028.656900
1028.735500
1028.818100
1028.824700
1028.872600
1028.928800
1029.002900
1029.047600
1029.056300
1029.063900
1029.072600
1029.142600
1029.244300
1029.463700
1029.485600
1029.542300
1029.551400
1029.561100
1029.644100
1029.659100
1029.671600
1029.707000
1030.009100
1030.085500
1030.112400
1030.246100
1030.292400
1030.476700
1030.517500
1030.542400
1030.566200
1030.603800
1030.622200
1030.688000
1030.702200
1030.864500
1031.063000
1031.084700
1031.139600
1031.160500
1031.284100
1031.305700
1031.367000
1031.518500
1031.604600
1031.706100
1031.731900
1031.757700
1031.933400
1032.137900
1032.145900
1032.158400
1032.262400
1032.278400
1032.313300
1032.360400
1032.507500
1032.518300
1032.553100
1032.648300
1032.682200
1032.794400
1032.960500
1032.973400
1033.411200
1033.485800
1033.495100
1033.538400
1033.628400
1033.667900
1033.771100
1033.781400
1033.852000
1033.868100
1033.970400
1034.087000
1034.147300
1034.175500
1034.181700
1034.373100
1034.444300
1034.476600
1034.521700
1034.535300
1034.572600
1034.612300
1034.684000
1034.703000
1034.731700
1034.801000
1035.089300
1035.120000
1035.157800
1035.175400
1035.292000
1035.303300
1035.480700
1035.623800
1035.648400
1035.706400
1035.719000
1035.786500
1035.872800
1035.883800
1035.960300
1036.009700
1036.166500
1036.175300
1036.202000
1036.215400
1036.349600
1036.423200
1036.456800
1036.545000
1036.560500
1036.573000
1036.785400
1036.810000
1036.924700
1037.291700
1037.318600
1037.377700
1037.522900
1037.531800
1037.700100
1037.708700
1037.717100
1037.725600
1037.767400
1038.041400
1038.111000
1038.254300
1038.282800
1038.359100
1038.451600
1038.470000
1038.495000
1038.558700
1038.669300
1038.720400
1039.031000
1039.248700
1039.255000
1039.265800
1039.275200
1039.297900
1039.456200
1039.482600
1039.541900
1039.680400
1039.697100
1039.713600
1039.725700
1039.887900
1039.902900
1039.911000
1039.932000
1039.935000
1039.989000
1040.005600
1040.086800
1040.343200
1040.495000
1040.516800
1040.524300
1040.540700
1040.648400
1040.659800
1040.765300
1040.862700
1041.096200
1041.104600
1041.121900
1041.206100
1041.218900
1041.300100
1041.338900
1041.351600
1041.417300
1041.511100
1041.659500
1041.673200
1041.683600
1041.724000
1041.789500
1041.906500
1041.915900
1041.924700
1042.022700
1042.296700
1042.371000
1042.391800
1042.557300
1042.570500
1042.646400
1042.662700
1042.898300
1042.959400
1043.064600
1043.105500
1043.199200
1043.206400
1043.330400
1043.449300
1043.486800
1043.558500
1043.602200
1043.625100
1043.648400
1043.755900
1043.893700
1043.905400
1043.998200
1044.301800
1044.417800
1044.433300
1044.507400
1044.770700
1044.789300
1044.801200
1044.808000
1044.902900
1044.916000
1044.937100
1045.024500
1045.061200
1045.071000
1045.213600
1045.250600
1045.407600
1045.495500
1045.631400
1045.642700
1045.668300
1045.789500
1045.872500
1045.887400
1045.908600
1046.150200
1046.192700
1046.245500
1046.259500
1046.379200
1046.439800
1046.538900
1046.621400
1046.628000
1046.683600
1046.811200
1046.845000
1046.868400
1046.917500
1047.025800
1047.036000
1047.194600
1047.380800
1047.420700
1047.429600
1047.440300
1047.532600
1047.725500
1047.741000
1047.854300
1047.943500
1047.953700
1047.986200
1048.131700
1048.175900
1048.207900
1048.406600
1048.430900
1048.438200
1048.560100
1048.686100
1048.692900
1048.739500
1048.811500
1049.040900
1049.089500
1049.105900
1049.155600
1049.166200
1049.177700
1049.249300
1049.272200
1049.282000
1049.359500
1049.447900
1049.655200
1049.729800
1049.741700
1049.909600
1049.929900
1049.950600
1050.043500
1050.051500
1050.071000
1050.160200
1050.181900
1050.302500
1050.359100
1050.546500
1050.609100
1050.767200
1050.774200
1050.886700
1051.005300
1051.033000
1051.047700
1051.189200
1051.269200
1051.275000
1051.284400
1051.295900
1051.312000
1051.322300
1051.433600
1051.535400
1051.560000
1051.675400
1051.797800
1051.810200
1051.819500
1051.826000
1051.837500
1051.929500
1051.944300
1051.991000
1052.030100
1052.156400
1052.230900
1052.383700
1052.509300
1052.614400
1052.671200
1052.795500
1052.840200
1052.860300
1052.874800
1052.899200
1052.964000
1053.103400
1053.153400
1053.241700
1053.295200
1053.401700
1053.410800
1053.429300
1053.678800
1053.958700
1053.967300
1053.978500
1053.992600
1054.203700
1054.212000
1054.220900
1054.333400
1054.537700
1054.623500
1054.810900
1054.820400
1054.903800
1054.909000
1054.979400
1055.013500
1055.139300
1055.252900
1055.261700
1055.390400
1055.524900
1055.635300
1055.733400
1055.770800
1055.851700
1055.881500
1055.959500
1055.978500
1056.031000
1056.204500
1056.263600
1056.421600
1056.523100
1056.537300
1056.549100
1056.698200
1056.720400
1056.924300
1056.950800
1056.995700
1057.080700
1057.152200
1057.248200
1057.291500
1057.390100
1057.579600
1057.708400
1057.917800
1057.934300
1057.945300
1058.111400
1058.190100
1058.214900
1058.229000
1058.327500
1058.482400
1058.519400
1058.550300
1058.566800
1058.585300
1058.772800
1058.846200
1058.859500
1058.982400
1059.022400
1059.139400
1059.145700
1059.258200
1059.285600
1059.298500
1059.320100
1059.332500
1059.342700
1059.355000
1059.663100
1059.687300
1059.852300
1059.865300
1059.927800
1059.970300
1060.056000
1060.178900
1060.273200
1060.280800
1060.312200
1060.400500
1060.439800
1060.473200
1060.531700
1060.789900
1060.822500
1060.834500
1061.046900
1061.054300
1061.062800
1061.071100
1061.084200
1061.161400
1061.176400
1061.192200
1061.223200
1061.259200
1061.482900
1061.519900
1061.531600
1061.666600
1061.676800
1061.694600
1061.707000
1061.715000
1061.727200
1061.806100
1061.818900
1061.924900
1062.036900
1062.176300
1062.189000
1062.300200
1062.312400
1062.346100
1062.377400
1062.403800
1062.534300
1062.544700
1062.560300
1062.626500
1062.636800
1062.717300
1062.750800
1062.926700
1062.949700
1063.063100
1063.092500
1063.243000
1063.254100
1063.406500
1063.506000
1063.532600
1063.575200
1063.605900
1063.676100
1063.777800
1063.810700
1064.035200
1064.126300
1064.139800
1064.163400
1064.175300
1064.275600
1064.477900
1064.487900
1064.500600
1064.508300
1064.519100
1064.616000
1064.675600
1064.711500
1064.749900
1064.868300
1064.887200
1064.893000
1064.954300
1064.991400
1065.176200
1065.186800
1065.352900
1065.415200
1065.436600
1065.455900
1065.467500
1065.562300
1065.603000
1065.636700
1065.718900
1065.817600
1065.844900
1065.865500
1065.889700
1065.974800
1065.990300
1066.174200
1066.222400
1066.347600
1066.459200
1066.483800
1066.536000
1066.602600
1066.690100
1066.775900
1066.835400
1066.846200
1066.859100
1066.890800
1066.907000
1066.925600
1066.947500
1066.958100
1067.002100
1067.078400
1067.166800
1067.219600
1067.324400
1067.331100
1067.388700
1067.408800
1067.601200
1067.747100
1067.798100
1067.861800
1067.871600
1067.960800
1067.975400
1067.987400
1068.008400
1068.171600
1068.228900
1068.244300
1068.263900
1068.398700
1068.556600
1068.699700
1068.721100
1068.753700
1068.768100
1068.797600
1068.896100
1069.001300
1069.010700
1069.120700
1069.171000
1069.215900
1069.280500
1069.323600
1069.654200
1069.747100
1069.798800
1069.820000
1069.833400
1069.893100
1070.003300
1070.027300
1070.069300
1070.157200
1070.178800
1070.328100
1070.363400
1070.373800
1070.383000
1070.394800
1070.460100
1070.516000
1070.622500
1070.632800
1070.654400
1070.661700
1070.671400
1070.680000
1070.720200
1070.755200
1070.852000
1070.946700
1070.967600
1071.191900
1071.238700
1071.337900
1071.406200
1071.424800
1071.431800
1071.462500
1071.484700
1071.505100
1071.568000
1071.587100
1071.659800
1071.819100
1072.005700
1072.051900
1072.084500
1072.195400
1072.378600
1072.406100
1072.416400
1072.428800
1072.442100
1072.529600
1072.888300
1073.010100
1073.028300
1073.075400
1073.083800
1073.094300
1073.145500
1073.273600
1073.323300
1073.350800
1073.487200
1073.510700
1073.606600
1073.619200
1073.714000
1073.748800
1073.776800
1073.881500
1073.909700
1073.926500
1073.962700
1073.987500
1074.139000
1074.177600
1074.276700
1074.296100
1074.316300
1074.554900
1074.564900
1074.581000
1074.741900
1074.753400
1074.790000
1074.814100
1074.826500
1074.931400
1074.942300
1075.034600
1075.086300
1075.094400
1075.105000
1075.119900
1075.136600
1075.152200
1075.325100
1075.374200
1075.387300
1075.530400
1075.547200
1075.558600
1075.604700
1075.657200
1075.734900
1075.843900
1075.852300
1075.889100
1075.903600
1075.916400
1075.931600
1076.094900
1076.107100
1076.198100
1076.214000
1076.226200
1076.235500
1076.365600
1076.381900
1076.392200
1076.464300
1076.555200
1076.687500
1076.696300
1076.769000
1077.164700
1077.178200
1077.253800
1077.269800
1077.324400
1077.372000
1077.435500
1077.505500
1077.780600
1077.821400
1077.831600
1077.845400
1077.853400
1077.865300
1077.879600
1077.984400
1078.057400
1078.259900
1078.273100
1078.288700
1078.308500
1078.322900
1078.449700
1078.456500
1078.520700
1078.540500
1078.548600
1078.556100
1078.653600
1078.986800
1079.084900
1079.093300
1079.131800
1079.242800
1079.253000
1079.382000
1079.395400
1079.449700
1079.494800
1079.520800
1079.638900
1079.680500
1079.723300
1079.889200
1079.954200
1079.975000
1080.007200
1080.026300
1080.040500
1080.048600
1080.063400
1080.078600
1080.102900
1080.220100
1080.334600
1080.445700
1080.477900
1080.521500
1080.539600
1080.629900
1080.674800
1080.751000
1080.762100
1080.813400
1081.011500
1081.060700
1081.072000
1081.278600
1081.300400
1081.351000
1081.418900
1081.477400
1081.531300
1081.546000
1081.563000
1081.577600
1081.670300
1081.712500
1081.722400
1081.738600
1081.745800
1081.780100
1081.794800
1081.832100
1081.842500
1081.884200
1082.104600
1082.138300
1082.179500
1082.261700
1082.409500
1082.435300
1082.463600
1082.483900
1082.675700
1082.728400
1082.743700
1082.956500
1083.122400
1083.138000
1083.209100
1083.260100
1083.288600
1083.329900
1083.343500
1083.476000
1083.487200
1083.501600
1083.535400
1083.607200
1083.703900
1083.745800
1083.771500
1083.886600
1083.978600
1083.991400
1084.143400
1084.218700
1084.554000
1084.570900
1084.637000
1084.819400
1084.888600
1084.896400
1084.971000
1085.126200
1085.195500
1085.209100
1085.226700
1085.266100
1085.283300
1085.342900
1085.351500
1085.447100
1085.516000
1085.542500
1085.554800
1085.649900
1085.842100
1085.907200
1085.913000
1086.155700
1086.187700
1086.310700
1086.337100
1086.371500
1086.438800
1086.461300
1086.476100
1086.485100
1086.561100
1086.570500
1086.589500
1086.640900
1086.683300
1086.773500
1086.933600
1086.943000
