spike times
2.966000
3.001400
3.009300
3.036000
3.056400
3.420300
3.427000
3.435900
3.446400
3.459900
4.429900
4.439800
4.472900
8.324600
8.332400
8.340700
8.353300
9.628900
9.636800
9.648500
12.864200
12.875300
13.558200
14.260200
14.277100
14.291500
14.301700
14.323600
14.776900
15.102100
19.937800
19.953700
19.963400
22.818700
22.839000
25.484000
25.492200
25.501700
27.169500
27.253500
30.054900
30.060100
30.065100
30.070100
30.075200
30.080900
30.085700
30.090100
30.096600
30.103900
30.115800
30.129300
30.134600
30.168300
30.196300
30.202700
30.210400
30.263700
30.289000
30.367200
30.392400
30.405400
30.418600
30.426900
30.436400
30.445200
30.583300
30.589900
30.596500
30.602800
30.615100
30.627500
30.633900
30.661000
30.792800
30.991100
30.999400
31.015100
31.038400
31.052700
31.074500
31.151900
31.158600
31.271300
31.282200
31.292100
31.308200
31.397900
31.407600
31.417900
31.432100
31.443300
31.467400
31.475800
31.485800
31.502800
31.663000
31.766700
31.778900
31.959300
31.965200
31.986500
31.998300
32.010500
32.017600
33.726500
33.737300
34.991700
37.395500
37.409600
37.419600
37.427900
37.439200
37.449900
39.239900
39.248800
39.259200
39.858000
39.876000
40.249000
40.257400
43.399400
43.407000
43.415500
44.286600
44.294400
44.325100
44.333500
44.339700
45.158100
45.737400
45.744300
45.751100
45.787200
45.795900
45.806400
46.462600
46.476200
47.482000
47.492000
47.507500
49.117400
49.126400
49.579200
50.185900
50.198600
50.212900
51.965600
51.977900
51.985200
51.992700
53.161300
53.170700
53.226300
53.364900
56.791600
56.800900
56.817300
57.526500
57.577600
57.594300
57.600600
57.611600
58.021000
58.029300
58.699900
59.736400
59.744400
59.754000
59.772900
60.718600
60.748100
66.340400
66.347900
66.357900
66.369900
71.013900
71.033100
71.634200
71.645200
74.071500
74.138500
75.075800
78.876100
78.882800
78.897800
78.929000
78.943700
79.174800
79.181500
79.196600
79.210300
79.792100
79.801900
79.814700
80.454600
80.464300
80.688600
84.382900
84.400200
84.409300
84.505700
84.520100
85.664300
85.673100
85.681200
85.695000
85.720100
90.273400
90.281900
90.292700
90.311100
90.851900
91.004200
91.017400
93.761900
96.022000
96.031200
96.075400
97.934800
99.305600
100.340000
100.351300
100.361200
100.383900
100.421700
100.440800
101.382900
101.391300
101.399900
101.454200
103.033100
103.044700
103.052200
103.061000
103.069200
103.828700
103.839600
106.296400
106.315100
106.324900
106.334600
107.590800
108.579800
109.780900
109.790700
109.797600
110.241200
110.310000
111.073500
111.276400
111.289200
111.305500
112.676700
112.699700
112.715700
114.155500
114.164000
114.184100
114.193200
114.700500
114.709900
115.418300
115.439000
119.197100
120.135900
120.169800
120.178100
125.196700
125.210500
126.078600
126.089700
126.099700
126.108100
126.118400
126.700500
129.301600
129.314400
129.320800
129.348900
130.835600
130.844100
130.850700
130.858500
132.069200
132.098900
135.725100
135.733000
135.741900
138.828300
138.837300
138.847500
139.153300
142.367300
142.380600
142.498000
142.665000
142.689500
142.696200
142.703000
142.711900
142.724100
142.767400
142.780800
146.859000
146.866200
146.881600
147.524300
147.760700
147.777300
147.788500
151.400700
151.410700
152.044600
152.051600
152.057100
152.061400
152.066000
152.069900
152.073500
152.077500
152.081800
152.085800
152.090400
152.095300
152.104400
152.109700
152.116500
152.146100
152.182500
152.191300
152.208000
152.214700
152.227800
152.237100
152.764600
153.849800
153.859800
153.866400
153.876100
154.472800
154.481400
154.489700
158.917300
158.975300
158.984400
162.789100
177.378100
177.940200
179.358900
180.672100
180.851900
180.862800
180.873000
180.887700
180.905500
182.310400
182.319000
184.693100
184.700100
186.384300
186.392600
186.400900
186.414400
186.430200
188.732100
188.740700
189.227800
189.242500
189.256900
193.667300
197.973000
202.499700
208.269700
208.279300
208.287600
208.294500
208.337800
209.235300
223.091300
223.109500
223.132200
225.775600
225.786500
228.255600
228.265500
228.279200
228.289100
228.303500
229.734700
229.775600
229.803300
231.431000
231.441000
231.451300
231.461900
234.205800
234.212900
234.672600
234.679300
234.687800
234.697100
237.781800
248.007300
253.922800
253.934400
259.967000
266.555300
270.762800
271.809100
271.815200
272.251800
272.256100
272.260300
272.265700
272.270300
272.276500
272.281000
272.285100
272.291100
272.295900
272.303000
272.309800
272.319800
275.782700
275.792500
275.803000
279.813200
279.833200
281.274500
281.283000
281.292400
281.322300
281.739400
282.077000
282.084600
283.732300
283.740300
283.749200
283.953800
283.975600
285.662800
285.671100
286.543900
287.021700
295.628700
295.640500
297.061200
297.070100
298.096800
299.676900
302.227200
302.235800
302.247300
302.256100
310.154400
310.771000
310.779800
310.788100
310.799800
314.052000
314.060900
316.378800
317.312200
319.488600
319.503500
319.515100
322.036500
322.042900
326.176800
326.194300
326.202700
330.168200
330.181200
338.357200
338.764100
338.772300
338.790400
342.805900
355.331300
355.348600
356.077600
356.087800
356.102200
356.114000
362.794600
362.815500
364.575800
364.582700
364.595700
364.613400
364.627600
380.834600
382.653800
382.662200
382.674500
392.272000
392.276400
392.280400
392.284700
392.289000
392.293500
392.298500
392.303700
392.307800
392.313000
392.318700
392.323400
392.329100
392.335400
392.341400
392.348400
392.354800
392.360600
392.365900
392.372000
392.378700
392.385300
392.392900
392.403600
392.424700
392.489100
392.543100
392.553100
392.564300
392.679300
392.726200
392.732200
392.780400
392.799400
392.805000
392.811900
392.853500
392.864600
392.875200
393.003700
393.011500
393.025800
393.072600
393.094900
393.148800
393.164200
393.283200
393.294500
393.305100
393.317800
393.364100
393.375300
393.471300
393.537000
393.658000
393.669800
393.802900
393.817500
393.856300
393.993500
394.001400
394.012500
394.061500
394.115800
394.129700
394.185300
394.196200
394.265000
395.012600
395.022700
395.031600
395.853800
395.859000
396.553200
396.560100
396.570000
396.630700
396.642600
396.852600
397.669600
397.675000
397.693300
397.699300
397.709400
397.724500
397.938500
397.946200
398.087400
398.500600
399.054400
399.068300
399.076600
399.083000
399.091200
399.560100
399.567900
399.574500
399.591400
399.604600
400.419800
400.447600
401.056400
401.182200
401.188100
401.193900
401.207900
401.219900
401.242800
401.892300
401.900200
402.219700
402.227200
402.722400
402.732800
403.300500
403.326800
403.355700
403.528300
403.538300
404.763700
404.778100
405.177500
405.426500
406.283000
406.296900
406.319700
406.554700
407.110700
407.126900
408.236100
408.247700
408.429800
408.439400
409.260700
409.268700
409.294300
410.700600
410.716100
411.599000
411.662100
411.908300
412.170700
412.356800
412.586100
412.595400
412.604500
412.646900
412.908200
412.918400
412.926500
412.935600
413.114900
413.386600
414.261400
414.268300
414.279100
414.294200
414.495100
414.505900
415.090400
415.106500
415.455200
415.858800
416.080400
416.094300
416.539100
416.560000
417.407000
417.710400
419.954900
419.972000
419.980400
421.877000
421.902300
423.313000
423.660000
423.668300
423.678900
425.105000
425.116600
425.122500
425.128700
425.702000
425.711400
427.154000
427.164600
427.659200
428.142300
428.648000
428.659200
428.934000
429.221100
431.906400
432.217500
432.519700
432.539600
433.432900
433.445100
433.458300
433.470600
433.482300
434.575400
436.260100
436.270100
436.277000
436.287900
436.318400
437.045600
438.661500
438.670400
439.645000
440.318700
440.324700
440.331200
440.340700
440.567900
440.582300
441.425400
441.459500
441.604500
441.618900
441.630500
443.758400
443.767600
444.862300
444.875100
444.890400
444.900900
445.825100
445.831400
446.047200
446.059600
446.568400
447.436000
447.444400
447.453900
449.306300
449.317700
450.454700
450.463700
451.146000
452.465500
453.109700
453.120100
453.744600
453.756400
454.948200
454.955000
454.968400
454.974100
454.979700
454.986100
455.226300
455.238600
455.815900
455.919300
456.785000
456.795600
456.808000
457.209400
457.219100
458.946800
458.954600
460.368000
460.378800
460.448800
464.048400
464.089700
466.099900
466.112400
466.126400
467.337400
467.361500
467.383800
468.253400
468.556000
470.828400
470.837600
470.844600
470.853900
470.871800
470.961700
472.462600
472.472700
472.482300
472.491100
472.849700
472.865500
473.357300
473.727700
475.174500
475.984800
475.997800
476.010000
476.023700
476.034400
478.757900
478.768300
478.786500
480.516700
481.876000
481.885700
483.033600
483.146900
483.164200
484.633200
484.650700
485.291700
485.773900
487.206700
487.220200
487.230800
488.729600
489.792100
490.875000
490.894800
491.300100
491.309300
492.162500
492.209700
492.221000
492.232400
492.242700
492.258800
492.264900
493.614800
493.624400
493.682900
494.302300
496.855900
498.233900
498.984000
498.999400
499.012900
499.020300
499.220400
499.230000
502.136300
502.146800
502.293800
502.674200
502.685300
503.523200
503.532800
504.672900
504.730000
505.339000
506.502700
506.557300
509.777200
510.640900
510.656600
513.128400
513.219900
513.635900
514.275800
514.279600
514.283000
514.286300
514.289600
514.293100
514.296400
514.299800
514.303100
514.306300
514.309600
514.313400
514.316900
514.320700
514.324600
514.328900
514.332900
514.337400
514.342400
514.347600
514.353300
514.358900
514.364800
514.372900
514.379300
514.386600
514.395900
514.428700
514.438500
514.451400
514.458900
514.467800
516.559500
516.605800
517.963300
517.987800
518.123000
518.131400
520.345300
520.352800
521.978100
521.997900
522.007900
522.022700
523.435500
523.444300
523.466800
524.801700
524.817600
526.040800
526.051600
526.770900
527.824800
527.834000
529.016600
529.025000
529.032500
529.042600
529.613100
529.620500
529.634100
530.309700
531.202800
531.211600
531.237600
532.011200
533.134600
534.409300
535.630100
536.980300
536.988000
540.921800
541.892400
542.642600
542.660900
542.669100
542.678500
542.975800
542.987300
543.108500
543.126200
543.464900
543.997000
544.007100
544.028400
547.853000
547.863400
549.835000
550.749500
550.759000
550.776700
550.805000
552.151000
552.159200
553.063500
553.072800
553.128100
553.142600
556.252100
556.265800
556.278400
556.291400
557.315400
557.326800
557.364000
558.412100
558.422300
558.454900
561.535000
561.549400
561.557800
561.565500
561.745000
564.224900
564.244000
564.258400
564.266000
565.281600
565.293900
566.347700
566.364900
566.548200
567.508000
567.521900
569.148900
570.656800
570.664100
570.678800
570.689200
572.114800
573.249600
574.612300
574.623200
575.938100
575.947700
581.919500
581.949700
583.724900
583.743800
583.973100
583.980900
585.148800
589.323800
590.097500
591.018500
591.079100
591.089900
591.510500
591.527500
592.301700
592.311900
593.376700
593.388600
595.724600
602.244300
602.638700
607.149200
607.154600
607.161800
607.172000
607.190600
609.518200
609.532300
609.545800
611.846000
612.195500
612.231300
612.241800
612.943800
613.514200
613.521300
613.527500
613.537800
614.268100
616.768900
617.670900
619.362000
619.373200
619.386400
621.835400
621.842100
621.857700
622.050600
622.060900
624.856800
624.899200
625.171600
625.215900
626.620400
626.628700
626.636600
630.567300
630.578400
630.591900
630.604600
631.322400
631.332900
632.696700
632.709300
634.477700
634.482200
634.486800
634.490300
634.493900
634.497500
634.501800
634.505300
634.509000
634.513500
634.518400
634.523200
634.529500
637.321500
637.328700
637.335600
637.346800
637.356100
637.367700
637.379700
637.462100
638.933100
641.102200
642.951200
642.960700
644.667700
646.337500
646.344200
646.368400
646.380100
647.452400
647.459400
647.468700
659.822000
661.959500
661.976200
661.982700
661.993200
662.453900
662.516800
662.862900
672.107400
672.125300
672.141300
673.270700
673.279800
673.299900
673.921200
680.537300
680.548100
680.566400
680.579300
680.591200
680.892300
688.714600
688.729600
690.365700
702.608000
702.616700
702.628300
710.158900
710.171200
715.757100
715.785600
716.472100
717.723200
718.292200
718.301400
718.312000
720.520200
720.531700
720.542700
720.554200
724.990900
724.999600
728.307200
734.344600
734.354300
734.380600
739.564400
739.576100
739.588400
743.408800
743.419500
743.486400
745.479800
745.488700
746.866800
748.303500
750.338900
754.445500
754.497800
754.501400
754.504900
754.508300
754.511500
754.514600
754.517700
754.520900
754.523900
754.527100
754.530300
754.533700
754.537000
754.540400
754.544200
754.548300
754.552400
754.557000
754.561700
754.567600
754.572600
754.577800
754.585800
754.592000
754.599600
754.607300
754.618200
754.626400
754.649500
754.671000
754.688800
754.698400
754.725000
754.732200
754.755000
754.777700
754.786400
754.833300
754.859300
754.868600
754.883100
754.924500
754.947700
754.955600
755.028900
755.042200
755.083500
755.135200
755.184600
755.197300
755.211500
755.317100
755.332500
755.344800
755.357100
755.411800
755.432800
755.484100
755.495100
755.596400
755.607500
755.632500
755.643500
755.713200
755.771500
755.779000
755.788300
755.800600
755.825000
755.867100
755.950000
755.961100
755.988200
756.001400
756.111700
756.121300
756.178700
756.215600
756.224700
756.299400
756.344600
756.367500
756.384400
756.418900
756.481300
757.348300
757.381400
757.389500
757.397800
757.634500
757.643800
757.652900
757.687300
757.722900
758.109800
758.121700
758.132000
758.333100
758.340700
758.786500
758.793500
758.801200
758.814300
758.821900
758.836800
758.943300
758.949600
759.016800
759.282400
759.293900
759.331700
759.340000
759.500800
759.513600
759.526400
759.987200
759.993200
759.999600
760.021300
760.255900
760.280000
760.375600
760.394900
760.652300
760.661600
760.672800
760.679500
760.829800
760.840500
760.929900
761.021300
761.152400
761.160400
761.472100
761.791000
761.803600
761.812600
761.822400
762.146200
762.393700
762.640700
762.717800
762.736800
762.743700
763.020200
763.747800
763.755400
763.763400
763.777500
763.791700
763.802800
763.813500
764.394200
764.401800
764.407400
764.416500
764.424500
764.446500
764.530600
764.536700
764.898600
764.913100
764.947200
764.966900
765.076500
765.437600
765.445800
765.454000
765.471600
765.775900
765.783000
766.020600
766.056100
766.073100
766.163300
766.170600
766.399900
766.405500
766.663700
766.688900
766.710800
766.721100
766.729900
766.910200
767.182800
767.188200
767.196900
767.429100
767.680800
768.152600
768.166400
768.174700
768.334700
768.924800
768.933900
768.946400
769.024200
769.609500
769.831000
770.109100
770.119500
770.324700
770.344600
770.422900
770.445100
770.459900
770.671100
771.001900
771.018400
771.065600
771.079600
771.088900
771.350700
771.359500
771.448900
771.559100
771.749100
772.003500
772.199800
772.230700
772.647800
773.186300
773.633400
774.038000
774.045300
774.236800
774.243500
774.251700
774.259600
774.269300
775.196300
775.208400
775.503000
775.510100
775.526700
775.689900
775.697600
775.710800
775.887200
775.899900
776.359800
776.368600
776.654000
776.664000
776.718000
776.827900
776.972300
777.076300
777.861000
778.747000
778.801700
779.039800
779.049100
779.285700
779.878500
779.886800
780.292700
780.346700
780.354500
780.363400
780.847400
780.861900
781.079000
781.572600
781.610000
782.066000
782.145800
782.762400
783.857200
783.867000
784.155200
784.468900
784.478500
784.485500
784.495500
784.502100
784.527200
784.690600
784.701800
785.007900
785.818400
785.829000
785.839000
786.769000
786.776900
786.792000
787.163600
787.527500
787.538000
788.585800
788.595000
789.433600
789.679500
789.718600
789.734100
789.846600
789.895500
789.902000
789.916200
790.296100
790.440600
790.454200
790.591600
790.607200
790.896600
791.107900
791.432000
791.579200
791.940900
792.031100
792.042100
792.343100
792.351400
792.809500
792.949700
792.971500
792.977000
792.986900
793.004900
793.481400
793.487400
793.496200
793.837100
793.861400
794.753400
794.906300
794.921200
795.337600
795.350900
795.359300
795.370800
795.638700
795.862200
795.867900
795.874800
795.905500
796.112200
796.122600
796.751600
796.768500
797.067200
797.085200
797.093600
797.286400
797.627300
797.637200
798.935600
798.945100
799.202800
799.214800
799.228400
799.912600
800.838300
800.858800
800.871400
800.880100
801.042800
801.058900
801.068100
801.543900
801.561400
801.586400
801.596700
802.530400
802.548500
803.410900
803.423900
804.210200
804.217500
804.225900
804.233800
804.241800
805.429000
805.439800
805.480600
805.624500
807.121100
807.557600
808.333900
808.907400
808.915700
808.922200
808.953900
809.423000
809.440700
809.634500
809.782600
810.557800
810.692600
810.898300
810.908300
810.921100
812.106400
812.308600
812.320200
813.348300
813.898100
813.925200
814.929000
815.680900
816.377800
816.632800
817.603100
817.842900
818.322700
818.332400
820.062200
820.541800
820.708800
820.716200
822.095200
823.330200
823.688700
824.983800
824.990300
824.996600
825.004600
825.014600
825.022100
826.162000
826.172400
826.210800
826.868500
827.243700
827.254900
827.264800
827.897300
827.905700
827.915000
827.924800
827.939200
827.949800
828.272600
828.599400
829.358500
830.204500
830.657900
831.103200
831.349000
831.357800
831.614200
831.703100
831.935200
831.946500
831.957000
831.966300
832.189800
832.365700
832.376700
832.747800
832.956800
833.194500
833.201600
833.207300
833.212500
833.218300
833.224400
833.236200
833.600300
834.064400
834.076500
834.151500
834.158900
834.166300
834.849200
835.073700
835.350100
836.986200
839.641900
839.653200
839.668000
839.681300
840.071900
840.481800
840.493500
840.637000
841.187600
841.242800
841.728400
841.743100
841.907600
841.919200
842.305600
842.320500
842.343300
842.936100
842.950100
843.554300
843.560200
843.581600
844.346000
845.349200
845.356500
845.365100
845.375700
845.549300
845.556400
845.568400
846.165600
846.336600
846.353900
846.823400
847.035300
847.701900
849.601400
850.760600
850.766400
851.283300
851.302100
852.433900
852.447500
852.456600
852.475300
853.559200
853.567600
856.469200
856.478500
856.489100
858.490200
858.497900
858.523900
858.861500
858.871200
858.919500
858.928000
858.936100
858.950700
858.971000
860.939400
860.947800
860.954200
860.963200
860.972100
861.013400
861.021600
861.033300
863.972700
864.019000
864.383700
864.792300
864.800900
865.415300
866.045800
866.058600
866.673300
866.681600
866.687600
866.698500
866.707300
866.715600
866.723000
866.730000
867.928500
869.516400
869.728500
870.107300
870.156000
871.053700
871.759100
871.815600
871.822300
873.356000
873.365500
873.384200
873.393900
873.715000
874.294300
876.500600
876.504000
876.507100
876.509900
876.512600
876.515300
876.517900
876.520400
876.523100
876.525800
876.528600
876.531500
876.534600
876.537700
876.540900
876.544000
876.547600
876.551200
876.554900
876.558600
876.562500
876.566500
876.570300
876.574300
876.579100
876.583500
876.588500
876.593800
876.599600
876.604100
876.609000
876.616100
876.622400
876.628700
876.634800
876.641500
876.649600
876.659900
876.666700
876.679300
876.687100
876.695000
876.705200
877.767100
877.774600
877.825200
878.084100
878.397800
878.404000
878.413900
878.422100
878.428200
878.436700
878.527200
878.622100
878.630000
878.637700
879.556600
879.571400
879.581700
879.673200
879.681600
879.690000
879.698100
879.827400
880.007000
880.025800
880.084800
880.091900
880.619200
880.640100
880.681500
880.880500
880.887100
880.912100
881.231800
881.238000
881.245200
881.254000
881.262900
881.704000
881.716200
881.782300
881.802700
882.595800
882.619900
882.631100
882.643500
882.771600
883.033500
883.046400
884.105800
884.127900
884.135900
884.150200
884.159100
885.224600
885.241100
885.673700
885.679900
885.707700
885.720300
886.880800
887.321300
887.606900
887.642200
887.653400
888.146300
888.247900
888.277300
888.862200
889.255400
889.582600
889.594300
890.303600
890.312000
891.313100
891.318100
891.326100
891.353900
891.392300
891.405100
891.646600
891.659100
891.864300
891.872800
892.179300
892.629000
893.258000
893.270100
893.917600
894.183700
894.190300
894.202500
894.221100
894.228200
895.183400
895.189800
895.818000
895.826800
896.284200
896.300800
896.655200
896.663200
897.563000
897.877300
897.890300
898.390000
898.887700
899.087900
899.400300
899.428300
899.534300
900.204500
900.215000
900.228400
900.239800
900.250100
900.260300
900.862000
901.689100
901.827000
902.641900
903.177900
903.188300
903.196900
903.216900
903.225400
903.235400
903.246500
903.586400
904.320900
906.189400
906.213700
906.220900
906.233500
906.247400
906.376600
906.385000
906.393800
906.678900
907.351500
907.360400
907.369500
907.379900
907.427700
907.438300
907.445300
909.502400
909.515100
910.357100
911.196100
912.177700
912.206700
912.213300
912.820000
913.084000
913.896800
913.903700
914.408000
914.958500
914.978300
915.082200
915.656000
915.675400
915.685300
915.695400
916.420400
916.436600
917.246900
918.494200
919.985400
921.118600
922.995500
923.834000
924.643500
925.006900
925.016300
925.312700
925.325100
925.590600
927.199200
927.390600
927.402700
927.411100
927.417500
927.424700
927.994300
928.008500
928.716600
928.732100
929.897700
931.159900
931.168800
931.182100
931.801900
931.938100
931.948000
933.124700
933.132500
935.610200
936.052300
937.303800
937.322200
937.332800
938.723900
938.737300
939.105500
940.438000
942.171200
942.218400
942.662700
942.684600
944.500800
944.795900
945.343500
946.861200
946.875800
946.890000
948.702500
948.716900
951.298800
951.331300
951.338500
951.406200
951.658600
953.779000
954.837000
955.252600
955.260100
955.267500
955.274800
955.283700
955.605800
957.616700
957.637400
958.614300
958.622200
958.634600
958.654800
959.376300
959.385000
959.680000
959.981500
959.994700
961.319500
961.432000
962.685400
962.695100
962.703300
962.713300
964.131100
964.289100
964.298900
964.311400
965.855000
966.480200
966.495900
966.895600
966.918400
969.889900
969.902500
971.145700
971.154300
971.163400
972.350900
974.549800
974.563300
974.571100
974.582000
977.179600
977.211500
977.873900
977.896400
977.902300
977.910100
978.859800
978.872900
979.479900
979.488800
980.973500
981.003000
982.798500
989.500300
989.512200
990.800500
990.816100
990.838100
990.921500
992.156000
992.163900
992.171300
992.995600
993.004300
993.017100
994.872600
996.380600
996.399900
996.435800
996.704100
996.707400
996.710400
996.713500
996.716400
996.719200
996.721900
996.724800
996.727600
996.730400
996.733500
996.736500
996.743100
996.746900
996.751200
996.755300
996.759700
996.764400
996.769400
996.775000
996.782200
996.789300
996.798300
998.543200
998.580300
999.431900
999.449800
1000.075300
1000.087500
1001.150900
1001.160500
1001.183500
1003.985900
1004.007000
1004.028600
1004.905400
1006.885500
1006.904600
1006.920800
1008.209200
1008.699200
1008.710900
1009.249900
1011.575000
1011.984400
1012.238400
1012.255100
1013.835100
1014.899900
1014.910800
1016.144600
1018.211300
1018.386400
1018.394000
1018.407400
1020.791700
1021.955500
1022.799800
1022.823800
1022.841200
1024.135900
1024.483800
1025.827500
1026.207000
1027.147700
1028.073100
1028.081600
1030.807200
1030.817100
1032.497600
1032.518300
1035.641900
1035.654800
1035.757500
1036.394000
1039.295500
1041.102700
1041.118600
1041.134500
1041.155800
1042.234700
1045.275000
1046.262000
1046.281700
1046.383500
1052.932500
1052.939600
1055.737800
1055.750300
1055.937800
1058.493200
1058.500300
1058.515100
1058.530600
1059.933400
1061.187500
1062.593800
1062.608300
1065.356200
1065.374900
1065.387900
1065.401900
1066.693600
1069.782100
1069.792500
1069.802000
1072.597900
1072.910200
1072.932400
1072.944700
1073.674000
1073.681700
1074.991200
1075.533600
1075.544700
1075.554900
1075.578100
1075.587900
1076.187000
1081.043000
1083.856300
1083.866800
1083.875000
1086.814600
