spike times
0.845200
0.860500
5.201400
25.058700
30.073200
30.080800
30.086100
30.092400
30.099300
30.106200
30.112400
30.121000
30.127400
30.136000
30.176500
30.200900
30.210600
30.217200
30.251600
33.087300
36.960000
36.991900
53.949800
53.973900
57.553700
57.578700
62.313200
62.334900
62.356800
66.522200
78.869700
82.606400
82.633900
83.998900
84.010400
95.689500
95.699200
96.415900
96.444000
99.328000
102.959100
104.208900
106.592300
107.662400
107.672300
107.687100
107.697200
109.580000
109.590700
109.615500
118.467500
118.477000
118.488600
118.500900
134.477400
134.491000
139.809800
139.830300
139.839300
139.847700
139.860800
139.886600
148.705000
148.735900
150.259600
150.268800
150.277000
150.284600
150.293200
150.299800
150.308400
150.316800
150.331000
150.445500
173.304000
177.847000
181.230100
223.467500
223.486200
223.509300
244.194600
249.100900
257.356000
258.073800
270.033800
270.278900
270.290100
270.300200
270.306100
270.313300
270.318300
270.324000
270.331200
270.337300
270.343500
270.351000
270.357600
270.367200
270.374100
270.387700
270.411400
270.457800
270.590600
270.604700
270.685300
270.693600
270.701000
270.709800
270.731300
270.780000
270.791300
270.827000
270.941100
270.960400
270.992000
271.002000
271.142200
271.160900
271.227100
271.304300
271.478100
271.496200
271.508100
271.518700
271.527100
271.614200
271.623600
271.630600
271.637500
271.736400
271.748200
271.757500
271.865200
271.905900
271.915900
272.050500
272.130400
272.724900
273.708600
273.717900
273.728500
274.675700
278.220800
280.717800
291.307900
291.593500
292.157700
295.932400
304.526700
304.541200
308.966200
309.999900
310.012700
310.062200
310.076500
314.633300
315.427000
338.123400
338.141400
338.162100
338.588600
341.124800
341.134300
341.667900
342.864100
349.483800
357.425900
361.978400
376.561300
376.576100
376.675900
386.710000
391.177200
391.199000
392.274200
392.279000
392.284400
392.288900
392.293700
392.297900
392.302300
392.306900
392.311400
392.316400
392.321200
392.325600
392.330900
392.336300
392.343100
392.349100
392.355000
392.360200
392.365800
392.376000
392.388100
392.396000
392.421400
392.429100
392.444100
392.452900
392.461300
392.476400
395.647100
398.762200
405.639700
405.650000
405.658800
405.668500
405.680000
410.632500
414.513600
414.711800
414.723400
417.132600
417.173600
422.768800
426.048300
426.066300
426.105700
433.062500
433.078700
433.090400
443.566400
455.809100
455.824000
456.815800
456.843800
457.752300
471.790300
473.269700
473.277300
473.286400
473.948500
474.043000
482.764300
486.598600
499.573200
499.597100
499.615400
512.483000
512.488900
512.493600
512.498500
512.504700
512.511200
512.517600
512.522700
512.528900
512.536500
512.543900
512.552200
512.579500
512.588300
512.699300
512.800800
521.184000
524.351700
524.372700
524.387000
532.815400
532.836700
532.859700
532.867300
533.991700
538.067600
538.081200
538.165100
538.478100
540.019000
567.864200
573.500700
588.808700
596.647800
599.558300
604.842200
604.863500
604.906600
608.235500
615.081500
632.501100
632.506700
632.513100
632.521500
632.528600
632.533400
632.538300
632.542700
632.547900
632.552900
632.558800
632.564400
632.569200
632.581800
632.593000
632.600200
632.611800
632.618200
632.628200
632.640600
632.655800
632.664200
632.688100
632.713000
632.736200
632.783600
632.799800
632.809200
632.888400
632.903700
632.921100
632.947400
632.978300
633.070100
633.103100
633.130100
633.191500
633.204000
633.225100
633.233200
633.250900
633.261500
633.271700
633.467800
633.534600
633.575300
633.666800
633.680300
633.692500
633.725100
633.745700
633.756200
633.816800
633.882800
633.970200
633.983500
634.028200
634.059000
634.102600
634.214600
634.225800
634.235400
634.248800
634.288300
634.406600
634.422400
634.434600
634.445400
635.259300
636.149000
636.500700
638.172000
638.192300
638.417100
639.969600
639.978600
642.293200
642.317500
644.875600
646.125200
648.212400
649.540200
651.765600
655.563000
657.195300
661.854200
662.080100
663.203900
666.130000
667.968100
670.562300
670.574000
670.588800
673.401000
674.159800
674.963600
680.072000
681.398600
681.421500
683.201900
685.365400
690.663600
690.677700
690.986700
697.263400
697.278000
697.306600
700.081100
703.141200
703.148600
703.182900
705.502900
705.621400
719.357200
723.645100
724.867700
734.461400
739.677400
741.444000
743.172100
743.195600
750.666700
752.356700
754.498000
754.502800
754.506700
754.510400
754.514900
754.518400
754.522000
754.525800
754.529700
754.533300
754.537100
754.541200
754.544700
754.548600
754.552900
754.556900
754.561700
754.565500
754.570700
754.576300
754.581000
754.587400
754.593000
754.599000
754.605100
754.610900
754.617600
754.626300
754.633900
754.639900
754.645900
754.661000
754.669300
754.675700
754.684700
754.691700
754.704000
754.719100
754.739000
754.756400
756.281300
756.341000
758.576300
758.585200
758.599000
765.895800
766.693900
771.843600
773.124200
773.138900
773.157200
774.591200
778.119100
778.128700
778.140900
778.154700
778.166500
781.183600
781.657600
788.057200
788.312100
788.320000
795.521400
795.531700
795.555200
797.875800
808.210700
810.942800
819.728900
819.768500
828.349200
832.837200
846.807200
855.203200
855.212600
872.197300
872.216400
874.705200
874.708700
874.712000
874.715100
874.718700
874.722200
874.725400
874.728800
874.732100
874.735700
874.739300
874.743100
874.747500
874.751400
874.756300
874.761700
874.769200
874.777300
874.783200
874.791000
874.799300
874.851100
875.181500
887.970100
887.987600
887.995500
897.350100
904.172400
904.183200
905.282400
905.294500
905.308700
905.317900
905.557200
905.571600
905.588600
906.088300
906.109400
911.983700
974.624400
974.649000
979.115500
994.726000
994.729300
994.732200
994.735100
994.738100
994.740900
994.743700
994.746400
994.749200
994.752000
994.754800
994.757800
994.760700
994.763700
994.766500
994.769500
994.772600
994.775600
994.778600
994.781800
994.785000
994.788200
994.791600
994.794700
994.797900
994.801500
994.805300
994.808900
994.812900
994.816600
994.820500
994.824400
994.828400
994.832600
994.836700
994.840900
994.845100
994.849400
994.853900
994.858700
994.863900
994.868300
994.873000
994.878300
994.884200
994.890900
994.896400
994.902100
994.907300
994.912400
994.917600
994.923900
994.929900
994.935500
994.942500
994.947600
994.956300
994.963500
994.970100
994.979900
994.987900
994.997100
995.004000
995.014600
995.022000
995.030500
995.038500
995.045600
995.057000
995.066300
995.077200
995.089100
995.097700
995.108300
995.116900
995.125400
995.134800
995.154600
995.169800
995.179100
995.193800
995.205100
995.216500
995.228700
995.240900
995.250800
995.264400
995.279800
995.294100
995.303500
995.312900
995.324500
995.332800
995.345100
995.356600
995.366300
995.375400
995.395200
995.407100
995.419900
995.434500
995.453100
995.462900
995.474600
995.488500
995.497700
995.510900
995.522400
995.532200
995.543100
995.561200
995.576600
995.591500
995.610200
995.620200
995.635900
995.650400
995.659000
995.668700
995.685300
995.707200
995.724400
995.734700
995.748100
995.760900
995.773500
995.786400
995.808800
995.817400
995.829500
995.839800
995.852400
995.860200
995.871400
995.893500
995.907600
995.924400
995.941700
995.949800
995.961200
995.971300
995.981700
995.997000
996.008400
996.022300
996.036800
996.055900
996.067200
996.080600
996.091700
996.107900
996.120200
996.137400
996.157700
996.171800
996.184300
996.213300
996.229000
996.245500
996.273900
996.287500
996.297200
996.306300
996.329100
996.339400
996.348400
996.359000
996.372700
996.384900
996.405900
996.430600
996.443800
996.464400
996.475100
996.501300
996.522800
996.537600
996.560000
996.572400
996.592800
996.610200
996.646700
996.656000
996.679800
996.694900
996.710300
997.612700
997.736300
998.089700
998.169000
998.200900
998.609000
998.796800
998.974200
998.989000
999.369900
999.395900
999.493600
999.785300
999.799500
1000.170700
1000.274500
1000.350200
1000.356600
1000.963200
1001.428100
1001.703400
1001.731100
1002.034000
1002.055400
1002.853200
1003.186100
1003.513700
1003.662000
1003.765200
1003.991800
1004.746100
1004.957300
1004.978700
1004.989000
1005.002600
1005.385800
1005.780900
1005.796400
1005.906600
1006.421600
1006.524900
1006.604800
1006.925700
1007.090200
1007.676100
1007.999600
1008.023700
1008.056100
1008.073400
1008.383300
1008.407900
1008.421500
1008.452400
1008.886400
1009.129300
1009.298100
1009.575700
1009.733200
1010.434200
1010.776800
1011.548400
1011.740900
1011.825100
1012.218100
1012.518900
1012.728500
1014.032200
1014.426200
1014.809800
1014.821800
1015.560300
1015.580800
1015.887800
1016.445600
1016.841600
1017.894300
1019.140400
1019.618500
1020.656700
1020.861400
1022.019200
1022.032500
1022.069300
1022.381900
1022.390600
1022.689400
1022.979400
1023.595800
1023.722700
1024.003200
1024.830700
1024.842800
1024.861200
1024.869100
1025.728100
1026.621900
1026.648300
1027.129500
1027.623300
1027.659200
1027.784700
1028.015500
1028.586400
1028.765000
1029.137600
1030.137300
1030.176900
1032.061800
1032.071200
1032.369800
1033.167800
1033.500800
1033.543000
1033.968900
1034.595600
1035.223100
1035.301200
1035.313000
1035.607400
1035.894600
1036.556600
1038.824900
1039.426500
1039.539700
1039.892800
1041.543000
1044.750500
1045.180400
1046.757000
1047.532600
1049.728400
1049.912200
1050.221700
1051.629700
1051.641200
1051.659800
1053.263400
1053.283600
1053.296500
1053.311900
1053.828300
1053.849800
1055.635700
1055.651100
1055.987600
1057.364700
1058.739700
1058.904800
1060.021200
1060.757300
1062.328500
1062.546700
1062.853800
1063.692400
1064.273600
1064.431700
1066.088800
1066.415500
1066.426100
1067.691500
1068.540600
1068.556800
1068.688200
1069.006700
1071.079600
1073.321100
1073.446900
1075.043100
1076.448800
1076.459500
1077.649300
1078.274200
1079.146100
1079.418700
1080.736300
1081.392400
1083.082800
1083.812600
1084.179500
1084.352700
1084.633200
1084.644900
1085.301500
1086.656100
1086.663400
