spike times
10.115600
10.135000
16.388700
16.405700
19.305300
30.597500
30.788100
30.823400
31.155300
31.164300
31.409300
31.416500
31.429000
31.442200
31.456400
31.821700
31.892900
31.898700
31.907500
31.919600
32.004900
32.149200
32.175800
32.189300
32.449400
32.457700
32.466400
32.791200
32.803900
32.986700
33.685800
33.737700
33.994800
34.007300
34.059700
34.792000
43.493900
43.505400
43.550900
48.976200
48.992900
49.012100
50.779800
50.884400
52.719500
52.744100
53.189300
54.158900
54.177700
55.312600
55.324200
57.644600
57.678100
58.454700
58.482300
64.806500
64.818900
64.835900
64.855400
64.870900
72.252800
72.267700
74.630600
74.797600
79.192700
79.204000
79.215500
88.279700
88.322500
88.339100
91.407800
92.492700
93.248500
93.265100
94.874600
100.724800
110.601800
110.637300
118.139400
118.156200
118.171500
119.081600
119.095500
119.115500
123.733500
126.603500
128.396900
128.995300
131.092900
131.135800
132.533300
132.541500
132.548600
132.556700
135.288400
136.275300
136.292800
136.320800
143.027700
150.838500
152.320200
155.576600
164.935300
165.108200
172.407300
172.425400
172.443800
172.987900
177.879600
177.902500
178.034500
183.877000
185.157500
185.172500
185.187800
202.569800
202.584400
208.148500
216.257000
223.328900
229.624600
239.864500
239.891400
239.903400
247.890800
247.907400
259.595300
261.269500
261.294000
272.528600
282.915700
282.942700
282.952700
283.214900
284.619800
284.664800
295.008500
295.015500
295.027700
295.038100
295.045900
295.058600
326.888700
326.914100
334.905800
359.833300
359.862600
359.888100
362.982800
369.535100
369.557100
369.571700
373.178900
385.159700
392.117100
392.705800
392.725600
392.732800
392.940400
392.951500
392.969400
393.005400
393.155300
393.172800
393.184600
393.319300
393.654700
393.667300
393.682100
393.694900
393.844100
393.855900
393.873000
393.890500
394.068400
394.183100
394.214500
394.524800
394.534100
394.624400
394.634400
394.643800
395.235800
395.247400
395.257500
395.268300
395.275700
395.555900
395.613800
395.626700
397.956600
399.390200
399.401500
405.397800
406.797600
414.771500
417.002400
419.944300
431.834600
431.842900
431.849800
431.856500
436.146600
436.157400
436.171700
436.185800
436.201300
437.322600
444.725800
444.777500
457.488000
457.506100
457.570700
477.076800
480.251700
480.274600
480.293700
480.313300
480.325500
495.973400
495.980700
507.347700
510.519200
510.538700
514.816100
514.830700
514.852000
514.892600
523.639100
523.657300
542.805200
551.304600
551.325900
551.492300
551.502900
551.522400
551.555300
551.774100
551.788700
551.810200
551.901700
552.012100
552.041200
563.962100
563.988500
579.215100
586.532500
592.204300
593.258500
593.277300
601.160000
604.388100
613.786500
613.808800
627.224000
627.312200
632.744400
633.277700
633.290700
633.303200
633.314200
633.595800
634.975900
634.988200
641.357300
642.663800
642.697400
643.840200
643.875900
654.858300
660.357600
660.374600
660.411000
679.303500
688.105200
688.123600
690.912900
690.937200
698.962500
710.549500
710.565900
710.588800
719.287200
719.329000
723.530900
735.443400
737.994200
738.001200
748.856300
752.422000
754.592000
755.462000
755.482000
755.527400
755.707400
755.717400
755.732000
755.881600
755.892900
755.928800
756.386200
756.407100
756.515300
756.532000
756.539200
756.548600
756.771700
756.781300
757.211000
758.156900
758.838500
758.847500
758.861900
758.873000
758.885600
768.123200
770.222000
770.249400
770.454700
772.529100
772.551900
772.570500
779.112300
779.125100
779.168100
781.956700
782.123600
782.134100
782.516900
782.536100
783.007600
783.050900
783.230600
785.176600
793.106300
793.162600
793.176200
793.190300
793.249800
807.960300
808.005600
808.017000
808.044300
813.715800
813.743300
815.043600
824.527000
824.541400
824.560800
832.464100
836.118500
836.135900
836.162200
836.178400
842.611500
856.115500
856.138400
857.611100
868.250400
876.751300
876.978400
877.123600
877.134300
880.863200
882.475900
882.493300
887.020300
887.046800
890.851800
894.966800
894.979900
894.993700
895.303600
895.441100
895.454000
902.998400
903.024900
915.581700
915.596700
917.539800
919.185600
919.198100
927.004900
927.012200
927.542000
927.561300
927.583600
927.624000
934.147900
938.072700
938.800000
938.826000
939.026400
948.863600
948.887000
948.905300
949.682000
957.325300
957.336200
957.352500
962.416300
966.139000
966.149800
966.189400
969.332800
969.352100
976.354800
978.844400
978.869500
984.421100
984.429900
995.243100
995.249400
997.020500
997.038600
999.116600
999.134700
999.173200
1005.282400
1005.293900
1005.317000
1014.679600
1014.699100
1014.952400
1033.478300
1035.974100
1037.070700
1041.860500
1042.870400
