spike times
2.797300
4.199800
4.277200
9.566500
12.879800
17.605400
17.625000
17.644300
17.657000
17.701100
20.488300
20.510800
23.393200
23.410800
23.442400
27.415900
30.115500
30.141700
30.189600
30.209700
30.314500
30.481600
30.495700
30.503000
30.645200
30.701500
30.921100
31.188600
31.249500
31.424900
31.455500
31.463600
31.475500
31.512400
31.528300
31.667500
32.215900
32.377800
32.628900
32.647600
35.483400
35.518500
38.927200
38.990300
39.180300
40.554000
40.583200
43.741400
43.757700
49.373600
49.400700
49.647200
51.505100
51.519800
51.542500
54.707000
59.864600
59.887800
61.524000
61.537500
83.346500
83.361700
90.502900
90.526500
90.640100
90.820400
99.992300
104.067900
104.100600
104.140300
106.631800
106.682400
111.234300
111.289300
111.307500
115.221400
115.239700
115.475200
116.390100
119.650800
119.666700
119.746600
121.681700
121.732900
121.748300
123.908500
124.005600
124.424300
124.559600
130.712400
130.730900
140.650100
140.785800
140.924000
141.000500
141.096900
143.576000
143.588400
143.628200
143.863200
144.099300
144.128200
151.231200
151.255500
151.316100
152.234300
152.248500
152.271000
152.288900
152.428500
152.632600
152.744100
152.783300
164.225200
164.255300
164.338900
164.609400
170.594100
170.607400
181.184200
181.203700
181.264800
185.995800
186.017000
186.341600
190.841700
190.870400
193.894900
199.072000
199.132700
199.183700
199.412500
199.542500
199.571400
201.080700
201.117400
201.427600
204.908400
204.935900
205.353500
205.371600
211.473500
211.508700
211.733900
222.868900
222.897400
222.940800
229.660400
229.679500
231.687100
231.934800
231.950700
231.970100
232.133200
233.090500
233.155000
237.884100
237.903600
237.922900
237.999200
238.104100
238.869200
238.939600
246.669800
248.231900
248.252100
248.320700
253.228800
253.285700
253.429900
256.001200
256.018700
256.071400
256.923300
257.125200
258.690500
258.706900
273.820500
273.832600
273.868200
278.197100
278.221700
285.515600
285.540100
294.139500
294.171700
298.876200
303.059700
310.377800
310.438600
313.608600
313.630500
316.079700
316.121800
316.977300
316.999000
327.917300
327.929700
327.951100
329.074800
329.095100
340.374000
340.382100
340.403500
340.431100
345.310800
345.327600
345.345000
345.433400
348.174800
348.191300
348.221300
348.325300
349.345600
349.360400
349.394900
350.479300
351.805600
351.827700
358.913500
362.222200
362.252800
366.298300
366.322300
366.527400
367.494400
367.509300
372.328500
372.356100
372.370100
380.672400
380.696000
389.600500
392.772900
392.848400
393.049500
393.059000
393.074000
393.130100
393.435200
393.654500
393.664600
393.697000
393.951500
393.965600
394.090400
394.134400
394.148900
395.701500
395.715400
395.735800
400.007300
401.559600
401.586900
404.755200
404.814300
404.978300
410.920400
423.884700
423.901600
423.933400
427.619100
427.682600
436.464900
436.864100
437.247300
437.302500
437.579100
441.609300
442.270400
442.508800
442.827900
442.993500
443.112900
445.892900
445.911900
446.261000
448.075600
448.833100
450.477400
