spike times
0.834500
0.862100
1.809100
2.758400
2.771500
2.785200
10.073600
11.862600
11.899500
11.918800
11.933100
11.960400
18.774700
20.955000
20.976500
21.392200
21.735500
23.060500
23.076400
26.416800
29.582000
29.600500
29.629500
29.996800
30.066800
30.091000
31.586300
31.604400
31.621000
31.637400
34.282800
34.296300
35.225500
35.404000
37.890700
37.905500
43.195200
43.204800
44.263500
44.397900
44.415100
46.035500
49.408300
50.396600
50.414000
50.435000
50.454100
54.161200
61.608800
63.817700
63.841000
64.245000
67.843700
73.539600
73.556400
86.174200
87.895200
113.007900
113.023700
128.070600
128.088200
132.792700
132.812000
150.088800
150.103500
150.123900
150.201900
150.210500
150.223500
150.310300
150.394600
150.413100
150.424700
150.437500
150.451700
150.462600
150.597900
150.611800
150.696500
150.709100
150.726900
150.750500
150.856500
150.868400
150.881900
150.890600
150.903000
151.169300
151.183300
151.281300
151.292600
151.317400
151.470600
151.480600
151.490700
151.502000
151.704200
151.727000
151.738600
151.760500
151.924600
151.934200
151.955300
154.908200
156.714200
157.773000
157.793600
159.558800
161.940300
165.040100
165.877400
168.981000
168.992200
173.844100
175.156300
181.545000
192.690600
192.698000
192.715700
192.751300
194.550100
194.572800
203.850800
205.103300
205.115600
210.752100
216.747900
218.990000
226.376900
226.729300
226.740900
227.149100
229.343100
230.717800
230.738500
233.176100
233.868700
234.502300
234.516100
234.703700
234.715300
236.331400
239.472200
241.855400
241.881600
245.265000
245.278400
245.293700
256.920700
257.145500
257.158900
268.259400
268.275000
268.288400
270.798600
270.817800
272.109700
272.119800
272.134200
272.146400
272.153200
272.163600
272.170600
272.178000
272.186700
272.201500
272.245600
273.314400
275.252500
279.804800
282.931600
282.961900
282.976800
283.672000
285.957500
285.978700
287.248400
287.269600
291.514400
293.904000
293.911000
293.932200
293.953600
294.376200
294.387600
297.447200
297.467900
299.667300
299.678100
299.689800
299.700300
300.033300
304.963300
307.495700
307.508200
308.549300
308.568900
309.631300
309.653900
314.504400
317.849900
317.878100
318.666400
320.263400
321.487100
323.528300
323.685700
323.713700
326.114300
332.056600
332.067500
336.559100
336.568300
336.576800
336.584800
336.612100
336.621300
336.636400
336.656200
336.844100
336.852600
336.865700
336.877000
336.890700
336.917800
337.542300
337.557300
337.566800
343.192900
344.948700
344.969500
346.532200
352.072100
352.481100
360.945800
361.739500
361.751200
361.788300
364.197700
364.226300
364.250500
366.029200
366.038700
369.555700
369.577700
370.627200
370.641500
370.655000
371.000000
371.010600
371.038700
373.047000
373.061900
376.009200
376.037200
379.333800
379.347000
379.900500
380.791000
380.810200
380.828700
381.394900
384.368500
384.392200
384.404600
386.049700
386.096500
391.844200
391.865100
392.282200
392.288900
392.297000
392.304700
392.311500
392.327400
392.333900
392.341200
392.348800
392.369500
392.381600
396.454000
396.479000
396.935000
398.983300
398.998600
399.841600
403.414600
416.668800
416.682300
418.562000
418.573500
418.599900
418.657300
418.753600
418.769700
423.942600
423.978600
432.731400
432.741000
434.826400
434.846000
437.916300
438.846700
438.860800
438.921900
439.510000
440.960200
440.971900
448.094200
450.106700
450.869000
450.891500
450.902600
450.925500
455.058100
456.293200
459.659900
459.676200
459.698200
464.484900
464.507100
464.644100
467.769300
468.386300
468.405700
469.995100
470.756400
470.782800
472.242100
473.881300
477.719300
477.734000
477.747100
477.788400
479.017200
483.378600
485.942400
485.956200
486.927700
487.750500
488.166600
488.201100
488.410300
488.422100
488.434700
490.460800
490.471300
490.495300
495.737000
497.044400
497.059300
497.290400
497.307000
498.086900
506.484800
512.317900
512.325300
512.332600
512.341600
512.346100
512.351400
512.358500
512.365500
512.371300
512.377600
512.384200
512.391200
512.396800
512.403800
512.410300
512.416200
512.426000
512.434500
512.456600
512.470200
512.480700
512.514000
512.527200
512.535600
512.542900
512.560100
512.579200
512.595800
512.613300
512.626100
512.633500
512.671300
512.681800
512.691500
512.763200
512.768600
512.838700
512.846400
512.852200
512.859900
512.910400
512.965400
513.026700
513.035000
513.045700
513.115300
513.247800
513.255700
513.265300
513.282400
513.292300
513.302600
513.318800
513.352500
513.391500
513.449800
513.475600
513.482400
513.583800
513.591000
513.597700
513.606800
513.620100
513.640400
513.652400
513.734300
513.754800
513.768000
513.781600
513.871500
513.877900
513.912600
513.923600
514.012200
514.077000
514.133100
514.140000
514.161100
514.218100
515.202600
515.220700
515.232600
515.555400
515.561900
515.593500
515.603200
516.206600
516.218300
516.749200
516.993400
517.002300
517.363800
517.384900
517.797700
518.870700
519.217100
519.229300
519.259100
519.673900
519.695300
521.013200
521.023700
522.075600
522.323500
522.331800
522.362400
524.527600
525.444400
525.461200
526.266900
526.873100
527.204800
527.535200
527.552600
528.936000
528.953300
528.974300
530.692100
532.833400
534.025500
534.892800
535.520100
536.040400
536.074400
536.671900
536.692400
536.938000
536.958600
537.705600
537.720500
538.818800
538.837400
539.041300
539.412600
541.305800
542.323100
542.700200
542.727900
542.802300
543.620500
543.660200
544.507600
546.234900
547.180600
547.210700
547.225300
547.629700
547.651900
548.374700
551.057500
551.069100
551.966000
552.554700
557.268200
558.477000
558.504200
559.016600
561.777300
561.803300
561.830600
562.871800
562.884900
564.183200
564.200000
564.214400
565.031700
565.284300
565.297600
565.322300
565.517900
566.611400
566.625200
566.637300
566.653000
568.032900
569.332800
573.941600
573.969100
573.991900
574.570100
575.584400
575.597300
577.534100
577.574600
579.283400
579.299000
579.321700
581.061500
581.075500
583.638800
588.332100
588.344500
588.354300
588.372800
589.365800
589.379600
592.704000
595.156900
595.167200
595.180200
596.859900
596.896800
596.917200
596.943300
597.278900
602.200300
603.975600
605.216400
605.234600
605.411500
607.880900
607.890600
609.172600
609.817100
609.826100
613.578500
614.987400
615.365700
615.375100
617.361200
617.373900
617.405600
620.451400
620.459700
620.468400
620.477300
620.504900
620.514700
620.524300
620.539600
623.996300
624.969200
627.222200
627.254800
627.264600
627.275500
628.558600
628.573400
628.586600
628.603000
628.623500
632.098300
632.116200
632.128300
632.142100
632.158400
634.309300
634.314400
634.321300
634.327000
634.334200
634.340200
634.345000
634.349900
634.354800
634.360100
634.365600
634.370900
634.375900
634.381900
634.388100
634.394100
634.399600
634.408000
634.419800
634.431500
634.438100
634.447900
634.457700
634.471400
634.478800
634.489000
634.501200
634.524000
635.286200
635.300600
636.079700
636.089100
636.391200
636.791400
637.685700
638.626700
638.662400
638.848200
639.919000
639.951200
642.364600
642.376000
642.736600
644.223300
644.681800
644.694300
647.752200
648.398200
648.412200
650.081300
650.116500
652.648100
653.210400
653.218300
653.225400
653.233500
653.241900
655.658800
655.673100
656.713900
657.143400
657.186300
657.204300
658.240300
658.251600
658.272100
658.704100
658.750400
659.877300
661.180800
661.199600
662.148900
662.168000
663.810300
664.256000
665.146100
665.158300
665.172100
665.197800
665.575400
666.950100
666.952700
666.955600
666.958400
666.964500
666.969200
666.975200
670.080400
670.092100
670.118600
670.130300
670.163600
670.787300
670.962300
671.102100
671.457600
672.533500
673.039300
673.291600
675.491500
676.387000
678.696100
685.185400
688.689200
688.713100
690.056400
690.723900
690.734700
692.567300
693.133600
693.159100
693.948400
695.005700
696.462600
696.473000
696.497500
696.507100
696.556100
696.573000
696.787600
698.592500
699.040200
699.660600
699.671100
699.686300
700.977100
702.365700
702.378900
702.884300
704.097500
704.600100
704.615300
704.627700
704.876000
704.903200
705.031100
705.876300
705.900100
705.916300
705.930000
706.746100
706.764000
709.196500
709.207300
709.221100
709.950200
710.722700
711.226100
713.986800
714.246900
714.274400
716.998000
719.471900
719.542100
720.569800
720.684400
724.331200
724.352800
724.716700
724.733200
725.253400
726.630100
726.683600
729.710800
730.342700
730.357100
730.379200
732.182200
733.940100
733.954400
734.247400
734.258800
735.477200
735.492300
736.512200
736.538500
737.449100
737.576600
737.581600
737.589300
737.596300
737.603100
737.612800
737.623100
737.646300
737.695500
737.703300
737.712600
737.822000
737.831700
737.839500
737.853600
737.861800
737.875700
737.893000
737.911100
737.920300
737.929000
737.935100
737.944600
737.978100
737.991300
737.997700
738.007700
738.017400
738.474700
738.479200
738.485300
738.490800
738.497900
738.505400
738.512900
739.753700
739.770400
739.785200
740.890400
741.654400
744.994000
745.021600
745.076700
745.951400
746.810100
749.448800
750.047800
750.081800
750.095000
750.435800
750.454400
751.158500
751.171600
751.187500
751.205800
752.856200
753.702900
753.724300
753.764000
754.507600
754.512300
754.516700
754.520500
754.524400
754.528500
754.532900
754.536900
754.541000
754.545600
754.550200
754.556500
754.565900
754.579100
754.598100
755.368800
755.380500
755.391100
755.680400
755.688100
755.702900
755.725400
756.783300
757.158900
757.168700
757.183000
758.156600
758.168800
758.180200
760.432800
760.456200
763.178300
763.192700
763.508000
764.247600
764.265800
764.976200
765.026500
767.852200
769.961200
769.986800
770.928000
771.018000
775.048000
775.060100
775.280300
778.237800
778.255200
778.272100
778.843900
779.963900
779.989600
781.137700
781.939100
784.205600
785.498700
790.351900
790.829600
790.856400
791.460400
793.312100
795.876900
795.895500
795.915900
795.926000
795.945500
797.650100
800.227100
800.253300
800.274400
803.768900
803.795000
804.743300
805.720000
808.624900
808.649600
810.259700
811.027400
811.038400
811.993500
813.886400
814.849600
814.864600
815.808900
815.826600
816.107500
817.742100
817.754500
817.768600
822.277200
828.329900
834.861000
839.411000
869.114700
871.927900
