spike times
0.750800
5.291700
30.109800
30.511800
30.889700
30.901600
30.915000
31.802200
31.827600
32.930900
32.968900
41.062200
43.719800
43.753300
43.788200
43.887900
47.086500
48.488600
51.455600
53.523600
53.537700
56.557100
60.654400
60.670500
60.696600
61.125000
61.138800
62.270100
67.576600
67.585300
67.717300
69.050300
74.966200
74.981200
78.502400
78.531200
79.660200
79.721300
85.774900
89.892000
92.571000
94.327600
96.647200
99.627400
101.965500
104.055200
105.509900
107.108000
107.711500
112.796400
114.169800
114.196800
117.075700
117.099100
118.340600
118.359400
120.987600
120.998800
150.085600
150.094800
150.103700
150.118900
150.130300
150.139400
150.148400
150.157700
150.166800
150.185400
150.201600
150.270800
150.356400
150.365000
150.421800
150.432100
150.586500
150.617000
150.660100
150.679900
150.693200
150.763300
150.775600
150.785600
150.835900
150.867000
150.875000
150.990800
151.006000
151.102600
151.113300
151.180100
151.204200
151.220900
151.276700
151.360500
151.376300
151.538100
151.609600
151.728700
151.814900
151.948400
151.956500
151.970800
152.133500
152.156100
152.679800
152.700400
152.974900
153.566100
153.602000
153.908200
154.282300
154.294700
154.307800
154.501300
154.777900
155.216300
155.466500
156.406600
156.815700
157.089700
157.108100
157.983600
157.996200
158.017100
158.031400
160.894600
160.931600
161.831700
163.986400
164.815500
167.630700
168.081100
168.102900
168.260000
168.272600
172.734500
173.356900
176.022000
177.308300
179.636200
179.647800
180.444000
180.464000
188.794800
189.717200
190.987400
191.004100
191.050400
194.284000
196.637600
196.681400
199.338000
199.370500
200.502200
200.534900
201.900000
205.478100
206.469000
208.733100
208.765600
214.267200
214.288100
215.269000
216.443300
218.234500
218.243500
227.375600
229.524900
240.488700
244.383400
251.535800
251.640600
253.102300
254.671000
254.719800
255.145300
255.163700
257.050900
257.066900
259.936200
272.069500
272.079000
272.089100
272.097900
272.108000
272.117300
272.126500
272.137300
272.145000
272.157900
272.202800
272.212100
272.247300
272.278200
272.727600
272.751800
273.060700
273.283800
273.294600
273.636400
273.916000
275.337400
276.298800
276.317400
276.333100
279.681000
280.690800
281.098200
282.223200
282.243900
295.450600
295.476800
299.428000
299.455000
303.621000
303.651700
314.125200
315.948000
317.873300
328.881500
328.915500
341.973100
348.795200
363.783000
369.592700
381.568300
391.488300
392.292900
392.299000
392.307100
392.319100
392.358000
392.376000
393.894700
393.912000
396.450900
403.852200
403.883400
408.392300
408.412900
424.188000
424.199800
430.789600
456.025000
512.340700
512.346800
512.354900
512.365800
512.374500
512.385700
512.399000
512.413700
512.436200
512.455400
512.473500
512.534300
512.568500
512.658000
512.706600
512.757500
512.821100
512.954400
513.038000
513.127500
513.225500
513.253000
513.368500
513.380400
513.540400
513.579200
513.650500
513.675500
513.820200
513.838200
514.002000
514.044000
514.167400
514.183600
514.292500
514.514200
514.848400
515.554800
515.745300
516.023700
516.037100
517.970000
517.990700
519.432500
520.453100
524.279200
524.351100
525.427600
533.786600
533.812100
548.035600
548.051000
555.379800
555.415200
568.558500
568.568300
568.593500
573.218500
587.603200
587.623500
607.096400
634.311100
634.320700
634.329600
634.340600
634.347700
634.356600
634.366100
634.373300
634.384500
634.397700
634.411500
634.429900
634.468500
634.729000
635.216100
635.547300
636.351500
638.533500
638.560800
639.201000
639.213500
639.232100
650.380800
656.107500
663.480600
663.500600
673.805800
681.550200
681.606400
686.780100
721.197000
721.214000
723.398500
750.969500
752.541500
754.513400
754.520100
754.527900
754.537200
754.547300
754.561300
754.572200
756.512300
756.528500
761.931900
816.338900
826.684200
826.697700
826.713700
835.710800
835.746500
858.330800
858.342400
861.684000
864.126900
864.150500
864.177000
874.540100
874.546000
874.551600
874.557700
874.563900
874.569400
874.575400
874.581500
874.587700
874.595300
874.604900
874.613900
874.623400
874.634400
874.645100
874.660000
874.675600
874.694900
874.719500
874.741500
874.759300
874.778100
874.798900
874.818000
874.838900
874.871400
874.919000
874.934900
874.952500
874.969500
875.027400
875.080400
875.140200
875.201800
875.252500
875.292400
875.318700
875.338400
875.408200
875.423000
875.551900
875.583300
875.626600
875.650900
875.677200
875.700300
875.741600
875.757700
875.795300
875.866800
875.879300
875.929200
875.955900
876.013400
876.038100
876.073000
876.141300
876.154100
876.242600
876.295500
876.318200
876.365600
876.440700
876.466700
876.546500
876.713200
877.225500
877.403200
877.439100
877.845000
878.055500
878.793400
879.036200
879.219500
879.816600
879.964600
880.681400
880.700500
881.604300
882.017800
882.419100
882.437200
882.468900
882.961900
883.327700
883.375500
884.064000
884.201100
884.760700
884.992000
885.001100
885.928000
886.287900
886.302100
886.321000
887.021800
887.040200
887.530400
887.763000
888.234400
888.402400
888.586100
889.591000
889.608900
890.161500
891.392500
891.942000
892.227700
892.539500
893.020500
893.171800
894.065500
894.436400
894.824200
895.336300
895.907300
896.827900
897.608300
897.633000
898.305300
898.944200
899.810100
900.674400
900.705900
901.163600
901.632100
903.609200
903.831400
904.124800
904.165700
905.225300
905.559200
905.579900
906.483600
906.503800
906.547300
907.031900
908.395400
909.044600
909.657400
909.673900
910.767200
910.846000
911.783800
911.803300
912.262900
913.286200
915.160200
915.834300
916.312600
916.983300
917.564400
918.594700
918.616300
920.679400
920.710100
921.052000
921.768800
922.705500
922.727600
923.241100
923.610800
923.634900
925.314200
925.328800
925.364600
927.170800
927.886200
927.959100
928.434800
930.036700
930.254200
930.579700
930.597700
931.109300
931.179300
932.248300
932.264500
932.636300
934.006800
934.018500
934.147100
935.187800
935.202200
935.657600
936.564700
937.152500
938.557700
939.738000
942.089700
942.568900
944.264700
944.759300
946.633300
949.414100
949.924400
949.948800
951.048700
951.328700
953.337600
953.355500
955.197700
956.265500
958.214700
958.830600
958.844200
959.109600
959.644200
962.840900
962.855200
963.766600
963.962500
965.567500
965.582500
967.764100
968.552400
969.710100
970.496500
970.518200
971.335100
972.285400
973.649500
974.901500
978.928000
978.980800
981.384100
981.409600
983.351100
983.370200
984.082700
984.726800
985.706400
985.736500
985.988900
986.037100
989.205700
990.119400
991.268700
992.726600
995.697600
996.466600
996.481600
996.509100
996.531200
996.537400
996.543900
996.551000
996.557300
996.563600
996.569800
996.576000
996.582100
996.588600
996.596800
996.604600
996.615000
996.627200
996.637800
996.650000
996.662800
996.693800
996.706800
996.721400
996.734800
996.775200
997.399600
997.522700
997.978500
997.997900
998.315300
998.517000
998.533700
998.985200
998.998800
999.636000
999.913000
1000.256800
1000.268200
1000.279300
1000.300300
1001.166600
1001.187100
1002.731600
1005.094300
1005.828100
1007.327400
1007.633500
1007.719200
1007.934900
1009.554100
1009.583000
1011.524300
1011.863600
1013.853600
1014.584200
1014.609400
1016.380700
1016.654000
1016.694700
1017.049000
1017.061900
1018.804300
1018.844700
1020.486700
1020.791100
1022.069500
1022.089300
1023.622100
1023.647300
1024.616300
1026.273800
1028.883600
1030.086000
1038.645500
1041.861300
1042.487500
1042.498100
1043.085600
1043.100200
1043.967400
1046.844100
1048.908400
1048.938800
1049.188600
1050.664700
1050.680300
1057.899300
1058.556000
1058.570100
1061.597300
1061.621300
1061.640800
1065.222400
1065.249200
1066.877000
1067.883700
1070.980900
1073.358200
1075.387400
1079.742700
1080.609800
1083.172400
1084.508100
1085.640600
