spike times
4.317800
4.331300
4.359300
10.445600
10.461200
27.121200
27.131800
27.142000
27.161300
27.193000
27.327000
34.946100
34.958200
34.973100
34.998100
37.093200
37.108100
37.143100
37.155500
37.180200
39.751400
39.760600
39.776900
39.790800
39.807500
39.847500
39.871000
63.311000
63.323100
63.343000
63.357900
63.449800
63.608400
63.782400
93.861200
93.869900
93.886400
102.670700
102.680000
114.091700
114.114400
114.134200
114.184600
121.252800
121.267300
121.283300
121.302600
125.021600
125.031100
125.067500
125.146000
132.215600
132.230700
132.244000
132.270600
132.292500
132.322800
153.781600
153.793600
153.810200
153.843800
153.856700
153.899600
192.798900
192.812600
192.832900
192.857400
192.877400
192.906500
193.013400
195.164700
195.173800
195.192300
195.217200
195.342900
195.369200
195.692500
207.486700
222.083700
222.101200
222.124100
222.153600
223.406300
223.427800
224.759400
224.771800
224.792300
224.854300
229.339800
229.353000
229.373500
229.405100
229.424800
232.516300
232.526300
232.563800
232.583200
249.619200
249.630800
249.649500
249.678600
249.697600
261.111100
261.135700
267.858300
267.874100
267.889300
267.924700
270.773000
270.781100
270.788700
270.799300
270.806700
270.821200
270.842800
271.092900
271.132300
271.169400
271.182300
271.206100
271.327700
271.370000
271.834700
271.987700
272.089600
272.834100
272.886000
273.825200
273.842900
273.859700
278.477900
278.499800
343.254400
343.279600
343.288100
343.301000
343.318000
343.329500
343.379200
343.408900
343.528800
360.101400
360.118500
360.140500
360.170600
360.206500
365.139200
365.188500
365.245900
382.857300
382.871700
382.900500
382.966000
392.319400
392.416800
392.429400
392.494300
392.524800
412.111000
432.319800
432.330300
432.340500
432.356100
432.405800
432.496000
439.337800
439.351700
439.362900
439.384700
439.404100
443.566800
443.574700
443.583700
443.598100
443.675300
446.955300
446.965000
446.974800
446.992700
447.009000
449.309300
449.319900
449.330300
449.342400
449.392800
449.410300
464.582200
464.596500
485.711600
494.600200
494.612400
494.623200
494.648400
494.716300
505.648300
505.657300
505.669000
505.704500
505.736900
510.422500
512.587600
521.236900
521.264100
521.277500
521.295000
521.353100
523.730500
523.741100
523.759800
523.789000
523.892000
528.964500
528.974800
547.689100
547.701900
547.724900
547.739300
547.875500
547.940200
567.437600
567.450100
567.466200
595.551500
595.568100
595.600300
595.611900
595.636100
595.660100
595.696100
595.746500
595.950300
598.906400
598.924900
598.936800
598.988200
616.744700
616.757200
632.766600
632.798400
632.808600
632.821200
632.833200
632.848200
632.961400
633.010200
633.164700
633.845200
633.866700
633.885500
633.995900
634.008000
634.018200
634.028400
634.052400
634.152300
634.158700
634.179900
634.219100
647.045100
647.063300
647.085500
647.107000
647.124100
682.078200
682.089500
682.220800
682.233300
682.246400
718.695500
724.197800
724.206800
724.224200
724.242400
728.333900
728.365700
728.380200
728.470300
739.100800
739.121300
739.130500
749.605800
749.621100
754.706100
754.715400
754.733800
754.745200
754.775400
754.791300
766.309200
766.326600
766.338100
766.360200
766.419100
807.365800
807.380800
807.404800
807.418300
807.433800
812.920500
813.300500
813.328300
813.356200
813.378300
826.161000
826.176400
826.205000
826.221500
833.140400
833.151600
833.162900
840.341600
840.358900
840.369400
860.888900
860.904100
860.914000
860.928500
862.509700
862.517300
862.574000
862.590800
862.677200
877.036100
877.053000
879.582800
879.603400
879.619100
879.632300
879.676800
879.797300
880.224100
880.236300
880.246900
880.279600
882.734800
882.747900
882.757200
882.768000
882.796400
889.746000
889.756800
889.780000
889.797500
889.839200
905.264000
905.282300
913.074000
913.106700
913.124800
913.150200
994.755200
994.768500
994.796700
994.810000
995.775400
995.799600
995.838700
995.857400
995.889100
995.920200
996.463000
996.495400
996.515500
996.526700
996.582900
1031.596400
1034.430700
1034.441800
1034.471300
1034.522400
1057.761400
1057.784000
1057.823100
1057.835400
1057.880900
1058.032600
1058.263100
1071.670200
1071.681900
1071.701900
1071.713800
1071.742200
1071.851000
1073.636400
1073.661300
1083.031800
1083.051400
1083.064000
1083.075600
1083.099000
