spike times
5.632300
5.646000
7.292300
26.392300
26.401800
30.079100
30.087200
30.102900
30.148600
30.155800
30.162000
30.204000
30.215900
30.240000
30.245300
30.695100
30.714800
40.255700
40.262700
53.379000
60.501200
88.002900
88.012600
88.024600
107.889300
107.897200
109.560100
109.568400
119.691700
138.819000
150.263700
150.268700
150.276200
150.283000
150.292100
150.305000
150.311000
150.318200
150.327400
150.380900
150.392100
150.420100
150.527400
150.541600
150.552400
150.626700
150.640500
150.648500
150.825700
150.927900
150.961500
150.968700
151.069200
151.102300
151.137400
151.166800
151.245000
151.256400
151.272900
151.381800
151.521900
151.541400
151.777600
151.797400
151.903900
151.911900
151.921200
152.046100
152.056300
152.112000
152.217100
152.773700
153.332000
153.352900
154.740900
157.306700
172.700800
172.723200
189.997200
202.492900
202.519600
213.887000
213.901500
220.696800
220.706200
272.271500
272.285600
272.295700
272.303500
272.313300
314.044800
354.346000
392.286400
392.292100
392.296600
392.301200
392.305300
392.308900
392.312400
392.316500
392.320200
392.324400
392.330100
392.335700
392.341200
392.347000
392.355500
392.362500
392.372200
392.451500
393.717100
401.371800
406.011200
408.070800
408.083500
408.098500
430.747900
454.113200
454.122100
495.123100
504.603200
512.482400
512.488600
512.493300
512.498100
512.502600
512.506300
512.509900
512.513900
512.517900
512.522300
512.527800
512.533000
512.538800
512.544600
512.550100
512.556200
512.566200
512.581700
512.590900
512.612300
512.633300
512.658200
512.664900
512.711400
512.719200
512.778400
512.785700
512.843000
512.891700
513.023100
513.060600
513.075700
513.085100
513.136500
513.146600
513.163000
513.193400
513.201800
513.209300
513.256400
513.362400
513.422300
513.536600
513.550000
513.607500
513.709100
513.720400
513.757500
513.810500
513.824600
513.845500
513.992400
514.000100
514.013400
514.025900
514.051700
514.144600
514.179600
514.191200
514.215700
514.306200
514.316200
514.451700
515.950800
515.966200
516.578500
516.586200
517.597300
518.301800
518.764600
518.793400
520.889600
520.896600
520.907400
524.014700
524.697700
526.408600
536.358300
536.369000
536.376700
536.383900
536.394000
541.175300
541.194900
541.206100
541.220200
545.826400
545.840100
547.315400
547.737100
553.255800
553.272100
553.713400
562.572700
568.107000
575.662200
580.115700
580.127200
583.490900
590.110200
590.119600
593.655500
597.719300
602.227900
618.247700
625.888700
634.480900
634.484400
634.488000
634.491500
634.495100
634.498500
634.501900
634.505500
634.508900
634.513400
634.518200
634.524400
634.531300
635.015700
635.038300
642.602700
642.615900
642.657800
647.063700
667.963900
690.416600
721.643100
727.919700
727.939700
739.597200
739.606900
739.615600
739.630900
754.501300
754.504500
754.507400
754.510400
754.513200
754.516000
754.518900
754.521800
754.524600
754.527500
754.530400
754.533300
754.536500
754.539400
754.542600
754.546200
754.549800
754.553400
754.557000
754.561100
754.565400
754.569800
754.575000
754.581900
754.588400
754.594400
754.600600
754.609600
754.616000
754.622700
754.629700
754.639300
754.645600
754.657900
754.667400
754.680400
754.697700
755.726600
755.737600
756.086200
756.097300
756.516500
757.062400
757.833800
757.890200
759.096600
759.899600
760.124600
770.079900
773.989300
776.603100
779.790000
780.872400
782.873700
786.558300
786.574700
788.434300
788.444500
791.443500
791.464300
802.560700
806.835400
806.844800
816.078400
816.090000
816.101000
822.672400
822.687300
823.454900
823.464400
837.627000
840.234300
840.244900
841.467700
854.196800
863.536000
863.543500
865.870200
867.362300
867.371800
874.705900
874.709300
874.712200
874.715100
874.717900
874.720500
874.723000
874.725400
874.727900
874.730500
874.733200
874.735800
874.738400
874.741100
874.744000
874.747200
874.750100
874.753300
874.756500
874.759900
874.763300
874.766800
874.771100
874.775500
874.779500
874.784000
874.788300
874.793700
874.799500
874.804500
874.810500
874.815900
874.821400
874.827900
874.836700
874.846900
874.853500
874.873000
874.889800
874.901200
874.913700
874.923400
874.930600
874.947300
874.964900
874.972700
874.989000
875.012900
875.029900
875.054700
875.062100
875.077300
875.106100
875.120100
875.133000
875.146000
875.166500
875.176300
875.202100
875.223600
875.240100
875.254800
875.265700
875.289400
875.299100
875.334800
875.351400
875.366300
875.374300
875.395100
875.404100
875.416600
875.444500
875.455100
875.479100
875.498100
875.512800
875.522900
875.544400
875.565900
875.582200
875.594300
875.629100
875.643500
875.662400
875.675200
875.693600
875.706000
875.716300
875.754200
875.764500
875.795100
875.811500
875.826900
875.835300
875.854400
875.874100
875.892900
875.905900
875.938000
875.954800
875.973300
875.989700
876.018600
876.032900
876.046800
876.057900
876.077000
876.097300
876.138000
876.146300
876.165400
876.187700
876.202900
876.215700
876.263100
876.273800
876.291400
876.315800
876.332100
876.362300
876.371200
876.399000
876.420100
876.435300
876.457300
876.479900
876.512500
876.526300
876.553500
876.572300
876.612800
876.625600
876.644500
876.663500
876.683000
876.704900
877.438300
877.735300
877.796400
877.931900
877.941000
877.958300
877.972000
877.986000
878.141000
878.455600
878.610600
878.698400
878.704400
878.722700
878.740700
879.010600
879.222900
879.409800
879.565800
879.573800
879.584700
879.844500
880.031100
880.038200
880.195700
880.304600
880.312200
880.320900
880.339000
880.350900
880.364200
880.585200
880.847000
880.923700
880.933000
881.083900
881.100200
881.129300
881.521700
881.534900
881.554300
881.567200
881.573200
881.583200
881.837700
881.845500
881.992800
882.169500
882.176500
882.184200
882.285600
882.370800
882.418300
882.425900
882.435600
882.469500
882.862900
882.870400
883.457600
883.642300
883.650200
884.134900
884.276100
884.285900
884.436500
884.444800
884.459000
884.533600
885.277400
885.285200
885.320200
885.330400
885.503400
885.521100
885.531700
885.658000
886.281400
886.395100
886.412900
886.606500
886.623300
886.706100
887.032600
887.042800
887.130300
887.722900
887.736000
888.402700
888.656100
889.079500
889.085900
889.102600
889.662400
889.972500
889.977800
889.991600
890.679100
890.788000
890.843200
891.191700
891.618200
892.266100
892.951900
893.443800
893.738900
894.183000
894.674300
894.926700
895.315000
895.775900
895.964700
895.973300
895.981600
896.011500
896.550900
896.772600
897.121100
897.689500
897.749300
898.494800
898.863200
899.321100
901.098900
901.148000
901.429900
902.379900
902.987300
903.410400
903.575800
904.332800
904.719900
904.729300
904.745100
904.884400
905.674700
905.684200
905.880200
905.894000
907.431000
907.442000
908.450700
908.817700
909.389300
909.818100
910.045200
910.412100
911.145300
912.281200
912.295300
913.393400
913.594700
913.610900
914.880700
914.892200
915.655400
915.669400
916.891300
917.935500
918.533100
919.572500
920.154300
921.554300
921.565400
923.115900
923.133800
923.410000
924.545900
925.021300
925.029800
925.041300
925.275200
927.174400
927.184600
927.199600
927.206700
927.564600
928.443200
928.456600
928.700000
928.718900
929.936900
930.044900
930.554900
932.316100
932.328900
932.347900
932.356200
933.614500
933.630100
934.133500
934.143800
934.571800
934.808400
935.238800
936.013700
936.624300
937.132300
937.165100
938.248400
938.264000
938.273200
940.939000
940.964300
940.981300
941.746600
941.758300
941.946500
941.953500
942.289500
942.449600
942.821300
942.831100
944.664300
945.772700
947.182800
947.868900
947.879800
948.756400
948.764700
949.381300
950.133800
950.186100
950.199000
950.207900
952.527400
952.554200
954.257700
954.669200
954.681500
956.314700
956.492300
956.894400
958.259800
959.813000
961.663900
962.227100
963.180200
963.188500
963.198700
964.784900
965.749600
965.758700
967.756300
967.957100
967.983400
968.421700
970.040300
971.190700
971.372700
971.382600
973.298600
973.857200
973.877900
975.342800
976.484400
976.601300
976.624200
977.342500
977.355300
977.365000
978.668800
979.458700
979.465100
979.471300
979.478600
979.498000
979.515900
980.068100
981.857400
981.883200
984.401400
986.133100
986.792200
989.818300
991.103900
991.389400
991.400000
992.348200
995.864100
995.872700
995.901900
996.705100
996.708400
996.711400
996.714100
996.716800
996.719300
996.722000
996.724600
996.727100
996.729600
996.732300
996.735000
996.737900
996.740900
996.743900
996.747100
996.750600
996.754400
996.758200
996.762300
996.766100
996.770300
996.775600
996.781300
996.786500
996.799800
996.808600
997.382200
997.393500
997.527900
998.281000
998.832000
999.706900
1000.112100
1001.872100
1001.884300
1003.481300
1003.490600
1004.996300
1005.028800
1005.321200
1005.331800
1006.954100
1006.976200
1007.879100
1008.128200
1008.626000
1009.529600
1009.546300
1009.667900
1010.754700
1010.762800
1010.771600
1013.391900
1013.404800
1015.995100
1016.504100
1017.968700
1018.698400
1018.709400
1018.721800
1018.730100
1018.742000
1019.368600
1019.389500
1020.173400
1020.357300
1020.697200
1021.460400
1022.425400
1022.961300
1022.970800
1023.514400
1024.343100
1024.348400
1024.354900
1024.362300
1025.311500
1025.404600
1028.403000
1030.816700
1032.952900
1032.964700
1032.978400
1035.010500
1035.562300
1037.655900
1037.689000
1038.621900
1039.989200
1040.000000
1041.686000
1041.728900
1042.997100
1043.166500
1043.183000
1045.842100
1046.059600
1046.070000
1047.829600
1047.842200
1047.851300
1050.101000
1054.527800
1054.536800
1054.555000
1054.570400
1057.202700
1057.231300
1059.706700
1059.723000
1063.715600
1064.224100
1066.527900
1066.906500
1070.930100
1070.963700
1071.011800
1074.653000
1077.675700
1077.684100
1079.632300
1079.641900
1083.087400
1084.114400
1084.124100
1084.136700
1086.483700
