spike times
5.235400
5.249800
19.430300
30.143300
30.153200
30.262700
30.309700
30.365600
30.375600
30.388300
30.400000
30.414800
30.430800
30.524800
30.571100
30.606000
30.669600
30.792600
30.805300
30.819200
30.829100
30.842900
30.921500
30.956800
30.972000
31.105400
31.113500
31.123700
31.139500
31.152600
31.176800
31.188000
31.210800
31.273700
31.377800
31.410500
31.490300
31.499800
31.655300
31.664100
31.679500
31.686500
31.770400
31.780900
31.842100
31.970900
31.981600
32.192300
32.570500
32.659100
32.710700
32.719700
32.746200
33.263200
33.758600
33.775500
34.443300
34.479000
43.463600
44.752600
46.091800
76.845600
76.858200
76.869000
76.900900
92.923000
134.049300
134.071300
134.088700
152.236400
175.535000
188.247600
223.336500
266.501800
266.545500
266.565800
272.125900
272.139700
272.155300
272.180400
272.193200
272.214100
272.253900
272.270100
272.307600
272.330300
272.963100
272.975300
303.252200
357.047800
392.292200
392.303900
392.312300
392.319100
392.325000
392.330800
392.337100
392.343800
392.363300
392.376800
392.383900
392.391900
392.404000
392.414600
392.424200
392.470000
392.536700
392.547200
392.555900
392.567400
392.578700
392.589900
392.600500
392.621400
392.684700
392.710800
392.736100
392.758500
392.773600
392.783500
392.801100
392.812300
392.837900
392.907500
392.976300
393.044300
393.060800
393.084400
393.115600
393.127900
393.202700
393.212400
393.228500
393.241100
393.250500
393.294100
393.309100
393.320300
393.332900
393.403500
393.485900
393.508200
393.547400
393.613400
393.633600
393.702700
393.726800
393.758900
393.776700
393.807300
393.857400
393.901500
393.912400
393.923800
393.985800
394.045100
394.052800
394.133000
394.651900
395.410300
395.429300
395.896500
396.466900
396.518400
396.532800
396.569500
396.778600
397.141300
397.711900
399.316300
399.337600
400.139100
400.582300
407.071000
407.122800
408.236500
410.214500
410.227600
410.257200
410.899600
416.528400
416.554200
417.328000
417.341300
418.842000
424.754900
424.806500
433.043300
435.370400
435.383600
440.192100
440.858800
440.877600
440.939000
440.951100
443.602600
444.740400
453.398300
453.488200
454.038700
457.097000
461.296200
470.318100
471.527900
475.103700
475.195600
477.960500
477.985800
481.091300
481.704900
481.714100
481.725200
482.291700
483.526300
483.534700
488.768900
492.804900
511.580300
514.302000
514.313000
514.324200
514.335400
514.392400
514.406300
514.416700
514.516000
514.683700
514.700700
515.875500
515.891300
515.920000
515.940800
517.728100
521.536200
521.556200
533.021200
533.054100
536.866200
566.996400
578.361900
579.140000
579.198500
579.220700
579.403600
582.968500
584.192600
584.215100
585.267300
590.388700
592.815900
592.831300
620.061200
627.502700
630.818400
634.312600
634.319600
634.326400
634.333700
634.345500
634.350800
634.356300
634.361700
634.368900
634.376100
634.384300
634.395900
634.414900
634.430100
634.445900
634.458700
634.466300
634.476200
634.507300
634.529400
634.632500
634.720700
634.737000
634.940300
635.059000
635.158700
635.660400
635.726300
635.782000
638.027700
638.051300
638.074100
638.098500
643.045600
643.097300
643.951800
643.971700
667.693000
674.080300
674.139200
674.264900
674.277200
674.365000
675.830300
690.819200
712.367300
715.642600
715.661700
715.701000
717.451300
717.480700
720.833100
726.662300
735.506100
738.161200
738.452600
738.460600
738.682600
740.021900
741.851800
741.871400
742.466800
743.630300
743.649800
754.505800
754.516900
754.522100
754.528100
754.534800
754.539800
754.546100
754.551200
754.557000
754.566700
754.571700
754.576500
754.582300
754.588200
754.595400
754.602600
754.610600
754.617900
754.627100
754.636700
754.649000
754.675800
754.687300
754.704700
754.756400
754.766400
754.774100
754.786900
754.824900
754.834100
754.845700
754.858900
754.870900
754.893800
754.952100
755.014100
755.032000
755.041400
755.052500
755.089500
755.108500
755.161900
755.173100
755.211200
755.225900
755.259200
755.272500
755.298700
755.358600
755.395800
755.404800
755.418200
755.429300
755.447100
755.546700
755.556900
755.623500
755.632500
755.667200
755.677600
755.707200
755.716300
755.741400
755.798100
755.807700
755.852900
755.863400
755.892600
755.974900
756.024000
756.049900
756.060000
756.080400
756.108100
756.151600
756.175200
756.276000
756.335600
756.359800
756.369200
756.463800
756.475000
756.485900
756.647700
757.254400
757.747900
757.792300
757.801300
758.033800
758.046200
758.432300
758.804700
758.835000
758.855600
759.132000
759.573800
759.995300
760.016800
760.428700
760.440700
761.055000
761.366300
763.206200
763.287100
763.459300
763.470700
763.513600
765.167700
765.962600
765.977300
766.191000
766.232200
766.554300
771.897900
772.059100
772.079800
774.664500
775.305500
775.313300
775.324600
775.358500
776.229000
776.890200
779.203200
779.220200
781.568500
783.459000
784.972300
784.995900
786.732800
789.866300
791.602800
797.887200
799.760300
801.467800
802.510800
804.105800
805.026200
805.372600
805.826000
812.166300
813.584000
814.429600
814.457000
819.288400
820.655100
822.781400
823.516300
826.711200
832.505500
833.858900
834.440000
839.928900
841.564700
844.824000
845.415100
845.891400
849.226200
853.175800
853.392000
853.461100
853.954500
854.280200
855.500600
857.887100
857.907900
874.159800
874.209800
875.474000
876.508400
876.513000
876.517700
876.522000
876.526200
876.530500
876.534700
876.538900
876.544200
876.549100
876.554600
876.560700
876.568700
876.580100
876.593700
876.863400
876.892300
877.001000
877.020900
877.285500
877.991500
878.661300
878.676100
878.762500
882.176700
883.428500
883.451600
883.472500
883.494500
886.903800
886.927600
887.844200
888.918100
892.053300
892.086700
893.198400
893.268300
894.142600
894.158200
894.520400
898.176300
898.189400
898.359300
898.388500
899.798100
900.020200
900.040800
900.878500
900.891900
900.910400
903.450200
903.465600
906.771200
915.627400
915.640500
915.656700
915.672400
915.686700
915.725400
917.714900
918.917100
924.025500
924.844300
924.864100
924.909900
925.645300
925.681800
929.040900
930.232900
934.358900
934.374000
934.391700
934.404100
934.417500
934.432500
936.044800
937.887900
938.715600
941.236900
941.254900
943.923200
943.950500
949.464000
949.474300
955.775800
956.632300
959.813800
959.862300
966.054300
978.765500
980.359200
981.401800
981.459300
983.078600
987.143500
987.788500
991.447700
991.464000
996.539400
996.544400
996.549000
996.552900
996.557100
996.560800
996.564800
996.568600
996.572300
996.576300
996.580100
996.583900
996.587900
996.592000
996.596400
996.601000
996.606300
996.611300
996.616000
996.628400
996.652200
996.663000
996.699400
996.741100
997.250800
997.295700
997.505400
998.192800
998.355000
998.500100
998.661200
998.967700
998.989600
999.395700
999.409400
999.552700
999.573100
999.875600
1000.502200
1000.516200
1001.406300
1002.168000
1002.604900
1002.689900
1002.707200
1002.912400
1007.429400
1010.441900
1010.913900
1017.937100
1023.300400
1023.312200
1023.895400
1025.147900
1025.193300
1026.659500
1027.211300
1027.783100
1028.318900
1032.701500
1032.722200
1036.303500
1043.536700
1046.653000
1046.672800
1048.296500
1050.402400
1050.930400
1051.481800
1051.522700
1051.563700
1057.496000
1057.510900
1060.010100
1061.036300
1061.054100
1062.897400
1065.119500
1066.600900
1067.268400
1067.994000
1068.007500
1068.021700
1073.423900
1073.437700
1073.448800
1076.848900
1083.730700
1085.595900
1085.614200
