spike times
1.992300
2.002000
2.017200
4.367300
4.383200
12.778100
12.791500
12.805000
12.814100
12.826200
16.144100
16.151500
30.045000
30.084000
34.252200
34.265500
35.864600
37.324300
37.349000
37.358100
37.372600
37.387500
40.076800
40.086900
40.111600
40.123600
41.771300
41.783300
41.792400
41.803300
45.638200
54.145900
54.167400
54.180600
54.197900
54.264200
55.543900
55.551500
56.045600
56.058200
56.069000
56.262100
56.899700
56.922500
56.937300
56.958800
57.063000
57.074300
57.091600
57.857600
60.777600
60.808100
62.664100
68.907000
69.807600
69.817400
69.827200
71.072600
72.922600
72.933000
73.614700
74.584400
74.596000
76.749100
76.767700
76.780300
76.810200
79.159400
79.175200
81.064500
81.079600
81.119700
81.175700
81.190800
104.648100
104.658900
104.669400
111.976300
112.005700
116.576200
116.586800
116.598200
116.625100
118.884800
118.900700
118.916300
118.927400
119.731700
119.741800
120.843900
120.867600
120.880600
120.901400
121.328600
121.354700
131.577800
131.625800
131.635400
131.744000
131.766100
135.365000
135.383100
135.398400
138.747200
142.935100
142.947900
144.102900
145.612600
150.076200
150.104700
150.122700
150.191800
150.203600
150.223200
150.238500
150.343300
150.370100
150.899400
150.929800
150.947300
150.965600
154.543000
159.044600
159.068500
159.078100
159.093000
161.130700
161.143300
161.153600
162.715100
162.727100
162.736500
162.753100
162.776200
163.421000
163.434600
163.456500
163.469200
163.505000
164.161200
164.171400
169.066400
169.102200
169.112000
169.123800
169.144400
169.160300
173.589700
173.602600
173.614600
173.730000
173.784800
177.185200
177.574600
177.584400
179.965200
179.973900
179.982800
188.656800
188.667200
191.351000
191.360800
191.410900
194.135300
194.845700
194.873400
198.527600
198.538200
198.553500
198.567600
198.761400
198.768000
198.786400
198.819700
199.279100
203.706300
205.452100
205.474000
205.537200
205.563100
205.619700
207.346500
207.364000
207.382700
207.406400
207.453200
208.720400
208.729600
222.561700
222.573800
222.594400
222.609500
222.622500
223.452800
223.471700
224.845400
224.870600
225.008100
225.023200
225.034900
232.818600
232.828800
232.843500
234.228700
234.240800
234.261500
235.082100
235.099800
235.117900
236.641600
238.635200
247.406200
261.078200
270.395900
270.430300
270.471800
270.477400
270.485300
270.502400
270.512300
270.557600
270.600000
270.613500
270.625100
270.636300
270.647500
270.665100
270.678200
270.768100
270.781000
270.789700
270.800300
270.891500
270.987400
271.013400
271.035700
271.289000
271.383400
271.393200
271.422100
271.436400
271.503300
271.522000
271.649000
271.655900
271.664100
271.676900
271.755600
271.765600
271.882500
271.889800
271.897500
271.907400
271.934000
271.942400
271.952600
271.967200
272.242400
272.837300
272.850300
272.886500
273.015500
276.564400
276.583000
277.320200
277.331600
277.349000
277.358800
277.374700
278.964400
278.978800
280.591300
280.600900
283.499900
284.219800
284.232600
284.259900
284.686400
284.702200
288.646300
288.655500
288.664800
288.707100
288.735200
294.625300
296.017900
296.030500
296.997400
297.455000
297.465600
297.482000
297.504100
297.525700
306.478100
307.534600
309.853200
309.869800
315.929000
315.943500
315.954600
315.963500
317.217100
317.238400
321.108300
321.117100
323.698100
324.966700
324.984200
324.993400
328.774300
330.132900
330.159800
334.586500
334.600800
334.610100
334.621600
334.654400
336.206900
336.231000
336.252600
336.262300
347.572700
347.583700
347.595700
349.409900
349.417500
349.427000
349.440400
349.469400
355.071700
366.855800
366.868900
366.877500
371.548500
385.477700
389.177300
390.657600
390.669400
392.363200
392.371600
400.222300
400.241100
400.486400
400.500800
400.522500
400.616600
405.054900
407.860300
407.894900
413.704000
421.746200
421.763600
421.780000
421.843500
421.862500
423.187300
423.197200
423.206900
423.218000
423.229400
433.432500
433.446500
439.279000
439.286900
439.293500
439.306300
440.963800
440.981900
441.043100
441.071100
442.041600
442.049900
442.077800
442.688500
442.719300
442.733900
442.760800
452.777800
452.786500
455.005700
455.018500
456.334100
456.344800
456.359800
456.385300
463.592900
467.229100
467.243100
467.275900
467.293900
467.316400
467.366500
470.909400
470.924400
470.935400
475.420800
475.439400
476.439600
476.490400
477.796500
480.621400
480.632100
480.643500
480.653600
480.666800
480.685600
480.750800
489.313800
493.592600
498.503800
498.513800
498.538600
498.584700
498.638500
508.889900
508.898800
509.450600
510.292900
510.304700
512.311100
512.318100
512.325000
512.331100
512.336400
512.342400
512.347700
512.353900
512.360000
512.365600
512.371200
512.378800
512.387400
512.402300
512.411700
512.433800
512.442300
512.469300
512.479900
514.062500
514.099500
514.147900
521.741800
521.754100
521.798500
533.901300
543.135800
548.662000
548.709700
556.188700
556.207300
559.773300
564.286800
564.296700
564.309400
564.892600
564.904200
564.952700
569.378000
569.395200
569.409700
569.421700
569.542800
569.563500
569.615300
570.524600
574.573100
575.507700
575.523600
575.871100
582.146700
586.147900
592.275700
592.287800
592.308300
592.797800
592.817300
593.291200
593.504300
593.625700
593.635700
593.661200
598.066900
598.090100
598.127300
600.317700
600.329500
600.366100
600.382500
600.603500
604.436500
604.463000
609.506000
610.575500
611.148900
611.159900
612.420400
612.430200
612.443800
612.459800
616.359300
616.380800
616.395300
625.170600
625.225200
629.735900
629.762000
632.526100
632.531100
632.535500
632.539700
632.544800
632.550200
632.554600
632.558900
632.563700
632.569500
632.576600
632.584700
632.594900
632.629000
632.643900
632.662200
632.672000
632.682600
632.770400
632.776800
632.826600
632.835700
632.846600
632.862800
632.915100
632.942400
632.978900
632.994000
633.001500
633.008300
633.015500
633.094300
633.123100
633.168800
633.205200
633.226400
633.253700
633.368600
633.401500
633.411100
633.438700
633.527100
633.538800
633.605100
633.614800
633.637500
633.650100
633.728200
633.746300
633.803400
633.812900
633.879700
633.893300
633.910000
633.935000
634.045900
634.118500
634.129600
634.178300
634.186700
634.224900
634.240900
634.260300
634.284400
634.299200
634.403500
634.416800
634.431900
634.478700
634.496600
634.991600
635.300000
635.526900
635.533500
635.548300
635.559300
636.386000
636.400800
636.453300
636.500000
636.753100
636.760700
636.768000
636.776400
637.596200
637.610400
637.624300
638.500700
638.509000
638.619800
638.631500
638.668100
639.520800
639.573000
639.586800
640.700500
640.852800
640.894600
643.026900
643.047100
643.066700
643.189800
643.206500
643.219900
643.963300
644.031400
644.781400
644.799900
644.841300
645.556300
645.601800
645.615600
645.626100
645.642700
645.784700
645.802600
646.856100
646.947100
648.281800
648.294600
648.309100
653.646900
654.444500
656.984200
664.510900
664.547600
664.585200
664.598500
667.259500
667.310300
668.315800
668.328200
668.366700
668.387400
669.032600
669.041600
670.820300
672.462900
672.471700
672.478400
672.485900
672.496100
673.894200
675.357200
675.364600
675.374600
677.626300
677.659800
678.437200
678.468100
678.486600
678.499100
680.971300
680.980300
680.989000
681.549500
681.880400
687.008900
687.030000
687.047800
688.301000
688.938500
688.947900
688.957500
688.967500
699.922000
704.189400
704.228900
705.624600
717.450700
717.460200
717.477400
723.664400
723.675400
723.688600
732.659400
732.699200
732.855700
735.035800
735.047300
735.079200
735.121500
735.136000
735.147100
744.629300
744.637700
745.157600
745.171500
745.184200
754.508300
754.513400
754.519800
754.524500
754.529000
754.532800
754.537100
754.542200
754.547800
754.555900
754.568900
754.576800
754.586500
754.899800
754.924600
754.953600
755.157100
756.344600
756.367600
756.500900
756.512400
761.756400
762.462900
762.471700
762.482200
779.960000
779.970200
779.999100
787.802500
787.825300
788.953300
788.974500
790.859000
790.872600
790.888400
790.909000
797.621300
797.631700
797.642700
800.123000
800.142500
800.159300
800.180800
803.079100
805.668900
805.685900
806.364600
810.566700
810.578600
810.608000
810.641600
812.369500
812.382000
812.422900
814.518500
814.533000
814.563400
815.059000
815.069500
815.095100
815.112000
818.047600
818.059700
818.328500
832.033100
832.239200
835.866300
836.624900
836.640100
843.880500
843.889200
843.930500
844.135100
850.185300
850.193900
851.531300
851.553100
851.570100
852.350000
855.968500
860.977200
861.000900
861.012500
867.584900
867.602100
868.555000
868.563500
868.591600
869.069500
869.081200
871.597000
874.419300
874.475100
874.537300
874.540800
874.544000
874.547400
874.550800
874.554500
874.557900
874.561400
874.565000
874.568700
874.572900
874.576500
874.580200
874.584200
874.588300
874.592400
874.596900
874.601600
874.606600
874.612200
874.618200
874.624500
874.630500
874.637900
874.645400
874.651400
874.657000
874.664000
874.673200
874.681500
874.693400
874.703300
874.715300
874.737200
875.257300
875.276900
875.568600
875.582300
875.712800
875.720400
875.739500
876.673100
876.684900
876.701000
876.988800
877.015500
877.081500
877.096500
877.104600
877.114900
877.121800
877.144700
877.825800
877.835600
877.860000
878.118200
878.758300
878.771800
878.786000
878.796000
880.279000
880.290500
880.304400
881.126100
882.254900
882.271500
882.281800
882.294500
885.644500
885.668800
885.779500
885.814200
886.466900
887.612300
887.622900
887.649700
889.547400
890.304100
893.947400
897.366600
899.340900
899.398700
899.828000
900.884100
901.995300
902.008200
904.710800
904.724500
916.713900
916.724500
918.075700
918.083300
918.117700
918.228300
918.389500
918.412900
918.472900
928.345600
929.261000
929.286700
930.534500
930.551600
932.109900
932.134900
932.151200
932.185000
932.202700
936.345000
937.375600
941.946800
946.244900
946.256000
947.194700
947.203500
947.212400
948.661800
949.071400
949.084200
950.477600
950.486200
950.500000
952.432800
952.443500
952.526100
960.129800
967.828600
967.841600
967.868400
975.338600
975.350400
975.698200
975.727000
975.751800
975.763800
979.946800
980.024300
980.034900
980.050000
980.096200
985.574400
989.778700
993.686600
993.695200
993.708800
993.723600
993.780700
994.732500
994.737400
994.741700
994.745600
994.749200
994.752500
994.756100
994.759700
994.763100
994.766900
994.770400
994.773600
994.777600
994.781500
994.785100
994.789400
994.793800
994.799000
994.803700
994.808100
994.813000
994.817700
994.823100
994.829400
994.835400
994.842100
994.849300
994.856300
994.862300
994.870400
994.877500
994.888300
994.896000
994.907300
994.914400
994.922900
994.930200
994.940100
994.949800
994.960200
994.980900
994.991300
995.000200
995.018900
995.027100
995.052800
995.066800
995.075900
995.088200
995.133800
995.149700
995.169400
995.188800
995.232200
995.243100
995.283900
995.297200
995.308100
995.317300
995.324900
995.373800
995.386000
995.420300
995.447600
995.456400
995.463900
995.476200
995.498600
995.516000
995.561400
995.574400
995.583100
995.604000
995.633100
995.648700
995.657300
995.683500
995.699800
995.721300
995.732000
995.749500
995.767300
995.819300
995.836000
995.846400
995.862700
995.882900
995.893700
995.918400
995.928400
995.946400
995.957300
995.973400
995.993300
996.020900
996.042500
996.052700
996.099500
996.119900
996.132700
996.176500
996.200300
996.215100
996.224000
996.232000
996.245100
996.269300
996.279600
996.293100
996.316600
996.328200
996.366400
996.395500
996.404300
996.431400
996.440300
996.507700
996.519600
996.528600
996.539900
996.549300
996.566100
996.590200
996.605200
996.663000
996.673500
996.688200
996.708700
997.019400
997.355700
997.364500
997.387600
997.410300
997.520100
997.562300
997.597600
997.947000
997.956400
997.983700
998.083100
998.090000
998.099200
998.115500
998.315900
998.324000
998.461600
998.469500
998.476500
998.732200
998.885000
998.892500
998.949800
998.971400
999.050900
999.214900
999.319500
999.334000
999.387300
999.402200
999.570300
999.576600
999.597500
999.619700
999.765200
1000.003900
1000.092400
1000.197800
1000.564100
1000.662400
1000.669300
1000.679700
1000.889700
1000.902000
1000.914100
1000.921900
1001.136500
1001.229800
1001.280400
1001.287100
1001.311300
1001.321800
1001.329500
1001.647100
1001.661900
1001.753400
1001.788700
1002.068000
1002.078500
1002.087600
1002.105200
1002.123600
1002.699500
1002.706000
1003.211900
1003.255700
1003.262500
1003.269500
1003.289400
1003.316800
1003.352100
1003.401400
1003.728100
1003.739300
1003.755000
1003.848400
1003.904400
1004.009800
1004.081700
1004.105300
1004.222500
1004.333700
1004.412400
1004.647400
1004.837500
1005.029300
1005.041000
1005.312700
1005.320000
1005.329900
1005.405100
1005.422300
1005.590000
1005.653900
1006.035100
1006.524500
1006.533500
1006.544900
1006.557800
1006.568700
1006.658800
1006.935700
1006.988300
1007.509500
1007.520200
1007.528300
1007.546900
1007.652900
1008.019000
1008.445000
1008.497200
1008.584600
1008.594600
1008.602000
1008.613700
1009.082200
1009.479300
1009.502200
1010.114500
1010.122300
1010.128500
1010.134500
1010.154200
1010.179900
1010.191000
1010.430000
1010.703500
1010.998500
1011.014500
1011.199600
1011.219700
1011.356000
1011.380000
1011.871900
1012.199000
1012.384100
1012.396000
1013.032000
1013.046700
1013.058400
1013.077200
1013.103700
1013.218300
1013.635600
1013.647500
1013.654300
1013.666600
1013.673600
1013.691000
1013.905000
1013.935600
1013.949000
1015.381000
1015.393900
1015.400400
1015.406200
1015.420600
1015.445100
1015.455300
1015.486400
1015.813800
1015.922200
1016.117000
1016.126100
1016.189900
1016.817300
1017.132000
1017.146000
1017.205100
1017.265000
1017.853000
1017.863700
1018.840500
1018.862000
1019.498100
1019.532000
1019.540000
1019.552300
1019.687900
1019.701300
1019.725000
1019.992300
1020.107400
1020.523500
1020.532100
1020.540200
1020.546300
1020.554500
1021.056900
1021.066100
1021.082200
1021.199300
1021.416900
1023.003200
1023.352100
1023.364000
1023.507200
1023.516200
1023.535400
1023.548500
1023.557300
1023.577500
1023.839600
1023.850700
1023.862900
1023.887300
1024.050200
1024.747100
1024.788700
1024.807300
1025.173500
1026.492700
1026.507000
1026.896500
1026.921100
1026.940200
1027.003900
1027.014700
1027.333600
1027.342000
1027.353800
1027.374200
1027.865400
1027.873800
1028.220400
1028.229700
1028.240900
1028.687400
1028.701000
1028.909500
1028.917400
1028.927500
1028.942600
1029.102600
1029.131300
1029.205600
1029.215300
1029.412000
1030.168600
1030.176300
1030.191700
1030.404700
1030.721100
1030.731700
1030.760600
1031.049500
1031.063200
1031.073000
1031.881400
1032.179300
1032.199500
1032.440400
1032.465200
1032.503200
1032.547300
1032.953300
1033.023000
1033.071000
1033.415700
1033.425200
1033.433900
1033.440600
1033.450600
1035.118600
1035.134900
1035.697800
1035.709200
1035.718600
1036.381400
1036.396900
1036.406700
1036.818900
1036.837700
1038.280600
1038.290300
1038.301000
1038.324000
1039.290800
1039.302000
1039.866600
1040.101100
1040.127400
1040.414400
1041.024400
1041.047900
1041.561000
1042.276000
1042.291500
1042.302100
1043.325300
1044.228000
1044.242400
1044.254200
1044.268400
1044.326300
1045.290900
1045.629300
1046.854000
1047.053600
1047.452800
1047.462200
1047.690200
1047.708700
1048.379600
1049.134000
1050.303600
1051.259800
1051.297900
1051.308100
1051.325100
1053.080200
1053.089700
1053.100000
1053.446200
1053.463500
1053.490400
1055.031400
1055.328900
1055.343700
1055.687800
1056.764100
1056.788600
1056.800200
1057.275600
1057.513800
1057.687200
1057.700000
1057.846800
1057.912100
1057.921200
1058.634800
1058.650500
1058.684200
1058.962600
1058.979700
1059.000900
1059.014700
1059.118500
1059.861800
1060.125400
1060.136100
1060.800300
1060.814700
1061.252400
1062.097300
1062.624000
1063.103100
1064.040900
1064.640400
1064.653800
1064.714100
1064.722300
1066.051600
1066.156900
1066.170700
1066.185700
1066.222100
1066.231200
1066.617500
1066.629700
1066.639200
1066.695300
1067.259400
1068.480600
1068.488000
1069.342900
1069.358300
1069.401000
1069.411000
1069.419300
1069.613700
1069.634500
1069.920000
1069.934300
1070.028200
1075.104800
1075.119400
1075.134300
1076.804500
1076.813700
1076.871800
1077.121500
1077.130900
1077.141600
1077.157300
1078.023900
1078.035100
1079.809800
1079.828600
1081.283900
1081.528500
1081.540300
1081.562600
1082.375700
1084.063700
1084.089400
1086.472400
1086.489400
1086.589300
