spike times
14.779500
14.792100
14.805000
14.843000
15.886300
15.898700
17.557500
30.107300
30.126500
30.141000
30.174800
30.184300
30.196300
30.219200
30.238100
42.063300
42.074200
50.260900
50.272700
50.282900
55.467100
65.818900
65.836100
67.452400
67.467000
70.713100
71.978900
73.128400
73.161000
75.207500
78.456200
78.506300
78.517300
83.219400
83.238500
83.267000
83.306600
83.876800
93.454900
93.463700
94.928200
94.952400
97.925200
105.180900
105.215400
105.244100
105.304200
115.207600
124.733200
126.765700
126.792600
126.831100
142.670100
142.685300
143.713000
143.724400
150.261900
150.269100
150.276300
150.285300
150.307200
150.313000
150.320600
150.329700
150.357500
150.455900
150.507500
150.518400
150.610200
150.620200
150.628300
150.636500
150.649500
150.660300
150.744300
150.813300
150.849600
150.857800
150.945900
150.952000
150.964400
150.987100
151.000600
151.138900
151.197800
151.255600
151.284600
151.392500
151.544800
151.553500
151.635300
151.876900
151.897700
152.047000
152.057400
152.064700
152.075600
152.094200
153.514800
154.422700
154.461700
154.619900
155.519900
155.535400
157.232000
157.258000
157.640000
157.738400
158.226400
158.390100
159.454700
159.478400
159.509200
160.439500
160.527100
160.659400
160.931500
162.080700
162.727400
162.782700
162.887100
163.743200
164.129500
164.362500
164.779500
164.789800
165.091300
165.204000
165.410700
165.510000
165.632800
166.082300
166.221000
167.782200
167.810700
168.126300
168.200100
169.044300
169.122600
169.149700
169.158700
169.173700
169.181100
170.808400
170.817900
170.909900
170.931200
171.501900
171.510000
171.527100
172.026500
172.223100
172.231400
172.244500
172.254200
172.562400
173.213400
173.232300
173.300600
173.701100
173.717100
174.135100
174.554400
175.186300
175.594800
175.947600
177.668800
177.814300
177.831300
178.047000
178.199900
178.348500
178.460700
178.897700
178.913100
178.935400
178.945200
178.954700
178.973400
179.065100
179.197800
179.367300
179.799700
179.836400
179.849900
180.429600
182.113500
182.133500
182.169400
182.849900
183.142600
183.154500
183.281300
183.665800
183.674300
183.694500
183.709900
184.442500
184.797300
184.814400
186.086800
186.100200
186.344600
186.728200
186.740100
187.884900
188.512200
188.526100
188.547800
188.569400
188.588900
188.659100
189.582800
191.214500
191.676600
192.251700
192.261600
193.592500
193.622900
193.787900
193.799800
193.871800
194.952500
195.001800
195.224200
195.237400
196.162500
196.188600
196.205500
196.228300
196.241400
196.721100
196.736300
196.749800
196.764900
197.131000
197.326700
198.592200
198.890600
198.901200
198.912700
198.938000
201.188900
201.198800
202.722300
202.749400
202.986500
202.999300
204.065500
204.308900
204.341000
204.373500
205.141400
205.158800
205.234800
205.717400
205.726600
205.769800
205.808600
206.061700
206.075500
207.093200
207.102300
207.112900
208.551200
208.562200
208.604500
208.745800
208.758800
209.043600
209.057300
209.336700
209.714300
209.723600
210.438100
210.472300
211.371600
211.382700
212.049300
212.111100
212.136200
212.151200
212.266200
212.303400
212.311500
212.799700
213.333900
213.383100
213.742300
213.760000
214.329700
214.564700
214.689200
214.977800
214.987100
214.995700
215.012000
216.587200
216.607300
216.618000
217.245900
217.659300
220.893000
220.971400
221.229000
221.445600
221.457700
223.748800
223.758400
223.779800
223.791900
224.364700
224.546800
224.603800
226.326200
226.336300
226.465900
226.510300
230.088800
230.105200
230.127200
230.143200
231.249500
231.260800
231.649800
231.673200
232.909400
232.923600
232.943000
232.961000
232.974000
233.071800
234.094800
234.106400
234.796700
234.815700
234.829600
235.427800
235.459200
235.538800
237.368800
237.378500
237.398600
237.654500
237.675400
237.775900
237.787200
237.843700
238.612400
238.744900
238.757200
239.205100
239.216000
239.543600
239.576300
240.709700
240.724900
240.740800
241.076200
241.095100
241.261600
241.319900
243.138800
243.148000
243.158100
243.168200
243.190900
244.327700
244.608600
244.621600
244.690900
244.747200
245.123500
245.134900
245.146300
245.561200
245.607300
245.619700
245.892500
246.294100
246.308000
248.176200
248.203900
248.437400
248.865200
249.635800
249.648300
249.685500
250.193500
250.235800
250.376000
250.795700
250.808100
252.033200
252.061300
252.076700
256.146300
256.204100
256.313100
256.325200
256.772100
257.944800
257.965700
259.890800
259.901700
260.562800
260.573500
260.713200
260.725000
261.910000
261.958200
263.573400
263.724300
264.495600
264.510200
264.520300
264.561300
264.573600
266.736800
266.751400
266.848600
266.960600
267.534600
269.412000
269.444900
269.876800
272.250000
272.259300
272.266800
272.273500
272.280500
272.290400
272.301500
272.831600
272.866000
273.094700
273.208500
273.233300
273.255200
274.160000
275.220100
275.725700
276.404000
276.496200
278.586800
278.598800
279.054500
280.499800
280.519700
281.250500
281.261100
282.059700
282.099800
282.275400
282.299200
282.321100
282.342300
283.184900
284.196500
284.300100
284.337400
286.047600
286.088100
286.568300
286.859800
287.160500
289.288100
289.299300
289.313300
289.331600
290.113900
291.425600
292.617100
292.630700
293.474900
293.574400
295.401000
295.413100
297.268300
297.278600
297.293600
297.304700
297.319600
299.383600
299.395700
300.284800
300.954800
301.718300
301.734900
301.976000
302.141400
302.164200
302.894700
302.904400
302.914500
302.940600
304.044200
305.304500
305.316000
305.326400
305.342500
306.525400
306.585300
307.859600
307.881200
309.536000
309.545500
309.557500
309.571800
311.010300
311.023800
311.141400
311.524200
311.535500
311.954700
312.417800
312.426600
313.745200
314.283600
314.295100
314.307400
314.318200
314.407300
315.236500
315.249800
315.323200
317.441300
317.490700
318.074000
318.479400
318.755600
319.982900
319.994300
320.760600
320.770500
321.143400
321.173400
322.870400
323.563600
323.831800
324.405600
324.803200
324.813900
326.046200
327.317800
327.330000
327.348400
327.361800
330.154500
330.171700
330.193700
330.204700
335.772100
335.787200
337.259400
337.275800
337.287100
338.779400
339.294500
339.312600
339.320900
339.345600
339.440400
342.397400
342.408900
343.213500
343.225600
343.930500
343.941500
343.957100
345.465400
345.511000
345.628600
346.160500
346.169500
346.192900
347.052500
347.061900
348.424500
348.844500
348.857900
348.946600
349.820600
349.838800
350.964900
354.158200
354.167300
354.199000
354.627300
354.638800
354.693500
357.605100
357.621700
357.633300
357.644200
357.669100
360.224800
360.276000
360.304900
360.342700
360.436700
360.820600
361.751300
361.786000
362.992900
363.018100
363.032500
363.197700
366.046000
366.703900
366.716600
367.408400
368.461600
368.482500
372.366200
372.379300
372.404700
372.424400
373.696500
373.708100
373.723500
375.494700
375.523600
378.961300
379.278700
379.291200
379.909000
380.802300
382.261500
383.952400
383.969500
386.372800
386.382800
386.395100
387.282400
387.728000
387.778600
388.558800
390.226100
390.242000
390.268800
390.762300
392.275900
392.292300
392.299300
392.306100
392.312900
392.320000
392.330400
392.344900
392.363600
392.377900
392.392200
392.398400
392.410200
392.423400
393.181200
394.888600
395.149300
395.349600
395.365200
395.515700
395.783000
396.338800
396.706600
397.028500
397.037900
397.900800
397.937500
397.945900
398.096900
398.112100
398.127800
398.141800
398.896600
399.471700
399.504900
399.519800
399.808600
399.828100
400.238200
400.265200
401.181500
401.198300
401.966300
401.977500
401.991000
402.694800
404.001200
404.013900
404.024100
404.062800
404.076100
404.503800
404.555400
405.479500
405.894000
405.909500
405.927500
406.143400
406.268500
406.478000
406.486100
406.496800
410.180000
410.192500
410.207100
410.283400
410.800000
410.818300
413.372100
413.531800
413.551800
414.340200
414.694100
414.704900
415.238000
415.273600
415.587300
415.602000
416.432300
416.517400
416.531600
417.195500
418.414500
418.437000
419.724000
419.734600
419.755500
420.701600
420.712900
420.732300
420.890200
423.880800
423.888200
424.391100
424.636100
424.660200
425.108900
425.120800
426.999100
427.536300
427.709800
428.428800
428.443100
428.485500
429.416900
429.426900
429.588500
429.621400
429.633600
431.950600
431.963300
432.532600
433.578300
434.675900
434.958500
434.995400
435.014300
435.243200
435.550400
437.336800
437.345100
437.362800
437.466500
437.475900
437.931000
437.941500
437.965600
438.765200
438.775900
439.630000
439.703400
442.125000
442.133400
442.153100
442.174800
443.029500
443.117700
443.135200
445.521300
445.542400
445.693000
445.720000
447.853300
447.862800
450.087400
450.785900
450.842900
450.857800
451.284000
452.153100
455.226500
455.406100
455.417700
460.505400
460.521700
468.511700
468.529300
468.583900
468.935300
468.965400
471.401000
471.416500
471.861400
473.681300
474.467200
474.499400
474.511900
475.973300
476.469300
476.479200
476.502000
476.948200
477.786800
477.797600
477.875800
479.245100
479.361400
479.782300
479.807700
480.037600
481.189400
481.207400
481.218500
481.234200
484.828100
484.852500
486.546800
487.846300
487.860500
487.896700
490.223200
490.244100
490.256200
492.015500
492.345000
492.356400
492.385900
492.668200
492.699600
492.712700
494.749300
494.828600
495.424700
497.546500
497.557400
497.570600
497.610700
501.987800
502.817600
502.831200
502.875400
504.047100
504.074000
505.480700
505.652800
505.925200
506.772500
506.788900
506.802600
506.915800
512.517900
512.523100
512.530800
512.536900
512.541300
512.546500
512.552800
512.558000
512.564300
512.577200
512.583800
512.592000
512.606300
512.626200
512.638800
512.650000
512.675000
512.761400
512.768100
512.778900
512.818500
512.864600
512.931500
512.977500
512.988000
513.017000
513.023900
513.050600
513.089600
513.096700
513.183300
513.195500
513.277400
513.323600
513.364300
513.383900
513.483800
513.684000
513.742700
513.771300
513.783100
513.929200
514.003200
514.016400
514.028600
514.057100
514.114500
514.121700
514.136000
514.173500
514.234900
514.302700
514.316400
514.402200
514.458500
514.471600
514.802000
515.407200
515.507600
515.515900
515.735000
516.040100
516.111100
516.121000
516.129100
516.307100
516.318200
516.609600
517.009000
517.050500
517.060400
517.070900
517.091500
517.445800
517.589800
517.601100
517.977800
518.081100
518.123000
518.463800
518.817900
518.871800
518.879100
518.903100
518.925200
519.178900
519.194900
519.238800
519.394900
519.540900
519.872300
519.891800
520.077500
520.276900
520.635900
520.882300
520.889400
521.278200
521.293300
521.498800
521.509900
521.522900
521.608800
521.644500
521.781600
521.798800
521.820200
521.829300
521.857200
522.634400
522.644400
523.009800
523.038000
523.055800
523.075600
523.195900
523.204300
523.621200
523.640400
523.783000
523.810200
524.122300
524.172600
524.180900
524.313700
524.489500
524.536200
525.030700
525.146000
525.166100
525.567700
525.586900
525.606200
525.711700
525.757400
525.771200
526.182700
526.266100
526.295100
526.369900
526.421600
526.507600
526.517600
526.612900
526.896200
526.904300
526.911600
527.026700
527.192000
527.518700
527.665100
527.678700
527.694500
527.757800
527.770100
527.910900
527.922200
527.945300
527.966700
528.124700
528.135700
528.434900
528.491700
528.770300
529.005900
529.194200
529.425700
529.474900
529.802400
529.862400
529.872000
530.208500
530.249800
530.315500
530.326400
530.542900
530.549400
530.558100
530.782000
530.795700
530.812200
530.951000
530.978900
530.986400
531.260400
531.365100
531.487100
531.809200
532.179600
532.276300
532.295000
532.362700
532.374500
532.869500
532.878900
533.357100
533.366300
533.381200
533.399700
533.416100
533.757100
533.904000
534.045400
534.060200
534.071100
534.758500
535.278000
535.289900
535.361200
535.782900
535.985600
536.146900
536.157000
536.166800
536.177200
536.194600
536.208900
536.220000
536.254100
536.528100
536.741400
536.747600
536.757800
536.776600
537.325500
537.346800
537.545900
537.789400
537.808900
537.841700
537.961600
538.087800
538.096400
538.163000
538.400900
538.407500
538.691800
538.802100
538.810000
539.167700
539.619400
539.836300
539.848300
539.879000
539.887200
539.894300
539.902800
539.915200
539.932900
540.610400
540.621600
540.807700
541.035900
541.498400
541.531000
541.875900
541.882800
542.027900
542.035000
542.052800
542.066400
542.128100
542.561900
542.568700
542.575500
542.652100
543.211100
543.349900
543.658700
543.996300
544.537800
544.549500
544.893500
544.910200
545.059400
545.074400
545.427500
545.699300
545.716800
546.406400
546.412700
546.443800
546.487200
546.836900
547.026100
547.138200
547.148100
547.161900
547.464100
547.696600
548.332100
548.702900
548.714600
548.724400
548.946800
548.962400
549.516100
549.538300
549.678900
549.691200
549.697400
549.707000
549.722500
550.044700
550.061900
550.744200
550.839600
550.952300
550.974700
551.399200
551.755200
552.253400
552.297100
552.387900
552.398000
552.416700
552.492400
552.940700
552.948000
552.958100
552.969400
552.984400
553.011000
553.024100
553.045100
553.071800
553.348700
553.626900
554.027300
554.036400
554.115600
554.126100
554.154900
554.162500
554.304100
554.453400
555.103500
555.143300
555.383700
555.847100
555.926400
555.951300
556.225100
556.326600
556.680600
556.991000
557.343600
557.485200
557.499400
557.523400
557.736500
558.115900
558.154000
558.169300
558.593200
558.862500
559.354700
559.367400
559.384300
560.041300
560.049600
560.155800
560.201800
560.229600
560.365400
560.383700
560.536400
560.739200
561.060500
561.155400
561.168900
561.204000
561.419800
561.440500
562.365200
562.592000
563.096500
563.603000
563.892600
564.372100
564.450100
564.458500
564.474200
564.697500
564.706300
565.221300
565.231200
565.789900
565.964200
566.530300
566.537500
566.548900
566.706800
567.040500
567.094700
567.106400
567.254000
567.648800
567.659300
568.359000
568.416500
568.645400
568.656900
568.670600
568.890000
568.914000
569.043200
569.342800
569.370500
569.388300
569.493500
569.907200
569.998800
570.029900
570.098100
570.396400
570.638100
570.644800
570.704100
571.245100
571.255700
571.273700
571.356100
571.363800
571.374400
571.461400
571.635700
572.430100
572.448600
572.676400
572.737400
572.965200
573.757400
573.772400
573.788100
575.267000
575.279600
575.522800
575.920000
575.931900
575.941200
575.951600
576.376800
576.389600
576.956500
577.410000
577.675800
577.873800
577.886200
577.921500
578.470700
578.551300
578.953600
578.990300
579.074300
579.103600
579.141200
579.438300
579.723400
579.771600
579.841600
579.849400
579.861500
580.349200
580.453900
580.463400
580.723600
581.055900
581.090000
581.687100
581.698800
582.557700
583.032600
583.287900
583.416300
583.437100
583.522600
583.541800
583.939700
584.092200
584.128500
584.531400
584.644700
584.669900
584.881100
585.159100
585.680800
586.131200
586.434000
586.722400
586.731000
586.745000
586.757400
587.183500
587.190400
587.205300
587.466700
588.691800
589.162800
589.251300
589.326200
589.842700
590.054800
590.594100
590.819000
590.991200
591.007100
591.128000
591.268500
592.293300
592.302700
592.427700
592.546600
593.099700
593.251300
593.264400
593.545000
593.557700
594.050300
594.186900
594.200300
594.408600
594.418200
594.455700
594.636700
594.648000
594.846300
595.096100
595.104900
595.351900
595.519800
595.534900
595.718600
595.729100
596.135900
596.222000
596.990000
597.017800
597.029300
597.039800
597.148200
597.162100
597.691100
597.703100
598.231100
598.240000
598.423900
598.436100
598.683000
598.695100
599.044000
599.055200
599.681200
599.690900
599.702800
599.802700
599.821300
599.834600
600.002500
600.206100
600.211900
600.219400
600.451800
600.460900
600.470600
601.306500
601.317200
602.311700
602.322200
602.352800
602.378700
602.639700
603.300800
603.309900
603.713100
603.722100
603.731300
603.875000
604.107200
604.356700
604.375500
604.385300
604.873600
604.882000
604.892500
605.101700
605.119000
605.926400
605.934600
605.952800
606.889000
606.908500
607.417000
607.425100
607.434900
607.445000
607.453100
607.464000
607.718700
608.283500
608.292100
609.272300
609.279700
609.293300
609.302200
609.883900
609.889700
609.898800
610.116200
611.793800
611.807000
611.821900
611.843600
612.181000
612.190500
612.201000
612.217900
612.510700
612.975100
612.981700
612.987200
612.996600
613.003200
613.033300
613.364200
613.689100
613.697200
614.301700
614.309700
614.478600
614.560700
614.577600
615.075900
615.676500
615.981000
615.994100
616.009600
616.016500
616.565300
617.016800
617.030800
617.060900
617.089300
617.713400
617.736800
618.275500
619.077100
619.086400
619.155700
619.370300
619.384200
620.021500
620.032000
620.343300
620.356600
623.256800
624.154200
624.168800
624.433600
625.531100
625.595600
625.607200
625.620900
625.745700
626.754400
626.765200
626.784700
626.807500
626.828000
627.283700
627.291200
627.304800
627.474700
627.745200
627.751900
627.759000
627.771200
628.080300
628.187600
628.195200
628.216300
628.236500
628.423500
628.694500
628.705700
628.728700
630.043900
630.359600
630.985000
631.131400
631.466600
632.281100
632.312200
632.475100
632.488600
632.524800
632.544800
632.976000
633.117200
633.134600
633.146000
633.943700
634.085100
634.209200
634.478900
634.485500
634.497400
634.510900
634.528500
634.667100
635.338300
635.352800
635.377300
635.392600
635.960200
636.616500
637.102300
637.113900
637.132800
637.463200
637.712700
638.003500
638.709800
638.727100
639.113400
639.801200
640.629300
640.871800
641.393400
641.757100
641.769500
641.800000
641.866300
642.302600
642.431300
642.440200
642.456200
643.351800
643.363600
643.527000
643.743600
644.134800
644.494100
644.507400
644.797400
644.944600
644.973700
644.984800
645.339300
645.353600
645.364800
645.658000
646.275300
646.305000
646.513800
646.538200
647.532200
647.774800
647.787200
647.872500
648.153900
648.724900
648.749100
649.298100
649.741100
649.935300
650.914800
650.931400
650.963500
652.267800
652.488300
652.502600
653.005200
653.757200
653.786100
654.471100
654.501900
654.617200
655.136600
656.267800
657.024100
657.816100
658.279200
659.119700
660.187300
660.200400
660.241000
660.654000
660.708200
662.512500
662.530400
662.551700
663.273400
663.281700
663.293800
663.478900
663.675200
664.330300
664.495600
665.217300
665.789700
666.139600
666.208400
667.226600
667.253800
667.277500
668.060400
669.087600
669.835000
669.847600
669.950500
670.310200
670.362400
670.372800
670.403300
670.423300
670.454400
670.733000
670.740400
670.747000
671.141100
671.552000
673.066100
673.101200
674.344200
674.378100
674.388900
675.101800
675.409000
675.449300
675.776000
676.208600
676.706100
676.993300
677.004900
677.218100
677.277800
678.512000
678.737700
678.753200
678.760200
678.768700
679.655200
680.296500
680.892400
680.902800
681.233100
681.271200
682.665100
682.725100
683.184000
683.638200
683.646900
683.662000
683.675600
683.710800
686.048800
686.057900
686.068900
686.122500
686.170300
689.217100
689.237300
689.256800
690.230200
690.244800
690.569500
690.581800
690.598700
690.618800
690.893700
690.906600
693.043000
693.092900
694.309900
694.330700
697.254000
697.269800
697.280900
697.290200
697.312500
697.517500
700.556400
702.326100
702.336500
702.674800
703.554700
703.737200
703.765300
705.626500
706.807300
707.139000
707.178600
707.461700
707.622900
707.648900
708.529900
708.561800
709.071200
709.377700
709.389700
709.411000
709.445500
710.403600
710.420700
710.480500
710.917600
710.948700
710.986600
712.317300
716.179400
716.202200
716.411800
716.430600
716.532000
716.846300
716.859600
716.917200
717.563500
717.579400
718.500300
719.362700
719.378500
719.393500
719.763800
719.797300
722.531400
722.553400
722.582200
722.653000
723.444100
723.456800
723.468000
723.495200
723.653100
724.070100
724.593100
726.373800
726.384600
726.393700
726.400600
727.665500
728.532700
728.543700
728.568100
729.232700
729.589700
730.015300
730.027100
732.328100
732.340100
732.351400
733.837000
735.033800
735.049700
736.972700
736.986300
737.956500
738.247800
738.261100
738.318600
738.899300
739.812500
743.768000
744.646000
744.664100
746.509600
746.872800
747.154800
747.221700
754.502500
754.507500
754.512700
754.516600
754.520700
754.525200
754.530000
754.534300
754.539000
754.543400
754.548800
754.554600
754.560600
754.568600
754.575500
754.583400
754.591300
754.601900
754.610100
754.628500
754.647900
754.655800
754.666900
754.676400
755.422300
755.432700
755.581900
755.593700
755.604000
755.747000
756.202100
756.215900
756.226400
756.279900
756.562300
756.698500
756.710200
756.861800
757.517900
757.578100
757.615400
758.222300
758.439100
758.445400
758.452300
758.463500
758.470600
758.672300
758.890000
759.060300
759.475500
759.483600
759.508300
759.521800
759.529600
760.408800
760.414800
760.498400
760.532700
760.547000
760.586800
760.795300
761.182100
761.191300
761.357200
761.488500
761.501900
761.873400
761.888200
761.912600
762.194100
762.207500
762.735600
762.826100
763.166000
763.227300
763.261600
763.745900
763.758600
763.773300
764.092300
764.109000
764.117900
764.128500
764.141900
764.159100
764.170300
764.326000
764.335800
764.365300
764.659100
764.668900
765.081000
765.526900
765.545400
765.554000
765.867000
765.894300
766.119600
766.140200
766.170300
766.186500
766.365200
766.377100
766.397300
766.664600
767.154200
767.208700
767.770900
767.781400
767.790400
768.341600
768.714700
768.850400
769.091400
769.109300
769.469400
769.501700
769.866000
770.311000
770.320800
770.443300
771.022000
771.033200
771.360000
771.384500
771.537800
771.800600
772.719000
772.842800
772.870600
773.073900
774.215500
774.224700
774.439700
774.541000
774.955600
774.968200
776.446100
776.493200
776.518800
776.608400
776.616700
777.438500
777.578200
778.333300
778.527000
778.547800
779.127300
779.148500
779.457400
779.492700
780.007300
780.851300
780.868500
780.877900
781.101200
781.592400
782.760300
783.112300
783.123000
783.136600
783.359000
783.661900
783.797200
785.027000
785.772200
785.836100
785.845400
785.856500
785.991600
786.009300
786.168600
786.597800
787.349200
787.372400
787.396900
787.414400
787.503500
788.369600
788.377600
788.410600
788.442000
789.324900
789.558300
789.748200
789.915800
789.925500
789.937200
790.310400
791.186900
791.202600
792.222900
792.239200
792.258700
792.451800
793.677300
793.685900
794.064800
794.662200
794.733000
795.499300
796.515200
796.527300
796.553700
796.580600
796.908300
797.976500
798.033100
798.382700
798.491000
799.276700
799.809000
799.849900
799.977700
799.984300
800.000800
800.985900
801.008500
803.008100
803.398000
803.463900
803.960300
803.969700
803.982200
804.173400
804.537300
805.437200
805.445800
805.459300
805.466100
805.473700
807.257900
807.273700
807.993800
808.024100
809.973500
810.117300
810.613500
812.116800
812.432200
812.447100
812.937100
812.951300
813.030000
814.379000
815.193600
815.211600
815.440300
815.452800
815.478900
815.538600
817.330300
819.343900
819.923600
819.936300
819.985100
820.012700
820.024900
820.248900
820.267300
821.056500
821.094600
821.108000
821.642600
821.707300
821.834200
822.141300
822.153800
822.434100
823.341500
824.036200
824.064400
824.075000
825.016600
825.033000
825.197400
825.217700
826.821800
828.703400
828.713100
829.024300
829.053800
830.713400
830.733600
831.169500
831.948300
833.343800
833.355100
833.370300
835.905900
835.929300
837.237000
837.694100
837.705200
839.308900
841.907000
841.924000
842.089700
842.790700
842.801000
843.354800
843.409400
843.964400
843.976400
844.296400
844.433700
845.975700
847.013200
848.997000
849.974400
849.987700
850.039000
851.569500
852.019200
852.040800
853.461400
853.471600
853.557200
857.157500
858.151200
858.206100
858.962600
859.842300
859.855400
866.510800
867.142600
867.961500
867.982500
867.993600
868.001200
869.914300
870.503100
870.865100
870.884800
870.898700
871.861400
873.962200
873.977900
874.700000
874.704400
874.709000
874.712900
874.716900
874.720500
874.724000
874.728100
874.732300
874.736300
874.740600
874.745100
874.749300
874.754000
874.759400
874.765500
874.773000
874.783200
874.790600
874.798300
874.805600
874.812800
874.820000
874.832500
874.844300
874.853900
874.864800
874.875000
874.884600
874.903900
874.923200
874.970000
875.000400
875.023700
875.034900
875.049600
875.091500
875.106200
875.124600
875.258900
875.285400
875.311500
875.349800
875.360000
875.383400
875.444100
875.479500
875.525800
875.630000
875.658500
875.770100
875.781000
875.789800
875.810000
875.818800
875.833000
875.852800
875.882100
875.901600
875.926400
876.032700
876.126000
876.135400
876.140700
876.222300
876.233900
876.244600
876.330000
876.345300
876.360700
876.367000
876.392400
876.444900
876.486000
876.523400
876.573700
876.582200
876.601500
876.617600
876.675300
876.692900
877.053700
877.213700
877.325500
877.331200
877.498100
877.619000
877.627200
877.688000
877.699600
877.760400
877.767400
877.773800
877.784300
877.959700
878.009800
878.018200
878.030200
878.182300
878.195100
878.295400
878.307800
878.317200
878.345100
878.475600
878.532900
878.556100
878.562800
878.580700
878.607200
878.698200
878.709900
878.767300
878.932100
878.948300
878.953800
878.975300
879.211200
879.320100
879.334300
879.465400
879.479600
879.500200
879.519600
879.531300
879.555800
879.567600
879.633900
879.751200
879.873500
879.885200
879.894000
880.001900
880.018100
880.050100
880.098200
880.234900
880.240200
880.251800
880.307600
880.323100
880.332600
880.423600
880.440400
880.627800
880.743400
880.766700
880.787500
880.883900
880.970400
881.029600
881.039300
881.227900
881.239500
881.256500
881.269700
881.370600
881.383500
881.397900
881.479800
881.593700
881.603200
881.666600
881.676200
881.682900
881.692400
882.002600
882.109000
882.132400
882.140000
882.173700
882.259200
882.269600
882.276000
882.283700
882.470800
882.612500
882.621900
882.804400
882.812500
882.824600
882.878100
882.959000
882.967900
882.979600
882.988700
883.066800
883.077800
883.237500
883.383700
883.393300
883.421400
883.428100
883.450900
883.578500
883.630800
883.649000
883.688900
883.788200
883.797300
883.845900
883.977800
884.207000
884.235200
884.252300
884.315200
884.329800
884.428900
884.469900
884.498000
884.512000
884.558300
884.570400
884.685300
884.695400
884.818300
884.898900
884.936200
885.108800
885.140900
885.403500
885.449800
885.648700
885.890500
885.915700
885.921600
885.928300
885.937300
885.949500
885.993000
886.026200
886.034100
886.065400
886.168600
886.279200
886.363700
886.383000
886.477000
886.492600
886.507900
886.577600
886.666400
886.755200
887.154300
887.167200
887.206600
887.355900
887.505100
887.522800
887.532300
887.540500
887.548000
887.554800
887.622500
887.634400
887.650200
887.749500
887.770000
887.789200
887.975100
887.986300
888.004900
888.012500
888.092400
888.105000
888.153000
888.184800
888.354600
888.423800
888.493100
888.517800
888.612500
888.623400
888.633900
888.808300
888.816900
888.952200
888.965600
888.972900
889.036500
889.045800
889.054300
889.061400
889.107100
889.194700
889.218000
889.297900
889.309200
889.514500
889.673600
889.685600
889.742700
889.752400
889.914700
889.934200
889.966900
889.989900
890.010600
890.283000
890.310900
890.320500
890.328000
890.462400
890.485000
890.676600
890.732300
890.789700
890.798700
890.809900
890.853700
890.892000
890.907700
890.998800
891.465500
891.496100
891.529200
891.549700
891.716200
891.767900
891.851900
891.861500
891.872400
891.909200
892.146500
892.165400
892.243200
892.249200
892.256000
892.273100
892.299200
892.320500
892.482600
892.494900
892.578700
892.602600
892.778700
892.794700
892.978200
892.988700
893.007600
893.041800
893.058100
893.143200
893.178900
893.439700
893.604800
893.643400
893.972600
894.076600
894.097600
894.127800
894.137800
894.405100
894.502900
894.515600
894.631800
894.643200
894.653700
894.664100
894.788100
894.796700
894.906500
895.005400
895.149900
895.471300
895.644300
895.664900
895.741400
895.977900
896.042500
896.060400
896.299700
896.324500
896.334600
896.446700
896.453700
896.474900
896.484300
896.517500
896.769500
896.779100
896.786600
896.797200
896.916300
896.927500
896.938400
896.948300
897.279600
897.447100
897.485700
897.616800
897.653500
897.665100
897.851100
897.869700
897.891800
898.040100
898.222600
898.353900
898.404500
898.440800
898.597200
898.608200
898.658500
898.695500
898.734500
899.019500
899.031500
899.105200
899.115800
899.124300
899.305500
899.311800
899.366300
899.387900
899.598100
899.612100
899.653900
899.662100
899.712800
899.858600
899.934000
899.953000
900.212900
900.321200
900.332400
900.340600
900.352900
900.440900
900.448000
900.691800
900.930100
900.954200
901.161800
901.218300
901.276200
901.288600
901.498800
901.510300
901.517200
901.524900
901.545500
901.583900
901.674100
901.804300
901.813100
901.828700
901.912200
902.087500
902.245100
902.255500
902.264400
902.275000
902.330200
902.352600
902.448600
902.642600
902.653400
902.740000
902.789300
902.973500
902.993300
903.002500
903.013400
903.029100
903.058900
903.072600
903.170600
903.421900
903.504300
903.525200
903.534100
903.700000
903.745900
903.759100
903.797700
903.882900
904.001900
904.147700
904.157100
904.322300
904.367100
904.451000
904.519000
904.677900
904.699200
904.758700
904.773400
904.860800
904.894200
904.905400
905.220900
905.447400
905.602300
905.781100
905.827600
905.868300
906.040300
906.262900
906.376600
906.458500
906.746300
906.841200
906.865300
906.882000
907.099400
907.209200
907.218900
907.225500
907.473000
907.557100
907.571100
907.579500
907.681600
907.785100
907.844200
908.153600
908.164400
908.329800
908.339600
908.364300
908.556100
908.700400
908.796400
908.806600
909.084000
909.180300
909.227300
909.275100
909.284100
909.431800
909.458400
909.488500
909.501400
910.009000
910.016200
910.025700
910.236100
910.284000
910.292800
910.409600
910.498600
910.586900
910.597800
910.683100
910.704000
910.933100
910.945500
911.033900
911.073400
911.174600
911.597600
911.782900
911.810600
911.875900
911.892900
911.913400
911.964100
911.991300
912.006000
912.207800
912.349300
912.385100
912.404300
912.538600
912.708900
912.913900
912.957900
912.971100
912.981600
913.112900
913.295400
913.430300
913.545900
913.636700
913.872400
914.216100
914.228500
914.274100
914.283100
914.290400
914.299100
914.308800
914.321500
914.448400
914.727700
914.745200
914.859900
914.912800
915.055300
915.082300
915.225800
915.248900
915.358700
915.587700
915.693500
915.911500
915.934700
916.176400
916.184300
916.201900
916.240000
916.464600
916.557400
916.643700
916.786800
916.795300
916.987000
916.995000
917.011500
917.168300
917.284300
917.304200
917.462900
917.487500
917.669300
917.738400
917.746400
917.769500
917.800000
917.899500
918.148800
918.363900
918.487400
918.500100
918.548500
918.685300
918.926700
918.940500
919.136100
919.218100
919.389000
919.481900
919.513900
919.594100
919.609800
919.622700
919.632000
919.745200
919.968400
920.004300
920.063700
920.076100
920.093900
920.239500
920.279500
920.578900
920.590900
920.619700
920.761800
920.779900
921.038200
921.302600
921.308300
921.321100
921.579700
921.596300
921.668900
921.941700
921.948200
922.115800
922.129000
922.145000
922.251800
922.851600
922.926800
923.493000
923.504800
923.671800
923.680100
923.710300
923.719400
923.780800
923.791200
924.057700
924.253200
924.543100
924.741600
924.768300
924.808800
924.949400
924.970900
925.290900
925.303000
925.358300
925.589300
925.597300
925.608300
925.624400
925.913000
926.226600
926.234900
926.249700
926.615600
926.630400
926.965200
926.978800
927.003400
927.351100
927.375300
927.424600
927.434600
927.522400
927.648200
927.769900
927.854400
928.021100
928.078900
928.086300
928.214700
928.221500
928.338500
928.390200
928.412300
928.421000
928.454400
928.669200
928.677000
929.037600
929.152200
929.157700
929.503500
929.536700
929.813300
929.835900
929.936100
930.100400
930.200300
930.253700
930.372500
930.495200
930.604800
930.778200
931.117600
931.127000
931.246300
931.343000
931.396100
931.735100
931.753400
931.812500
931.912500
932.013500
932.381800
932.399000
932.470800
932.498600
932.533500
932.712100
933.001800
933.087700
933.316100
933.324800
933.350600
933.361000
933.385000
933.394500
933.403000
933.646500
933.894300
933.952900
934.067800
934.256600
934.404800
934.536300
934.823300
934.883700
935.071700
935.091100
935.251200
935.439600
935.526200
935.548900
935.837700
935.870300
936.220800
936.453000
936.622600
936.665400
936.779300
936.812500
936.823900
936.855200
936.876000
936.995400
937.114600
937.331700
937.489100
937.567700
937.972100
938.060500
938.346500
938.365400
938.547400
938.855400
938.919000
938.931200
939.318600
939.338600
939.463500
939.472100
939.564800
939.885400
940.011300
940.277900
940.791100
940.804900
940.813100
940.822100
941.002900
941.094000
941.300000
941.501900
941.527900
941.821600
941.882500
942.125700
942.145400
942.156100
942.176400
942.345000
942.356600
942.471300
942.491600
942.730700
942.743700
942.808300
942.901300
943.050000
943.128600
943.231500
943.260700
943.788400
944.084900
944.399800
944.432200
944.534800
944.682900
945.298300
945.307300
945.678200
945.696600
945.754200
945.892100
945.930700
946.261200
946.434300
946.598900
946.790300
946.798400
946.805200
946.813200
946.821800
946.836700
946.963600
947.213600
947.220100
947.230500
947.293600
947.332700
947.455600
947.672000
947.836700
947.848600
947.992700
948.273800
948.281400
948.324400
948.349700
948.684300
948.702900
949.026900
949.487000
949.602700
949.706900
949.736900
950.001800
950.058900
950.068800
950.099200
950.304800
950.653000
950.716000
951.091300
951.597900
951.967700
951.986600
952.272000
952.281800
952.297400
952.356300
952.624000
952.673300
952.994700
953.049500
953.058300
953.258100
953.474900
953.677200
953.876600
954.216500
954.412100
954.424200
954.447700
954.457200
955.180200
955.293700
955.331300
955.518200
955.587400
955.602300
955.852000
955.911200
955.961600
955.970600
956.222700
956.450500
956.508700
956.676900
956.691100
957.035600
957.046900
957.651200
957.665600
957.929300
957.949800
958.011800
958.045800
958.314700
958.328200
958.428500
958.486300
958.556600
959.051000
959.060300
959.236700
959.480600
959.660800
959.906900
960.402800
960.416500
960.583800
960.606900
960.799300
960.871300
960.881500
960.997800
961.588100
962.231900
962.362400
962.378600
963.081000
963.086300
963.102400
963.160600
963.387200
963.397200
963.811300
963.824900
963.836100
963.850200
963.902600
963.923600
963.934900
964.047400
964.121800
964.868000
964.877000
964.980200
965.285100
965.297500
965.508300
965.543200
965.665900
965.683000
965.864800
966.051500
966.176500
966.337900
966.478600
966.566900
966.581100
966.902300
967.349900
967.358800
967.504600
967.598800
967.777000
967.802100
968.235100
968.367800
969.193700
969.203300
969.472600
970.058700
970.121200
970.149000
970.508900
970.539600
970.564000
970.574700
971.192400
972.044900
972.053500
972.063200
972.090300
972.108300
972.150500
972.199600
972.566000
972.609900
973.151800
973.341800
973.737400
973.744200
974.653800
974.676000
975.080600
975.089000
975.134400
975.146100
975.158300
975.177300
975.311500
975.417300
975.423800
975.431500
975.581400
975.781700
975.851200
976.334100
976.361200
976.374800
976.384900
976.420000
976.825000
977.239400
977.288500
977.409100
977.558100
977.663400
977.836200
977.882100
977.895500
977.909100
978.319000
978.330300
978.375900
978.385800
978.401700
978.843100
978.886800
978.985800
979.000800
979.008100
979.487100
979.558100
979.985100
979.992000
980.003700
980.131600
980.279900
980.291000
980.309500
980.333400
980.763600
980.906000
981.101500
981.195500
981.203700
981.638200
981.649400
981.805700
982.125900
982.133500
982.140400
982.147200
982.160200
982.170600
982.350300
982.731200
982.773300
982.784800
983.027200
983.088000
983.262100
983.285600
984.334400
984.340900
984.363700
984.709600
984.716100
985.358000
985.365500
985.375900
985.392600
985.648500
985.703900
985.724800
985.734000
986.747300
986.759800
986.906500
987.102000
987.110700
987.122100
987.281600
987.506100
987.707300
987.736500
987.972700
988.147300
988.613700
988.792800
988.806100
988.818900
988.873500
989.167300
989.422400
989.684500
990.352000
990.364900
990.374100
990.392800
990.495900
990.518600
990.529100
990.551300
990.920300
990.929600
991.411900
991.423000
991.442200
991.584000
991.601000
991.699000
991.711700
991.972600
992.064500
992.947900
993.452600
993.461100
993.670700
994.011700
994.217500
994.237900
994.265900
994.363500
994.389600
994.537800
994.549500
995.055800
995.250200
995.262100
995.556800
995.567500
995.579300
995.604500
995.620800
995.936400
996.570200
996.580700
996.703700
996.707800
996.711400
996.714800
996.718300
996.722300
996.726300
996.730300
996.734800
996.740400
996.746100
996.752600
996.766000
996.776900
996.960700
997.028100
997.063000
997.432300
998.081300
998.216800
998.226600
998.301400
998.310700
998.357700
998.547600
998.889200
999.003500
999.418900
999.714900
999.822900
999.863800
999.990900
1000.023800
1000.035000
1000.136000
1000.164800
1000.181300
1000.553500
1000.693200
1000.809900
1000.827100
1001.137400
1001.419800
1001.430300
1001.979600
1002.151000
1002.194300
1002.328500
1002.627600
1002.652300
1002.719900
1002.810100
1003.473400
1003.488700
1003.502200
1003.513600
1003.567500
1004.166000
1004.174400
1004.193400
1004.210000
1004.282600
1004.562300
1004.621800
1004.636500
1004.959600
1004.978300
1005.637100
1005.654100
1005.670300
1005.676600
1005.686300
1005.704600
1006.048100
1006.335700
1006.350700
1006.540200
1006.553700
1006.720800
1007.621500
1009.204800
1009.644400
1009.931200
1009.950300
1010.085600
1010.288500
1010.308300
1010.364300
1010.372300
1010.390000
1010.407700
1010.696900
1010.706500
1011.059200
1011.699000
1011.711000
1011.768100
1011.802900
1011.875500
1012.049300
1012.065700
1012.076200
1012.355300
1012.660200
1012.673400
1012.689100
1012.836400
1012.861800
1013.078000
1013.310500
1013.352400
1013.649300
1014.236000
1014.697900
1014.887900
1016.131300
1016.138600
1016.170900
1016.216500
1016.229100
1016.554200
1016.749600
1016.766600
1016.975200
1017.399600
1017.818700
1017.829300
1017.893600
1018.363100
1018.465700
1018.473500
1018.486800
1019.338100
1019.345500
1019.767000
1019.779000
1019.843100
1019.884800
1019.970800
1020.263900
1020.277500
1020.493700
1020.514400
1020.531500
1020.923000
1021.223800
1021.236100
1021.493100
1022.327400
1022.476800
1022.980300
1022.991600
1023.184600
1023.248600
1023.973500
1024.178000
1025.291300
1025.301500
1025.612100
1025.810900
1025.839800
1025.864000
1025.920100
1025.962700
1026.255400
1026.269500
1026.556600
1027.549200
1027.794000
1027.926800
1027.940500
1027.957800
1028.581700
1028.592700
1028.952100
1028.963100
1029.451500
1029.618800
1029.962200
1030.206900
1030.857400
1030.865300
1030.886800
1031.048600
1031.642100
1031.653400
1031.702000
1031.755400
1031.873800
1032.045300
1032.385100
1032.496700
1033.475900
1033.522700
1033.732100
1034.085900
1034.142700
1034.460200
1034.707200
1035.106800
1036.186900
1036.215800
1036.667000
1036.886500
1036.953700
1037.156000
1037.180200
1038.273200
1038.347200
1038.359200
1038.378900
1038.509700
1039.139000
1039.222600
1039.989300
1040.001700
1040.325800
1040.333200
1040.340200
1040.773100
1040.784700
1041.006600
1041.026000
1041.435100
1042.058400
1042.412800
1042.421700
1042.429300
1042.439700
1042.913800
1043.060500
1043.071100
1043.654400
1044.288100
1044.313900
1044.574500
1044.633100
1045.089000
1045.098900
1045.110900
1045.252800
1045.371800
1045.949000
1045.999500
1046.702200
1046.709100
1046.720700
1046.749200
1046.958200
1046.965300
1047.004300
1047.030800
1047.058500
1047.443600
1047.450700
1047.478100
1048.043600
1048.320400
1049.435100
1049.481600
1049.496900
1049.878100
1050.292100
1050.374900
1050.598000
1050.612600
1050.624100
1050.637800
1050.928600
1051.324300
1051.344600
1051.762100
1051.779700
1052.066000
1052.073800
1052.083900
1052.900700
1052.926600
1053.738300
1053.755500
1053.766600
1053.998500
1054.033200
1054.128500
1057.097500
1057.113500
1057.124500
1057.770900
1057.780800
1057.913200
1058.088700
1058.441700
1058.452100
1058.465800
1058.576300
1058.610400
1059.423300
1059.549200
1059.916800
1059.929400
1060.759200
1060.772000
1060.797800
1060.851200
1061.300400
1061.911300
1062.288800
1062.296200
1062.317900
1062.774900
1062.811700
1063.103200
1063.141700
1063.294300
1064.429800
1064.939000
1064.948000
1066.302200
1066.315600
1066.861600
1067.599900
1067.883700
1067.894500
1068.108200
1068.524900
1068.737100
1068.762200
1068.772100
1069.795000
1069.814700
1070.728700
1070.753100
1070.786000
1070.865300
1070.881200
1071.289600
1071.694800
1073.009100
1073.658200
1073.667400
1073.689900
1073.785000
1073.815900
1073.854400
1074.466600
1075.245800
1075.255900
1075.276400
1075.998400
1076.008000
1076.016000
1076.039700
1076.052800
1077.070500
1077.508100
1077.719200
1077.731800
1077.741700
1077.751800
1077.762300
1078.402300
1078.767400
1078.903000
1079.477400
1079.491000
1079.511800
1080.084500
1080.101500
1080.535000
1080.545100
1080.558200
1080.637200
1081.049200
1081.057200
1081.355500
1081.365800
1081.763900
1082.848900
1082.863900
1083.293500
1083.310600
1083.325300
1083.413500
1083.676900
1085.133600
1085.144500
1085.519100
1085.533100
1085.581200
1086.181500
1086.188000
1086.200100
1086.209600
1086.230100
