spike times
0.754200
7.047200
7.058100
10.970400
10.992700
13.996300
14.012400
14.025800
15.834000
15.841600
28.586100
28.600600
29.803100
30.045800
30.052300
30.057900
30.062500
30.068100
30.074500
30.079700
30.085700
30.091300
30.097800
30.106300
30.117700
30.127400
30.144200
30.184300
30.207000
30.249400
30.270000
30.286900
30.292800
30.369400
30.406700
30.439100
30.500500
30.519600
30.528100
30.559800
30.574700
30.754800
30.769500
30.780000
30.807500
30.926100
30.936000
30.946000
30.953100
31.059700
31.177400
31.187000
31.227500
31.295600
31.350700
31.474200
31.486000
31.496500
31.604200
31.738200
31.793000
31.803100
31.876400
31.892700
31.991100
32.002900
32.813800
33.306700
35.434800
41.302700
45.395400
45.419100
45.745900
47.884500
47.923000
49.017300
49.033700
51.206200
57.111700
57.123600
60.124100
60.140300
63.029000
63.935600
65.121200
76.640600
76.661400
76.671600
82.109500
85.316500
87.246000
90.009200
93.946200
103.549600
103.563700
103.579400
103.977500
105.625000
113.991700
114.005700
124.952200
124.987200
125.815000
125.828300
125.847000
136.814200
137.626000
142.330200
144.540200
144.561400
152.054900
152.061400
152.067600
152.074600
152.083700
152.089400
152.098000
152.106200
152.309600
152.554000
157.174600
157.188300
168.563400
189.297800
189.316700
191.277500
191.289600
204.813700
204.836100
208.678500
212.894400
214.328700
214.344300
224.476000
227.690700
227.899600
233.246800
240.464700
240.485900
242.841800
245.256900
245.274000
246.471400
246.480900
246.492800
246.504900
251.319500
260.530900
261.457000
264.104300
264.115200
271.249100
271.270700
271.918700
272.080500
272.085300
272.091500
272.097100
272.104800
272.110400
272.115900
272.122400
272.130300
272.142900
272.151400
272.175500
272.184100
272.199300
272.243600
274.372900
276.140100
276.993200
279.434400
279.461000
286.211300
290.036200
295.881600
304.645700
305.436800
305.450100
311.224700
311.250200
311.275200
311.768900
311.778700
319.149600
321.691100
321.703600
321.725100
328.793600
328.803300
336.331300
336.345300
340.090700
342.800300
344.219100
345.940300
345.951200
357.792400
367.882700
371.350700
379.106500
382.180400
383.988900
385.466100
385.497000
392.277600
392.282800
392.287900
392.293100
392.297600
392.301900
392.306100
392.310200
392.314700
392.319200
392.324200
392.329600
392.337600
392.345800
392.360500
392.367000
392.381300
392.410100
392.418900
392.427000
392.441700
392.457600
392.492500
392.509400
392.572400
392.579000
392.595900
392.642200
392.650200
392.669900
392.698200
392.706000
392.751600
392.813000
392.821800
392.841300
392.888100
392.959300
393.002500
393.012600
393.137900
393.154300
393.180800
393.189300
393.209200
393.227100
393.314500
393.338600
393.379200
393.403200
393.443800
393.460200
393.525300
393.538600
393.598800
393.698700
393.742700
393.753600
393.811600
393.843400
393.850600
393.889100
393.897100
393.937800
394.022400
394.029700
394.038500
394.078500
394.090600
394.158200
394.245900
394.258000
394.669000
394.902600
395.171500
395.186200
395.276900
395.294000
395.304300
395.977300
396.234300
396.604600
397.789900
398.037000
398.054100
398.229100
398.519200
399.549300
399.885200
400.760200
401.501500
402.715000
403.530700
403.902000
404.779300
405.189400
405.227300
405.709300
405.726000
407.102500
408.617800
408.641800
410.650000
411.324600
412.477000
412.495300
417.318900
418.838100
418.852700
418.962200
419.553500
420.560200
424.374800
424.394300
425.147000
428.811400
428.840500
429.655300
433.315900
435.742800
437.938600
437.946600
437.955800
438.935600
438.949600
438.995200
440.914700
440.939600
441.642400
441.667100
442.245900
444.392000
444.421000
444.444800
445.581500
445.606900
445.945700
445.967900
447.737100
447.756900
448.587300
449.763900
453.056800
453.473200
453.486500
453.511400
453.541000
454.393100
454.404400
454.420500
455.327300
455.349300
456.868900
456.878800
456.890100
459.407500
459.420600
460.254100
461.613600
462.603200
463.494200
463.504700
463.519900
464.782000
465.471700
465.835800
465.853000
466.092300
470.414800
470.436400
470.773400
472.378100
474.280800
477.261400
477.291800
478.773700
478.791600
486.445500
488.913500
488.928800
492.545100
493.362200
493.373700
496.246200
497.091900
497.558800
497.574600
497.586200
499.195200
504.651700
504.670600
505.038500
507.245000
510.504100
514.277300
514.281600
514.285200
514.289500
514.294700
514.299600
514.305500
514.312100
514.317500
514.325100
514.339700
514.550300
514.560700
517.757800
518.665500
519.421500
521.355600
524.607500
524.692800
527.073800
531.346100
533.670500
533.681200
536.277200
536.301800
537.002400
537.243400
537.252100
537.913900
540.715600
542.292300
542.904400
542.923300
544.978800
544.986800
545.025300
549.781600
551.110400
553.972400
553.980900
556.244300
556.259200
560.053400
566.333600
566.605500
566.618100
568.112200
569.401800
569.412500
571.230500
571.894500
571.913100
573.732000
573.743100
576.252100
576.842000
576.854700
576.877000
576.888600
579.360800
579.373200
579.387000
579.848700
579.868800
581.819500
581.827500
582.891500
582.900400
583.750000
585.005900
585.018000
585.028100
585.464200
585.473500
585.492000
585.504400
588.746800
588.765700
595.520900
597.312800
598.366300
598.791000
607.373500
609.281100
611.469200
619.433800
619.445100
621.137500
623.159600
623.176400
623.556300
626.320200
632.255300
633.151400
634.304400
634.308500
634.312100
634.316000
634.319700
634.323100
634.326800
634.331300
634.335500
634.339800
634.344400
634.349200
634.353300
634.357800
634.362700
634.368200
634.373900
634.382300
634.388600
634.394700
634.402800
634.411000
634.424100
634.469300
634.893800
635.251900
635.262700
635.515700
635.544400
636.028700
636.045200
636.453500
636.462500
637.537900
637.552600
637.783100
640.215900
640.824300
641.088300
641.920100
644.681000
648.954400
650.681600
651.068800
651.080800
651.102900
652.892000
653.723400
653.749400
655.545500
655.553800
655.565900
655.616900
656.318500
656.475000
657.310100
660.919600
660.932000
663.140200
665.164200
667.509800
668.124700
669.370400
669.381200
669.650300
669.661600
670.931400
670.965500
671.563700
673.068900
673.078900
673.097100
673.761500
675.012100
675.029300
675.662400
675.681700
676.618600
679.063900
679.517200
680.613400
680.837600
681.596700
681.626700
681.644400
681.654800
682.766100
684.440800
684.451800
685.161200
686.016000
689.916800
689.930400
690.961700
690.973500
690.996800
691.008100
691.206500
693.959200
697.775200
700.323900
700.336200
700.359600
703.492500
704.869600
708.269400
708.292500
710.414000
710.468400
710.684300
711.141000
713.100000
713.803400
713.814900
716.071000
719.279800
723.652800
723.684000
723.707700
726.653800
726.828100
727.548700
730.056400
730.083500
731.774600
731.793700
734.227100
734.247900
735.424400
736.568700
736.588300
738.816500
739.603300
745.001100
745.599800
745.611200
745.630000
745.642600
754.501900
754.505600
754.508900
754.512300
754.515600
754.518700
754.522100
754.525400
754.528800
754.532100
754.535600
754.539400
754.543000
754.546400
754.550600
754.554600
754.559300
754.564500
754.569000
754.573900
754.579400
754.585500
754.593400
754.599300
754.607400
754.615000
754.622900
754.630800
754.639300
754.647000
754.658800
754.670800
754.680500
754.689900
754.702200
754.711000
754.723800
754.737500
754.753300
754.763400
754.779800
754.791400
754.799400
754.815800
754.830100
754.860000
754.867400
754.911300
754.918800
754.937000
754.948600
754.959000
754.991800
755.004100
755.019800
755.036400
755.045900
755.069000
755.081700
755.092300
755.101400
755.122100
755.140200
755.165400
755.183800
755.205600
755.220100
755.255100
755.280700
755.291500
755.312200
755.353000
755.367900
755.388500
755.401000
755.434700
755.444500
755.461800
755.495900
755.504900
755.586100
755.593700
755.609900
755.621800
755.641100
755.656600
755.667300
755.715300
755.738800
755.768600
755.786800
755.801100
755.822200
755.830300
755.863600
755.892600
755.912800
755.925400
755.942300
755.982200
755.992300
756.006500
756.046900
756.056600
756.075600
756.093100
756.106900
756.125500
756.157300
756.181200
756.196100
756.210500
756.248200
756.269000
756.312500
756.334500
756.349300
756.379800
756.419900
756.429300
756.437900
756.469300
757.094800
757.287000
757.372600
757.610200
757.619300
757.731300
757.750700
758.014500
758.109200
758.116000
758.238100
758.258900
758.323400
758.338300
758.697800
758.815100
758.831700
758.873100
758.879500
759.453000
759.840900
760.178500
760.219900
760.229100
760.526700
760.590600
760.602500
760.774500
760.867600
761.082500
761.309100
761.321800
761.336800
761.581700
761.592200
761.625700
761.797500
762.104300
762.146700
762.343800
762.906000
763.411000
763.620800
764.287500
764.523200
764.749800
765.186400
765.199000
765.322400
765.341000
765.352000
765.730400
765.749000
765.996200
766.212800
766.379400
767.487400
767.503200
767.643700
768.209800
768.294000
769.268000
770.169800
770.619600
771.119100
771.191700
771.204300
771.220500
771.237400
771.975100
771.986500
772.122800
772.598200
772.611700
772.628400
773.065300
773.076800
773.088000
773.365800
773.694700
774.244300
775.035200
775.329100
776.314900
776.325600
776.407500
776.985100
777.367500
777.375000
777.389400
777.403200
778.735900
778.957200
778.969200
778.977000
778.988900
779.270600
779.619100
779.843400
780.027300
780.055000
780.188900
780.198200
780.530500
780.549800
780.777300
781.753900
781.792500
782.049100
782.067000
782.574400
782.986300
783.021800
783.510100
784.120500
784.138400
784.850200
785.037100
785.047300
785.087200
785.252300
785.263500
785.506400
785.695000
785.710500
785.729600
786.075400
786.090800
786.102900
786.589500
786.864300
786.880400
787.654700
787.661300
787.672500
788.427700
788.472400
789.549200
789.559400
789.569900
789.843700
790.263700
791.350900
791.363100
791.370800
791.655400
791.902400
792.189700
792.199900
792.228500
792.235000
792.243900
792.884600
792.901200
793.873300
794.041200
794.050400
794.585800
794.986300
795.483100
795.497000
795.521400
796.155900
796.170200
796.595100
796.602500
796.626300
796.955800
798.135300
798.378500
798.394800
799.259500
799.269000
799.292400
799.390400
799.504300
799.524100
800.150200
800.554400
800.563400
800.908300
801.225700
801.235800
801.617000
801.624800
802.052600
802.290300
802.304300
803.049500
803.060200
804.374800
804.579700
805.085400
805.539300
806.185000
806.331500
807.303000
807.339900
807.592600
807.867800
807.881300
808.026300
808.452400
808.464700
809.176000
809.187100
810.055300
810.757300
810.780300
811.392800
811.672100
811.887700
812.573600
812.679300
812.685800
813.729400
814.604500
814.622300
814.651200
815.084700
815.093300
815.105000
815.297800
815.337300
816.339400
816.346100
816.397500
816.415300
817.129300
818.134500
818.146800
818.159600
818.168300
819.031900
819.043700
819.058100
819.070000
819.303700
819.311100
819.320100
819.343800
819.483200
819.701800
819.708600
819.836400
819.854000
820.791400
820.802300
820.839100
822.270000
822.278200
822.292600
822.313800
822.765600
822.775300
823.489100
823.498500
823.991700
824.034100
824.250500
824.286700
824.320100
824.770300
824.953600
825.552100
826.308100
826.320200
827.061500
827.193100
827.219700
828.113500
828.141300
828.152100
828.446300
828.453400
828.475200
829.083500
829.103700
829.473600
829.482100
830.772300
830.780400
830.800300
830.814000
831.325600
832.070500
832.664300
832.672900
833.155300
833.168100
833.204900
833.987200
834.403900
834.419200
836.006700
836.776200
837.138100
837.166400
837.406600
837.425400
838.502300
838.516900
838.893400
839.425700
840.241300
840.272000
840.981600
841.006400
841.122900
841.653600
842.774600
844.429300
844.707800
844.961700
844.981300
845.437000
845.450200
846.230300
846.239000
847.473900
847.500100
847.669200
849.354400
849.555400
850.966000
850.983700
851.160600
851.173300
851.187000
851.526800
851.537300
852.555600
852.568200
853.442200
853.600500
854.880700
854.906100
855.016400
855.131200
855.326300
855.590900
856.487800
858.240700
858.251200
858.538700
858.555500
859.466300
859.485600
860.099100
860.107800
860.125500
860.147800
861.070000
861.084600
861.496200
863.378900
864.105100
864.116900
865.792200
865.818400
866.588500
866.614100
867.644400
867.652800
867.670800
869.520500
869.526700
869.538400
869.820500
870.441800
870.461800
871.419000
871.827800
872.797000
872.805500
873.312000
873.337900
874.088600
874.953200
874.994000
876.265700
876.478400
876.504400
876.508100
876.511800
876.515300
876.518700
876.521900
876.524900
876.528500
876.532200
876.536300
876.540600
876.545400
876.549900
876.556900
876.565900
876.572100
876.585800
877.072600
877.083700
877.092800
877.104700
877.118500
877.585100
877.597100
878.049000
878.944900
879.203000
879.216200
879.246100
880.100200
880.113100
880.125600
880.614300
880.642800
880.668100
880.821000
880.830400
881.053500
881.065500
881.457100
881.467900
881.593600
882.061700
882.076600
883.191400
883.317900
883.589700
884.032500
884.047500
885.035500
885.048800
885.786200
885.802600
886.731400
886.966300
886.979800
887.455300
887.473700
887.938300
888.904200
888.920300
889.282800
890.208700
890.233200
890.529700
891.164200
892.634600
892.874900
893.072100
893.397600
893.813900
894.067100
894.805600
895.277100
895.285500
895.302600
895.329800
896.186200
896.927000
896.939800
897.292600
897.303400
897.507600
897.518600
897.527400
899.118700
899.742100
899.756300
900.197200
900.758800
900.776600
901.678500
901.698600
901.716000
902.385000
902.403000
903.320300
904.659300
904.674300
905.427600
905.436500
906.365200
906.388400
907.403900
907.425900
907.434600
909.281500
910.411600
910.431700
911.203800
911.213900
911.222200
912.667600
913.352600
914.335600
914.345100
914.356700
914.671600
915.137400
917.000800
917.668300
918.744400
919.456200
919.463800
919.673300
919.889500
920.132000
920.158000
920.479800
920.498200
923.330300
924.370200
924.842800
924.867700
924.997700
925.537100
926.074200
926.101200
928.349600
928.368000
928.831000
928.840300
928.865200
928.888800
929.203100
929.975500
929.985200
931.170700
931.181700
931.196000
932.107000
932.119400
932.970200
933.894100
933.908600
933.923500
934.618700
934.965700
934.974200
935.388500
936.062900
936.595200
936.613600
936.640300
936.837300
938.287900
938.803100
938.821200
939.129600
939.947100
939.966900
940.312300
941.629200
941.642100
941.657900
941.668400
942.743500
943.721200
944.142400
946.755800
947.565200
948.539200
948.557900
950.418200
952.742500
954.290700
954.302900
955.431600
956.784700
956.797100
957.439600
957.461800
957.470500
957.489600
958.153900
958.167200
958.184200
958.207700
958.467600
959.600000
959.605900
959.615000
959.628900
959.637300
960.217300
960.350000
961.567200
962.413700
962.631500
964.326500
964.334000
964.340400
964.355800
965.359900
966.955900
966.965300
968.052000
968.065600
971.698600
971.714300
971.771500
972.983200
973.296500
973.307300
973.322400
973.348600
973.636500
977.303100
977.663500
977.685700
978.204400
978.306000
980.809000
981.354000
981.385700
981.402500
982.828100
983.070000
983.095300
983.426500
985.678900
987.130400
988.030100
988.040300
988.050000
989.483600
990.679800
990.710600
991.708700
992.462200
992.473700
992.645400
993.122400
993.134100
994.126600
995.443300
996.528300
996.531600
996.534800
996.537800
996.541000
996.543900
996.546700
996.549900
996.552900
996.556000
996.559200
996.562500
996.565800
996.569200
996.573100
996.576700
996.580700
996.584700
996.589500
996.594400
996.599300
996.604200
996.609600
996.615200
996.620200
996.626000
996.631800
996.638600
996.644200
996.651800
996.658500
996.665400
996.672300
996.678800
996.686000
996.692400
996.699900
996.708200
996.716000
996.725900
996.734300
996.742400
996.770000
996.784800
997.225200
997.419900
997.620500
997.628400
997.637600
998.496900
998.505400
998.597600
998.611900
998.619500
998.869400
998.880100
999.158300
999.230500
999.493200
1000.050600
1000.062300
1000.070600
1000.082900
1000.232300
1000.742000
1000.869800
1001.805100
1002.259100
1002.271500
1002.287300
1002.305800
1002.583100
1002.591200
1002.730200
1003.016400
1003.268100
1003.285000
1003.758400
1004.841900
1004.897500
1005.914900
1005.923000
1005.949500
1005.969100
1006.822300
1006.828700
1006.846400
1008.251100
1008.259200
1008.276300
1008.564500
1008.572200
1008.590400
1009.245000
1010.052400
1010.100100
1011.749400
1012.125700
1013.238200
1013.280000
1014.863000
1014.875000
1014.888100
1015.224200
1015.558700
1016.193100
1016.536100
1016.548300
1016.573700
1017.689200
1017.724800
1018.153700
1018.160800
1018.329900
1018.623600
1018.675800
1019.607700
1019.624700
1019.635700
1019.937200
1021.868200
1023.229200
1023.247500
1023.884100
1023.906700
1024.252800
1024.835400
1025.345300
1025.360100
1025.948500
1025.959000
1026.486400
1026.499200
1027.538500
1027.553000
1027.573000
1027.770100
1027.801700
1028.255300
1028.332600
1028.367300
1029.291700
1029.302600
1029.954300
1029.975700
1031.748000
1031.949600
1031.957600
1032.600700
1032.809200
1033.010400
1033.018500
1033.028700
1033.441300
1034.093900
1036.292200
1036.322400
1036.654500
1036.663500
1037.149000
1037.233700
1037.886000
1037.898100
1037.907000
1037.917700
1039.074000
1039.115500
1039.287900
1039.299800
1039.311500
1039.709400
1039.731600
1039.992500
1040.004900
1040.287300
1040.303800
1041.500300
1042.187800
1042.200700
1043.116200
1043.130300
1043.332100
1043.344000
1043.359000
1043.606500
1043.623100
1045.511400
1045.608900
1045.625500
1045.864800
1045.877100
1046.997100
1047.306700
1048.647400
1048.654800
1048.713200
1048.797100
1049.341000
1049.365100
1050.028100
1050.042100
1051.166400
1051.172000
1051.915000
1051.924600
1052.053700
1052.079400
1052.924700
1053.404400
1053.957300
1053.979100
1055.513500
1056.000300
1057.912200
1057.927100
1058.664400
1059.138600
1059.450200
1059.458600
1059.735900
1060.008300
1060.848300
1060.867900
1060.885500
1061.622900
1061.634800
1062.849400
1062.856900
1062.873100
1063.382100
1063.391100
1063.731000
1064.298600
1064.319900
1064.643100
1065.466200
1065.491000
1066.616700
1066.627000
1066.654800
1067.327100
1068.340000
1068.360200
1068.922500
1069.406400
1070.434200
1070.447700
1070.458900
1070.469700
1070.496900
1070.510200
1072.445300
1072.454700
1072.463400
1072.892800
1073.378300
1073.397700
1075.181600
1075.205300
1075.820000
1075.860300
1076.333700
1076.715100
1076.728600
1076.742400
1078.392200
1078.486000
1079.673500
1079.852000
1080.106100
1081.524900
1081.539500
1082.118300
1083.056600
1083.073400
1083.118500
1084.037300
1086.044000
