spike times
0.104200
0.119300
2.151700
2.472400
3.833400
3.854700
3.865900
3.872200
3.880500
3.889400
3.902700
4.076700
4.101900
5.004900
5.014500
5.025100
6.320200
6.935300
6.953600
6.998200
7.011000
7.135400
7.343400
7.848400
7.858200
10.727300
10.756300
11.251900
11.269400
11.292100
11.674200
13.440700
13.450000
13.497900
13.513000
13.676900
15.564400
15.585700
17.846500
17.863900
17.913400
18.311000
18.321500
18.331200
18.342400
18.351400
19.067100
19.080900
19.093700
19.105900
19.240500
21.929800
21.978200
21.988100
22.473600
23.283700
23.293700
23.303800
23.318800
23.765900
23.776300
23.786100
23.801300
23.814100
24.219700
24.232600
25.051300
25.066500
26.230300
26.240800
26.263200
27.336100
27.345800
28.682500
29.886200
29.899200
29.949200
30.054200
30.066300
30.075300
30.087300
30.101200
30.110900
30.119100
30.135400
30.143700
30.156300
30.162900
30.168700
30.193000
30.203900
30.211400
30.217700
30.228500
30.808900
30.943900
33.160600
33.177300
33.206900
33.219900
33.985500
34.003800
34.805000
34.826700
35.531700
36.573000
36.590900
36.610800
37.940800
37.961800
37.984700
40.369100
40.547800
41.086700
41.102200
41.674800
41.684100
41.704700
42.037900
42.063600
42.075700
42.088900
44.480800
44.492900
44.731600
44.741200
45.122400
45.144400
45.454000
45.464100
45.772400
46.236400
46.266200
47.057300
49.357000
50.259600
50.268300
50.274300
50.281000
50.287900
50.299300
50.324900
50.460900
51.521600
51.607100
52.102800
52.465200
52.489800
52.517500
53.045700
55.332100
55.444000
55.876000
57.354000
57.362100
57.399400
58.298000
58.344000
58.381300
59.410400
59.426900
60.175500
61.252200
61.289900
62.185900
63.221700
63.233500
63.255100
63.272300
63.285900
63.954300
64.124000
64.136900
64.640300
65.957700
66.954400
68.999100
69.007100
69.019300
69.161400
69.169200
69.181400
69.542100
71.065400
71.112600
71.123100
72.255900
72.306300
72.520100
72.956400
72.964600
74.398400
74.452900
74.467300
74.893700
74.909900
75.220300
75.230400
75.253700
76.009400
76.038200
76.645800
76.657100
77.882700
79.054900
79.135500
79.178600
79.674000
79.687700
79.738700
82.832000
82.842200
82.873100
84.676600
84.819000
84.832200
84.864500
85.677800
88.336300
89.159400
89.168700
89.179300
89.188200
89.748800
91.416700
93.077200
95.986000
97.228600
97.529700
97.550100
97.563800
98.192800
98.876100
98.885000
98.894700
98.914200
99.200200
100.036900
100.047400
100.063800
100.149600
100.350600
102.448700
102.854200
103.219600
103.245500
104.351100
105.486000
105.539000
105.909900
105.924900
106.705000
106.713300
106.727200
106.747700
107.180600
107.539700
107.549300
108.649400
108.690400
110.180800
110.965800
110.977200
112.100300
112.130700
112.987800
112.998400
113.015400
113.777200
114.672000
114.682400
114.693900
115.904600
115.939000
115.989500
115.998700
117.989200
119.675100
120.055900
120.078400
120.404200
120.412400
122.365100
122.376000
122.395500
122.961300
122.978500
123.271300
123.301000
124.435000
124.456600
124.464800
125.772700
126.064900
129.742300
129.763100
130.654600
130.679900
131.258500
131.502100
134.426400
134.436600
136.071000
136.078700
136.086500
139.142000
139.152600
139.166700
139.177000
139.186800
139.770700
139.785100
141.435800
144.451300
145.809100
145.869700
145.880800
147.653800
148.511300
148.541400
148.576600
148.601800
148.613800
149.167400
149.177300
150.282900
150.296500
150.319100
151.001000
151.022100
152.459600
152.471800
152.622800
153.065700
159.034200
159.833300
161.148500
161.572500
162.055900
162.110500
163.505800
163.515100
164.803000
165.290200
165.660500
167.220400
167.245400
168.084400
173.056500
173.073700
173.100200
175.991600
176.004800
176.021400
176.158400
176.432900
176.959000
176.972900
177.146200
177.331000
177.342900
177.733700
177.749200
177.769400
178.354300
179.682500
180.696400
180.740200
182.436000
182.465500
182.480200
188.822200
189.751900
192.265300
192.284900
193.222300
193.242300
193.490200
193.816400
193.823500
195.425500
195.434100
195.451100
195.469700
196.632300
198.542600
198.566800
198.797900
198.819300
198.926500
199.946400
201.750200
201.776700
201.788600
202.336700
202.893800
202.916400
204.845500
205.301500
206.534100
207.950800
208.105000
210.513300
210.529500
212.047800
214.745100
214.779500
214.798000
217.944400
218.600400
220.868800
221.660700
221.668900
221.686400
223.591800
223.605600
223.622500
224.615500
224.649600
224.660600
225.440300
228.406500
230.670600
230.684000
230.722900
230.738400
234.462000
234.488500
235.539900
235.553500
236.223000
240.753000
242.546400
242.556900
242.581700
242.609500
243.023900
245.084400
245.098800
247.929900
247.942900
247.968000
247.989000
253.113400
253.130400
253.197900
253.314100
254.841000
255.610700
255.643100
255.659000
255.706800
257.381700
257.407400
259.417300
259.431400
259.443300
261.933300
261.967400
264.720900
265.615500
265.625600
265.644700
266.569500
268.984200
269.027400
270.285200
270.294800
270.306600
270.323600
270.331000
270.337300
270.342700
270.352200
270.359800
270.370400
270.381500
270.427800
270.453000
270.470500
270.523200
270.652300
270.661300
270.667500
270.678200
270.712600
270.734600
270.835300
270.847900
270.857200
270.867700
270.878900
270.911100
270.953000
271.105200
271.337900
271.434000
271.445500
271.454600
271.463500
271.473300
271.757300
271.773400
271.790500
271.799500
271.873800
271.925200
271.944400
271.963900
271.982200
272.154300
272.197700
272.487800
272.799300
272.818000
272.825500
272.834100
272.842100
273.072100
273.322700
273.346600
273.356400
274.837200
275.437100
275.445900
275.707900
277.095000
277.105100
278.661400
279.013100
279.035700
279.670800
279.683500
279.695000
280.258800
282.623400
282.634000
282.641200
282.650900
282.670300
283.593400
283.609900
283.622500
284.474100
285.247600
285.257400
285.265700
285.274300
285.979600
286.002500
286.534600
286.548200
286.879800
286.925800
287.585700
288.180600
288.201400
288.499800
290.142600
290.152600
290.179800
290.583800
291.323700
291.736500
292.105400
295.046100
295.236500
295.892000
298.487400
298.971000
298.989000
300.286900
300.311000
300.328200
303.114800
303.125700
303.145200
304.850200
304.860400
305.597300
305.636900
306.923300
306.998200
307.195700
311.822600
311.843300
319.660900
319.682300
320.100500
321.263100
321.290000
323.673200
323.712100
323.834200
325.342400
325.358900
326.347600
327.519400
327.534000
328.559400
328.565300
328.578200
330.319600
333.120400
334.899800
334.909600
334.917700
334.928500
334.968000
337.352400
339.655800
339.668100
339.685900
340.436000
343.246500
343.849800
344.441500
344.455200
347.759700
348.541800
348.550000
348.562100
348.572700
348.584200
349.595200
349.605700
349.627200
351.622600
351.633400
355.989500
356.018100
356.073600
356.885700
356.892300
356.898600
356.905500
356.913300
356.922700
357.005600
357.013400
357.030600
357.104800
357.360700
357.368800
357.540700
357.547400
357.559700
357.569500
357.578900
357.587800
357.604100
357.805600
357.815600
357.824300
357.832100
357.839600
357.848300
357.964100
357.982400
357.991400
357.998700
358.370700
358.379800
358.386000
358.391700
358.399800
358.409800
358.435200
358.452000
360.368700
360.532700
361.838300
361.854900
363.391800
364.170700
364.185500
366.161500
366.652200
367.716800
368.839500
369.088600
371.504400
371.971500
372.493200
372.518000
374.683600
375.259000
375.279500
377.441000
377.658500
377.669400
378.433100
378.495500
379.070900
379.080400
380.852800
380.870300
380.886300
383.328300
383.503700
385.568100
385.581600
386.099400
386.118500
388.323700
388.404300
392.298900
392.306600
392.315700
392.321300
392.326400
392.331900
392.337400
392.342800
392.348000
392.355700
392.365900
392.397200
392.444500
392.457700
392.464900
393.313500
393.353300
395.655500
395.668600
396.398200
396.411200
396.451200
400.197500
401.206400
404.885500
404.901900
407.314700
408.373000
408.385000
411.700000
411.941200
415.573900
415.715100
415.728200
416.345500
416.378100
416.451900
417.032700
417.982100
418.003800
423.332000
426.064700
427.740500
427.950400
428.298200
433.445500
433.462800
433.470900
436.341400
436.391800
446.654000
446.724000
448.464600
449.213300
449.482200
450.186600
458.521700
459.896400
459.910200
468.808000
470.643200
473.530700
474.325400
477.598900
484.113500
484.124200
484.135700
484.144500
484.304500
484.319200
484.351500
507.037100
507.555800
512.503600
512.519800
526.654800
526.688500
530.762500
530.774300
532.702100
532.707800
532.713400
532.718600
532.724000
532.729400
532.734800
532.741800
532.748900
532.766500
532.773200
532.785200
538.667700
538.682200
541.209000
541.227700
546.290600
546.317200
548.602000
548.615100
548.625400
549.072800
549.086300
549.345700
551.683100
557.028800
560.806800
564.848800
565.851200
567.241100
571.706500
572.008800
572.392700
572.421800
588.117500
588.139500
589.474700
591.725700
600.291100
618.936500
618.947800
620.497900
620.526500
623.440900
623.456300
629.448700
629.460500
629.495400
629.503800
632.599400
632.620300
632.790100
632.800600
632.811500
632.819700
632.827100
632.851700
632.868100
633.166300
633.191100
633.198500
633.208000
633.223400
633.317500
633.392400
633.533100
633.553100
633.562400
633.571500
633.614400
633.621100
633.870700
633.900000
634.085300
634.140100
634.230800
634.378200
634.722200
635.036300
635.064800
636.478900
636.753700
637.920100
637.940200
638.967400
643.415400
644.131100
652.078900
653.735500
655.420300
655.473700
655.767100
658.634000
660.922700
661.276500
666.012800
668.325800
669.654000
681.043700
689.114800
692.165900
692.188500
692.221700
699.639200
701.088200
701.118000
701.228600
701.238100
703.117500
703.127400
703.139100
703.147900
705.072200
716.972500
716.991200
718.975700
719.745900
731.337500
731.890000
735.728100
740.228700
749.646300
750.464800
750.477800
754.533000
754.541700
754.550000
754.558300
754.565500
754.571200
754.580200
754.588200
754.595200
754.603100
754.614500
754.622500
754.690100
754.699300
754.716900
754.749500
754.761300
756.025500
759.162200
766.567800
766.790900
770.376600
770.409300
778.091700
796.355700
796.360900
796.367100
796.372300
796.378800
796.384800
796.391600
796.404800
796.418400
796.500700
796.610100
796.618500
796.627000
796.636800
796.644800
796.657000
797.087300
797.094500
797.101300
797.107200
797.113800
797.247400
797.252500
797.258100
797.264800
797.273100
797.280400
797.291800
803.502600
803.518300
830.153800
833.075500
833.895900
833.900900
834.345500
834.942500
835.000600
835.008000
835.013500
835.021500
835.027200
835.035100
835.042600
835.081100
835.087400
840.211100
857.516300
857.525000
857.565400
860.725900
861.840000
863.513000
863.915300
869.186900
869.191900
869.198300
869.998000
871.243400
871.248200
871.261900
871.278100
874.719400
874.725600
874.730700
874.735500
874.744000
874.749900
874.756200
874.763100
874.769500
874.778000
874.791900
877.005700
877.021700
879.518700
885.103500
885.110900
885.307900
885.319500
893.765300
897.215000
901.160700
903.191100
903.206700
903.216700
918.614900
928.414200
935.447800
954.754100
954.766900
955.336400
965.864500
987.184500
990.119600
990.134000
990.333200
994.772600
994.781100
994.786600
994.795800
994.803000
994.809400
994.816400
994.822200
994.831200
994.837200
994.858200
994.865600
994.874400
994.945000
994.966200
994.976100
994.997100
995.013200
995.019600
995.032400
995.051700
995.094200
995.102000
995.123200
995.193500
995.206500
995.289900
995.374500
995.388200
995.398000
995.406000
995.438800
995.660300
995.687700
995.709900
995.716400
995.729000
995.745700
995.965600
996.019700
996.030300
996.052500
996.061600
996.084600
996.118100
996.125700
996.206500
996.220700
996.348100
996.547700
996.663900
996.976000
997.185000
997.318600
997.662800
997.671000
998.699100
998.718900
998.734400
998.745500
998.758500
999.250200
999.266800
999.281500
999.286900
999.293800
999.306900
999.741700
999.750700
999.759100
999.883700
1000.278800
1000.833900
1001.197900
1001.209600
1001.233100
1002.093500
1003.032300
1003.050200
1003.226100
1003.236300
1003.247100
1003.262600
1003.875900
1003.888400
1005.098100
1005.718700
1005.731500
1006.339100
1006.751700
1007.482600
1007.496000
1007.510800
1008.068700
1008.856500
1008.895500
1008.914000
1009.876700
1009.889000
1011.002800
1011.016600
1011.046900
1014.826400
1015.809800
1015.821100
1019.439800
1019.612300
1021.004100
1021.012800
1021.030300
1023.736400
1023.772300
1024.456300
1026.608100
1034.510400
1035.579800
1037.726200
1038.881300
1039.921200
1039.934000
1039.950900
1039.966600
1043.419400
1043.446700
1043.774200
1043.939900
1045.267000
1051.612900
1051.626100
1053.080800
1053.250000
1053.330300
1054.477600
1054.486600
1056.012600
1058.169600
1060.479800
1060.500700
1062.325900
1062.432900
1063.749000
1063.759500
1065.185100
1065.195800
1065.567800
1068.313600
1068.326400
1068.921200
1070.844800
1075.935800
1077.274400
1080.903900
1086.046400
1086.258900
