spike times
0.045300
0.058000
0.069200
0.089700
0.099600
0.324900
4.474500
4.484500
4.518900
4.529200
4.757700
4.772300
5.046100
5.053500
6.591400
6.607400
6.617100
10.832200
11.098300
11.116900
11.151800
13.892000
14.801400
17.544800
17.628400
18.781700
19.023100
19.979600
20.842700
21.494800
21.505400
23.288500
25.174500
30.054200
40.083100
41.045600
41.636400
41.646700
41.655100
41.697900
43.626200
46.013900
47.860700
47.872100
47.886400
57.794400
57.808500
59.212900
64.537400
74.420700
77.869400
77.879000
82.409000
83.228400
83.237200
84.080600
84.863500
85.229100
85.240600
88.956600
88.965200
88.975500
92.653400
92.662200
92.670800
92.696300
98.252000
98.277200
98.294100
99.558800
99.568700
99.583300
102.309000
103.547900
110.293100
113.479500
113.638600
113.653800
113.971200
119.335300
120.061600
120.072200
121.362700
121.374700
121.393500
122.574900
129.680500
129.696600
129.709300
130.421900
134.553500
134.822500
134.834500
134.843500
135.209500
135.889600
137.110700
137.118100
137.124600
137.131100
137.296200
144.835200
144.842600
145.007500
145.015100
145.026000
145.601900
145.609900
150.079500
150.085900
150.091300
150.097200
150.106200
150.112400
150.121600
150.176200
150.237900
150.244600
150.253800
153.653800
153.665000
153.677800
158.687400
158.701200
158.718400
169.299400
169.312600
182.570200
187.587700
198.875600
198.884900
200.403300
204.641800
212.854700
212.863600
215.179100
215.190700
215.199400
217.309800
218.314200
218.322900
218.334300
218.344400
221.241900
226.179100
231.999000
232.005900
233.039100
233.792500
233.800600
236.277900
236.902500
239.523300
239.536400
251.709700
251.983100
257.700500
257.715300
258.352300
258.361800
259.090800
259.106800
264.751600
264.800800
270.314000
270.318900
270.327000
270.332000
270.337700
270.345000
270.351500
270.358600
270.458100
270.464500
270.501500
270.637700
270.642100
270.647400
270.652800
270.662600
270.772100
270.790200
270.798700
270.805900
270.931200
270.946200
271.001500
271.018900
271.090800
271.096900
271.284900
271.302000
271.315700
271.521400
271.528600
271.537600
271.551200
271.615000
271.621000
271.628500
271.634600
271.642100
271.948500
271.966200
271.972300
271.986300
272.079600
272.247300
272.832500
273.808700
273.819500
274.709000
277.411400
277.419100
279.866400
279.883400
281.031300
281.045100
286.710200
287.838200
287.850200
288.940900
288.955200
289.280900
290.684600
290.702500
291.434100
291.444600
293.756300
293.772200
293.789900
295.457900
303.148700
307.257900
311.122700
311.137500
319.737600
320.693800
320.699700
320.714100
320.730900
322.686600
322.745700
328.498800
330.006700
330.024800
331.902300
345.651500
345.687800
347.854900
347.863200
348.675600
348.685200
348.699900
348.708600
350.215700
355.541600
355.549300
368.681000
373.110700
374.301200
374.311200
378.941500
378.952000
384.722900
384.730900
384.743400
385.653500
389.927900
392.270700
392.274100
392.277200
392.280200
392.283700
392.287500
392.291700
392.295500
392.301000
392.307600
392.314200
392.479300
393.239200
396.494000
396.516400
396.525400
397.287900
406.111900
410.299400
411.820100
413.720900
415.216600
421.675700
422.831500
431.512900
435.258500
437.337400
440.024800
441.244500
441.257300
449.657300
453.438700
456.694600
457.307800
459.205300
459.223600
460.294100
464.916000
464.941600
466.477500
468.743500
469.504300
469.528900
470.211900
480.763200
482.485300
482.511000
483.059800
484.096600
487.749600
487.772200
492.018400
494.506200
495.433600
498.116900
498.131100
498.143400
501.796700
501.820100
502.760400
502.771900
502.779900
506.384800
506.414100
512.049700
512.297200
512.301800
512.305300
512.309000
512.312800
512.316500
512.319900
512.323700
512.327900
512.332600
512.336800
512.341300
512.346200
512.351000
512.358700
512.365100
512.373200
512.378800
512.392500
512.402000
512.411700
512.418800
512.425600
512.439400
512.466600
512.476800
512.509800
513.323800
513.636600
513.648000
513.660700
514.541900
514.564500
514.588000
515.441200
515.454800
515.640400
515.647300
515.658900
515.750600
516.062000
516.073500
517.480100
517.639000
520.070700
520.801700
522.013700
522.950300
522.962600
522.974900
522.987100
523.384400
523.390900
523.403800
524.128800
524.140900
524.146700
525.052400
525.869500
525.884000
530.733500
533.011600
533.019900
533.401100
535.564800
535.588900
537.274600
545.157400
545.169600
548.591900
548.600400
549.470800
549.483300
550.772400
550.787400
550.796600
552.079200
552.415500
554.333700
557.756600
557.765600
557.778800
557.795500
560.801900
560.823300
561.001900
561.015300
561.027900
562.650000
562.672300
565.125800
565.146200
571.439900
587.769500
587.795300
594.343500
596.611500
596.621900
598.538200
598.547100
599.162400
599.178300
603.838200
604.564700
609.334100
609.614100
611.100900
611.110000
611.119700
611.159300
612.170000
614.115000
616.244800
616.971900
616.980500
617.010100
618.668400
618.683100
621.035600
622.688200
622.718800
627.718500
629.504600
631.083800
632.499500
632.503000
632.506100
632.509400
632.512700
632.515900
632.519400
632.522800
632.525900
632.529500
632.533300
632.537600
632.541700
632.546500
632.552200
632.558000
632.563000
632.568100
632.574500
632.581100
632.588400
632.597400
632.605300
632.625200
632.634500
632.644700
632.658200
632.669200
632.675600
632.694300
632.715000
632.727500
632.744900
632.761900
632.772600
632.794100
632.858400
632.869700
632.882400
632.900600
632.942900
632.950600
633.038900
633.050500
633.131300
633.140200
633.158700
633.182700
633.193500
633.239400
633.323600
633.358300
633.373200
633.382400
633.449300
633.455900
633.529000
633.540000
633.552200
633.572500
633.614800
633.621700
633.643300
633.656400
633.725900
633.734300
633.810300
633.826900
633.844900
633.868300
633.909800
633.922600
633.932000
634.004000
634.016300
634.055800
634.064600
634.073600
634.086200
634.231100
634.238100
634.251400
634.360900
634.375000
634.396000
634.411400
634.885000
635.024100
635.242300
635.265200
635.490200
635.502300
635.583200
635.668100
635.883400
636.072000
636.296000
636.343500
636.466500
636.481100
636.892100
636.899200
636.911200
636.924600
637.289800
637.308700
637.640400
637.765900
638.014900
638.021200
638.033400
638.043100
638.875500
638.883400
639.027900
639.411900
639.418400
639.609700
640.207700
640.221000
640.230100
640.525500
640.535300
640.800000
640.814900
640.823900
641.712200
641.720100
641.994000
642.305600
642.853800
643.097600
644.835100
646.233900
646.660500
647.394500
647.401300
647.416600
647.425700
647.432100
648.069300
649.110200
649.567700
649.917300
649.950700
650.201400
650.808300
650.817600
652.877000
654.295300
654.556300
654.583100
654.611600
654.760200
654.768100
654.779600
655.378400
655.388200
656.049100
656.744400
657.543100
657.560700
658.037000
659.197500
659.419600
662.725600
663.458000
663.468200
664.276900
664.286900
664.470000
664.966200
665.092900
667.561200
667.571100
667.578200
668.310100
668.794600
668.808200
668.822400
669.617100
669.895700
670.812200
670.831400
672.153500
672.163200
672.175500
672.187500
672.198700
672.869400
673.337400
673.355800
673.748500
674.608100
674.690400
676.281500
676.651300
677.220900
678.108300
678.114500
678.121200
678.129500
678.139300
678.362900
678.613900
678.856000
680.190200
681.161400
682.505300
683.009100
683.760600
685.143900
686.039100
686.052600
687.658600
687.665800
687.679500
687.688700
688.286100
688.298300
688.575000
688.587100
688.737600
689.972300
691.884100
691.890500
694.755800
694.767600
695.516100
695.554800
695.725200
695.739900
695.751000
696.425300
698.190200
698.421300
698.444000
699.184400
699.192700
699.204700
699.246400
699.814700
700.194600
700.638400
700.652600
701.039100
701.224900
701.243500
703.923400
705.395900
706.633600
707.075800
708.953500
708.970500
708.988700
709.745300
710.678400
711.000800
711.018400
711.847800
711.857300
711.874400
712.590400
712.604800
713.221400
714.007800
714.026500
715.105700
715.116000
715.310200
715.474500
716.837800
716.845500
716.860900
718.868000
719.351400
719.705900
719.715300
719.998900
720.213700
720.517700
720.531200
720.546600
720.556800
720.634000
721.184200
721.524400
722.018900
722.208900
723.514100
724.382700
727.875700
728.070100
731.028500
732.436100
732.713800
734.755600
734.769900
734.779700
735.393600
736.411600
736.421900
736.456100
737.549800
737.557300
737.565600
740.176500
740.578100
740.587500
740.623900
740.644000
742.261700
742.274200
743.170700
745.743700
745.750600
745.761300
747.259400
747.269900
747.279900
747.795000
747.807200
747.818000
748.435000
748.443000
750.156700
750.798700
750.809300
752.945500
752.954500
754.496300
754.500700
754.503500
754.506400
754.509100
754.512100
754.514900
754.517800
754.520900
754.523900
754.526900
754.530100
754.533500
754.536900
754.541100
754.546900
754.551900
754.558700
754.566800
754.584700
755.411000
755.687200
755.700400
756.575400
756.586400
756.600200
757.811600
758.604800
759.179700
759.404600
760.316900
762.658100
762.935100
763.854000
763.860400
766.368300
766.488100
767.500700
768.043300
769.251600
769.262700
769.700400
769.980900
771.122600
771.131000
771.138400
771.194500
771.340800
771.348000
771.356700
772.506100
772.937400
772.965900
775.099600
775.921100
775.983700
776.574200
777.312400
777.566500
777.810800
777.837800
778.197700
778.205700
778.278900
779.713100
779.725100
780.078500
780.089500
780.931200
781.557400
781.829000
782.361200
782.373200
782.390500
782.403500
782.982400
783.352300
783.981300
785.798600
785.807400
786.967400
786.976000
786.984700
786.994500
787.009300
788.854400
788.870600
789.222300
791.186800
791.200500
791.640300
791.668400
793.778600
793.786300
794.969900
797.360300
797.367900
797.377500
798.886800
800.021800
800.035700
800.046900
800.237600
800.379000
800.395400
800.602600
802.018600
802.048100
805.424000
806.183400
806.191300
806.210200
807.294800
807.318000
807.467900
807.990200
808.657300
811.451500
811.978200
811.987500
812.000100
812.848600
813.387900
813.576700
814.821300
814.836800
815.370700
816.760300
817.357400
817.529600
817.538300
818.149700
818.159600
818.211800
819.221500
819.234400
819.493200
820.269500
823.283500
824.768400
824.786600
824.799400
825.827900
826.305700
828.674100
828.813100
829.255900
829.794400
830.691200
830.699900
831.240500
832.496300
832.507200
832.522200
832.529600
833.167900
833.488900
835.517300
837.726400
838.878200
838.893800
841.086100
842.431900
843.463600
843.476400
845.413200
845.428500
845.436800
846.192900
846.205200
847.274100
848.058700
848.073800
849.084400
849.698800
850.651100
850.661700
851.582900
851.590400
851.598200
852.308100
852.324200
852.351900
852.711700
852.723300
857.077000
857.210000
857.227600
858.067600
858.084300
860.950600
866.972600
866.984400
867.492500
867.517000
868.620200
868.635800
872.417000
873.137500
873.618900
873.635000
874.521100
874.524000
874.526800
874.529600
874.532100
874.534700
874.537300
874.539900
874.542700
874.545500
874.548200
874.551100
874.554200
874.557200
874.560300
874.563600
874.566800
874.570600
874.574600
874.578500
874.582700
874.588000
874.592500
874.597100
874.601500
874.606200
874.612000
874.616100
874.622400
874.627100
874.631800
874.637400
874.642200
874.648000
874.654000
874.661100
874.669800
874.679600
874.686400
874.696100
874.703700
874.715900
874.726700
874.746200
874.791000
875.183100
875.385200
875.473400
875.478500
875.518900
875.528100
875.753500
875.917800
875.925400
875.938000
876.187400
876.392000
876.480200
876.833300
876.846900
876.965200
876.979000
877.590300
877.749200
878.026700
878.112400
878.119000
878.125000
878.309300
878.323600
878.447500
878.456900
878.462900
878.482300
879.203100
879.331300
879.338600
879.371300
879.490000
879.706800
880.005300
880.180200
880.334400
880.882800
880.889500
881.774200
881.912200
881.940100
881.972600
883.103700
883.881300
883.921700
884.627300
884.638600
885.515800
886.324000
886.334800
887.855800
888.459300
888.943800
888.955500
889.393900
889.407700
890.109000
891.109600
891.174200
891.186600
891.423900
892.032200
892.046900
892.793300
893.270900
893.758200
893.772000
893.794900
894.897000
894.909000
894.918100
894.958100
895.426800
895.608900
895.617500
895.820300
896.307700
896.559000
897.059200
898.832800
899.279700
900.758600
900.769100
900.779400
901.381500
901.392600
901.406300
901.416800
901.430000
902.118100
903.033200
906.538100
907.099000
907.112900
907.123500
907.139100
908.575300
910.211800
910.222000
911.055100
911.067400
911.607000
911.930700
911.953800
913.065500
913.337700
913.347600
915.399200
916.715600
917.821400
917.832400
918.193900
919.966200
919.974600
919.996000
922.637100
925.792900
926.230500
927.144400
927.162000
928.408000
928.425200
929.119800
929.136800
929.503500
930.291300
931.912400
932.625500
932.638900
933.970700
935.340500
937.246300
937.501800
940.688400
942.559200
942.568800
943.103300
943.591200
943.814800
945.313600
945.343800
949.418500
949.426800
949.437100
949.443900
949.454800
949.530900
949.546800
950.315500
951.340800
951.359600
952.013400
952.611800
953.704800
954.444300
956.235300
956.251500
956.744000
957.454000
957.466100
958.188300
958.363000
959.186300
960.026800
961.262600
961.272700
961.293500
961.817200
963.080300
963.087900
965.519900
965.531800
965.542900
969.066800
969.827200
971.822800
971.837200
971.847500
972.623300
976.882800
979.677800
981.114000
981.698900
981.710800
981.721200
981.739200
981.753800
982.672200
982.871800
983.479800
987.178300
988.646100
988.659300
988.980300
988.993200
989.839500
992.703500
992.715600
992.735700
993.471100
993.486600
994.725400
994.728400
994.731100
994.733500
994.736000
994.738600
994.741100
994.743700
994.746300
994.749000
994.751600
994.754500
994.757500
994.760500
994.763600
994.767100
994.770300
994.773900
994.777400
994.781100
994.785000
994.789000
994.793600
994.797600
994.803500
994.808400
994.813500
994.818400
994.824300
994.830200
994.837100
994.842400
994.849400
994.856100
994.863600
994.868300
994.876500
994.882300
994.890400
994.898600
994.913800
994.924200
994.931300
994.940100
994.949000
994.957300
994.969000
994.977800
994.987300
994.999600
995.007100
995.017600
995.031800
995.046800
995.072700
995.084300
995.095300
995.109400
995.133400
995.141200
995.152900
995.162200
995.170800
995.182200
995.214200
995.237700
995.259300
995.278000
995.291800
995.310300
995.330200
995.350600
995.359900
995.373500
995.392500
995.407000
995.426200
995.436100
995.466900
995.476100
995.487700
995.496500
995.516600
995.541800
995.558000
995.594600
995.648800
995.661500
995.671800
995.685200
995.692900
995.711900
995.751900
995.778200
995.800700
995.822300
995.862000
995.882100
995.911600
995.936100
995.949500
995.962600
995.996900
996.007000
996.026100
996.065200
996.106800
996.118400
996.130100
996.170900
996.194400
996.246700
996.272800
996.305100
996.353000
996.365400
996.390900
996.398900
996.440000
996.451000
996.496300
996.521500
996.576200
996.618200
996.634100
996.647100
996.658500
996.688300
997.198000
997.237600
997.276200
997.413400
997.466300
997.474400
997.523600
997.583100
997.647400
997.753600
997.927000
998.106700
998.252300
998.413700
998.549000
998.669300
998.678600
998.694300
998.809500
999.071600
999.111700
999.328100
999.548700
999.610100
999.617100
999.872600
999.917400
1000.084800
1000.110400
1000.286000
1000.295900
1000.314500
1000.329200
1000.340100
1000.395200
1000.633100
1000.659900
1000.806300
1000.814600
1000.834300
1000.919500
1001.116000
1001.301500
1001.335700
1001.353000
1001.365700
1001.505100
1001.778600
1001.896500
1001.904900
1002.030700
1002.213600
1002.221400
1002.231400
1002.456600
1002.472100
1002.682200
1002.872700
1002.913900
1003.107900
1003.114800
1003.120900
1003.371600
1003.544500
1003.906500
1004.283700
1004.330900
1004.346600
1004.769000
1004.782500
1004.809600
1005.015000
1005.025200
1005.327200
1005.334300
1005.350600
1005.952900
1006.060900
1006.069500
1006.196200
1006.336000
1006.349500
1006.359500
1006.454300
1006.632000
1006.827300
1006.838700
1006.846400
1007.009200
1007.260900
1007.271100
1007.305200
1007.793600
1007.806400
1008.005100
1008.148800
1008.518200
1008.527200
1008.801300
1008.812300
1009.260300
1009.273400
1009.609700
1009.945200
1010.278600
1010.287100
1010.295500
1010.427500
1010.435700
1010.557700
1010.853100
1011.010800
1011.074100
1011.243100
1011.449100
1011.869000
1011.945900
1012.423200
1012.432200
1012.709700
1012.945200
1012.952000
1012.968300
1013.165100
1013.302700
1013.727900
1013.911800
1013.925200
1013.951800
1014.134200
1014.145800
1014.373800
1014.700600
1014.826100
1014.833400
1014.841900
1014.851600
1014.862200
1015.095300
1015.453400
1015.659700
1015.666300
1016.020400
1016.037100
1016.218200
1016.352400
1017.026200
1017.035000
1017.048200
1017.071300
1017.252600
1017.546700
1017.806800
1017.852600
1017.888800
1018.131500
1018.157800
1018.376000
1018.385400
1018.695600
1018.869100
1019.312900
1019.319500
1019.331800
1019.337700
1019.344400
1019.351900
1019.636500
1019.800600
1019.821900
1019.908900
1019.916600
1019.923500
1020.017900
1020.443800
1020.548500
1021.423200
1021.432100
1021.522400
1021.689500
1021.944600
1021.955100
1021.962500
1022.237000
1022.243900
1022.249500
1022.262300
1022.786600
1022.802600
1022.824500
1023.008400
1023.260200
1023.552000
1023.569400
1024.111900
1024.145900
1024.227200
1024.236800
1024.248000
1024.656700
1025.503900
1025.520400
1025.625800
1025.727500
1025.864400
1026.359600
1026.372000
1026.572200
1026.579600
1026.770200
1026.779200
1027.078900
1027.093500
1027.104500
1027.682500
1027.772700
1027.780200
1028.038600
1028.183800
1028.442100
1028.457700
1028.743800
1028.752500
1029.410300
1029.576900
1030.275000
1030.286500
1030.294700
1030.304900
1031.015100
1031.035100
1031.045900
1031.062300
1031.453700
1032.311800
1032.322500
1032.783300
1033.189700
1033.202400
1033.505900
1033.693100
1034.190100
1034.196900
1034.211100
1034.307200
1034.316600
1034.403700
1034.586900
1034.596300
1034.617600
1034.956200
1034.966700
1035.105500
1035.118000
1035.128800
1035.306500
1035.315200
1035.322400
1035.664600
1035.671700
1036.142900
1036.157200
1036.404300
1036.424800
1036.797000
1036.802700
1036.810700
1036.821600
1036.828500
1037.229100
1037.238200
1038.090400
1038.477100
1038.488900
1039.040200
1039.052600
1040.092500
1040.102400
1040.657500
1040.973400
1041.180500
1041.194500
1041.205100
1041.517200
1041.527700
1041.538600
1041.771300
1041.779500
1042.017500
1042.215400
1042.227200
1042.401400
1042.429200
1042.914300
1042.924800
1043.049700
1043.517600
1043.529500
1043.555300
1043.575200
1043.611100
1044.142300
1044.183900
1044.207500
1045.113200
1045.459500
1045.785900
1046.573200
1046.583700
1047.307100
1047.324200
1047.603800
1047.689500
1047.708900
1048.429100
1048.823600
1049.122200
1049.136200
1049.146600
1049.416400
1049.576400
1050.063400
1050.086800
1050.167100
1050.373800
1050.382900
1050.574900
1050.582200
1050.598800
1050.926100
1050.936300
1051.351600
1051.926000
1051.939000
1052.258300
1052.269100
1052.435200
1052.453600
1052.704300
1053.482100
1053.497600
1053.512700
1053.656600
1053.828100
1053.987200
1054.136000
1054.144000
1054.156700
1054.436300
1054.448800
1054.460400
1054.672200
1054.688400
1055.124800
1055.262400
1055.274400
1055.658100
1055.752800
1055.949400
1056.117300
1056.170500
1056.182600
1056.198400
1056.787800
1056.809500
1057.060600
1057.276600
1057.284200
1057.484800
1057.738300
1057.747800
1058.107200
1058.142100
1058.304300
1058.493800
1058.947900
1059.341800
1059.354200
1059.822000
1059.886600
1060.255600
1060.594900
1060.606000
1060.815700
1060.825400
1060.842500
1061.060900
1061.180500
1061.451300
1061.785900
1061.891500
1062.081600
1062.649000
1062.657400
1062.669200
1062.927100
1062.970900
1063.490300
1063.719100
1064.132900
1064.257100
1064.496500
1064.807100
1065.152300
1065.531400
1065.542500
1066.029800
1066.040200
1066.051600
1066.085500
1066.094400
1066.104500
1066.469300
1066.481900
1066.921700
1066.941400
1067.268600
1067.281700
1067.544600
1067.561700
1068.354600
1068.361600
1068.369600
1068.379400
1068.482200
1069.271700
1069.279500
1069.312900
1069.408300
1069.785100
1070.249800
1070.645600
1070.987300
1070.994800
1071.540800
1071.550600
1071.566800
1072.383100
1072.393600
1072.762700
1073.035600
1073.649900
1073.655900
1073.661400
1073.666800
1073.672000
1074.222900
1074.230600
1074.238300
1074.499100
1074.506600
1074.530100
1074.835300
1074.844800
1075.114400
1075.219300
1075.233700
1075.349100
1075.517900
1075.543700
1076.116900
1076.464700
1076.472600
1076.666100
1076.677800
1077.325800
1077.523600
1077.820200
1077.846100
1078.178800
1078.635500
1078.840500
1078.849200
1078.877300
1079.477800
1079.486000
1079.493000
1079.509000
1079.523000
1079.694600
1079.985600
1080.519800
1080.526900
1080.535300
1081.008200
1081.019400
1081.072600
1081.080300
1081.289100
1081.296900
1081.953800
1081.967900
1082.128700
1082.138000
1082.407800
1082.419000
1082.626700
1083.154000
1083.158800
1083.164000
1083.172800
1083.197600
1083.812600
1083.976800
1083.999000
1084.241400
1084.287100
1084.638900
1085.283600
1085.436600
1085.827300
1085.838600
1085.851500
1085.864400
1085.872300
1086.150700
1086.161400
1086.677400
1086.688900
1086.707800
1086.885800
