spike times
9.955300
13.283400
18.496100
18.503900
18.511300
21.187500
24.198300
24.213700
28.014500
30.045700
30.050400
30.054500
30.058600
30.062900
30.067100
30.070900
30.074700
30.078200
30.082100
30.086200
30.090000
30.094100
30.098200
30.102400
30.107100
30.112000
30.117100
30.122100
30.127900
30.134000
30.140000
30.145700
30.152900
30.159500
30.166700
30.175500
30.184000
30.195000
30.204700
30.210300
30.217600
30.227500
30.237000
30.247500
30.261200
30.277700
30.312100
30.325400
30.351500
30.363500
30.426500
30.441000
30.451000
30.484600
30.524000
30.555900
30.568500
30.677400
30.687100
30.698300
30.718500
30.783600
30.937100
30.950900
30.965800
30.995400
31.133500
31.180300
31.232200
31.327100
31.348300
31.427300
31.445100
31.495000
31.504500
31.537700
31.592800
31.753600
31.803300
31.820000
31.902200
31.963300
34.389000
36.308200
36.323000
36.359800
36.375400
42.570200
51.054700
51.465100
51.483900
53.257500
53.273500
58.527700
58.545700
63.895900
63.921100
65.976700
70.472700
76.039400
83.828300
85.128200
87.548000
87.677800
89.014300
89.036900
90.664600
90.678900
97.816700
97.920100
100.433500
102.766000
104.006200
111.027300
113.459700
116.199600
124.365400
136.899600
142.410000
143.618000
144.682100
145.383800
147.423500
147.668400
152.045400
152.049600
152.054600
152.058800
152.063100
152.067500
152.072200
152.076900
152.081900
152.086800
152.093100
152.102100
152.109300
152.120600
152.131900
165.674900
165.740400
166.547600
170.701300
171.717900
175.629300
175.647400
175.659700
184.224500
184.235500
184.315900
184.621100
185.463400
185.484400
191.736500
202.716000
212.135900
216.636100
217.425900
221.089000
221.134500
222.113700
231.454600
232.119100
233.893500
234.556300
235.277700
236.433900
236.443900
238.686100
238.996500
240.753400
240.764300
241.059000
241.148700
246.372300
246.390300
261.552100
261.572700
265.002900
268.997700
272.072900
272.077200
272.082400
272.086300
272.090300
272.094200
272.097800
272.101900
272.105600
272.109500
272.113500
272.117500
272.121800
272.126300
272.130500
272.135100
272.139900
272.145200
272.150400
272.155400
272.160900
272.167400
272.174000
272.181300
272.190000
272.196700
272.204400
272.213000
272.222500
272.232600
272.243200
272.254600
272.272100
273.616700
274.147800
274.161500
274.171500
276.043800
279.825200
279.848400
279.862500
280.374200
281.679800
281.711600
288.635200
290.232600
293.273200
293.315800
294.472700
294.735800
296.212200
298.466800
306.788000
309.553700
309.561300
309.571600
313.434800
316.891000
316.943900
318.775100
323.910300
323.925100
323.943300
327.306300
330.906700
331.198200
331.209700
335.194400
343.431000
345.892700
354.130700
354.162700
358.851500
360.588000
371.232800
373.067100
373.086400
375.865200
391.016200
391.053900
391.076200
392.276700
392.280900
392.283300
392.288200
392.292000
392.295800
392.299700
392.304200
392.308700
392.313000
392.317500
392.322000
392.326100
392.331000
392.335900
392.340600
392.345500
392.351300
392.357100
392.362400
392.368600
392.374200
392.381100
392.387100
392.393700
392.401500
392.411800
392.420200
392.429100
392.437000
392.443400
392.451900
392.468900
392.481500
392.501900
392.512300
392.524200
392.536600
392.550200
392.568700
392.578900
392.592100
392.649000
392.670200
392.679300
392.702600
392.717900
392.731700
392.744900
392.767000
392.780300
392.807700
392.854000
392.934600
392.960600
392.979600
393.002000
393.011300
393.059800
393.129200
393.142000
393.229300
393.240200
393.264900
393.275900
393.350500
393.358000
393.423700
393.452200
393.467300
393.562700
393.583700
393.638900
393.655600
393.676600
393.709000
393.753000
393.778100
393.841100
393.878200
393.922100
393.949200
393.967200
393.974200
393.986200
394.032700
394.187400
394.195100
394.242500
395.099100
395.105900
395.735100
395.965600
396.405500
396.537400
396.773800
396.790500
396.822700
396.844100
397.456300
398.456700
398.668700
398.821200
398.876900
399.353600
400.713300
400.736900
400.756500
400.839000
400.849100
400.869600
401.972700
401.981700
402.054100
405.473100
405.530900
408.288400
409.039200
409.603300
410.502700
411.561900
415.367200
415.567900
416.570000
419.354800
420.388900
420.400000
423.221100
423.247700
424.383700
424.861700
425.584300
426.784000
427.316900
430.359000
431.090300
432.903900
435.828900
436.718200
441.593800
441.679800
446.626300
448.940700
448.960900
449.027600
449.716500
452.071200
452.097800
452.113400
454.689800
459.880600
461.309400
464.280800
471.222600
472.617800
474.341800
475.581100
478.249800
478.269700
479.634000
479.657400
479.667300
480.254700
480.922200
480.937100
480.951500
480.967500
484.696000
489.290800
490.567500
496.528800
497.620600
500.619800
505.754200
509.828100
511.886100
512.577600
513.159900
514.281300
514.285500
514.289300
514.293000
514.296400
514.299800
514.303500
514.307100
514.311200
514.315300
514.319900
514.325000
514.329700
514.336600
514.342800
514.350500
514.359100
514.367500
514.376800
514.390700
514.402100
515.613400
524.659300
524.818300
528.629100
528.835300
530.824200
530.865400
540.046200
544.602000
547.865100
547.882900
548.866400
552.919000
552.943500
552.955000
555.323500
556.134800
556.146800
556.734800
561.401100
563.953800
566.344800
569.010200
569.143400
570.120000
571.344400
571.931000
575.909200
583.331900
593.606300
594.155400
594.174000
594.189500
594.199300
594.213700
598.777000
598.789600
599.343500
599.396500
606.167900
611.005300
611.030600
611.664900
612.703800
612.718900
622.737100
626.015300
626.027300
626.484500
630.076600
631.343100
634.304200
634.308400
634.312100
634.316200
634.320000
634.323500
634.327200
634.330900
634.334900
634.338900
634.343400
634.347700
634.351600
634.355700
634.359500
634.364200
634.369400
634.375500
634.380300
634.386100
634.391700
634.397800
634.403800
634.409700
634.416500
634.421600
634.427700
634.434200
634.440300
634.447200
634.457500
634.464300
634.473200
634.481800
634.490100
634.498300
634.508200
634.517900
634.533200
634.550300
636.579600
636.922800
638.375800
638.493700
642.420100
649.072600
651.046800
653.461700
654.882700
655.431500
662.120700
664.153900
664.188200
667.027100
669.858000
672.308000
672.389000
682.563200
690.581500
692.450800
693.436500
700.727700
708.648100
708.663000
710.924200
712.464300
714.953800
717.947900
724.090500
726.390000
727.420200
727.448300
727.481100
731.202800
731.228100
735.039100
735.067600
735.269800
737.030600
737.074900
740.385400
740.422100
740.446700
740.474700
746.669400
750.165000
750.228600
754.507500
754.511600
754.515500
754.519100
754.523000
754.526700
754.530200
754.533900
754.537700
754.541200
754.544900
754.548700
754.552700
754.557900
754.562400
754.567100
754.571500
754.576300
754.581300
754.586600
754.591400
754.597100
754.602300
754.607600
754.614300
754.619900
754.625800
754.632100
754.638600
754.644800
754.653100
754.659800
754.669300
754.685100
754.694200
754.701500
754.709000
754.719500
754.731500
754.741100
754.751100
754.759800
754.768100
754.779700
754.790400
754.801000
754.810900
754.839300
754.855800
754.865100
754.889200
754.902600
754.916400
754.926200
754.944400
754.961500
754.981700
754.999100
755.008800
755.027000
755.044100
755.061700
755.070300
755.088500
755.103500
755.119300
755.123900
755.147600
755.161500
755.172900
755.179300
755.198000
755.253900
755.283400
755.296500
755.310900
755.313600
755.324800
755.331200
755.335600
755.348500
755.354700
755.361600
755.390900
755.402000
755.411000
755.442200
755.458300
755.464700
755.470900
755.483100
755.503700
755.513200
755.546000
755.585900
755.599700
755.610900
755.630500
755.641400
755.667000
755.685600
755.701500
755.714600
755.740600
755.783400
755.806500
755.827800
755.849700
755.860200
755.898000
755.921600
755.951800
755.973500
755.998800
756.008800
756.023500
756.027300
756.066900
756.113500
756.154100
756.184500
756.205300
756.220100
756.245400
756.268000
756.273800
756.311600
756.319600
756.347100
756.367900
756.397500
756.429600
756.462900
756.472500
756.484600
756.495100
756.909100
758.607000
758.619100
759.011400
759.630800
759.657900
759.958500
759.974100
759.997900
760.026800
760.038700
760.058700
760.199400
760.784600
760.823900
760.851100
760.978700
761.016900
762.752500
762.819400
762.836000
763.061200
763.127400
765.713400
765.780800
765.839300
765.922600
766.116200
766.258600
766.703300
767.444200
767.664600
769.476100
770.667700
770.696900
770.706200
771.165600
771.494000
771.518600
772.805000
773.287900
773.778200
774.312000
774.331400
774.848900
775.520000
775.560300
777.480200
778.269700
778.884400
778.925000
778.936100
778.961400
780.393400
780.839600
781.849500
782.221800
784.030600
784.219900
785.447500
786.941000
787.314200
788.493700
788.716900
789.612200
790.438600
790.454000
790.899600
792.575200
792.585100
792.593400
792.603300
792.618300
794.430100
794.896900
794.924700
795.999300
796.020800
797.603700
797.817600
800.540800
801.732200
801.743700
805.208900
806.076000
806.668700
806.676200
806.684400
806.694200
806.711400
806.866600
807.986600
808.000300
809.617000
809.632400
809.645600
810.193400
811.227100
814.789000
814.806900
815.646100
815.677600
816.625700
817.313000
817.351600
818.773800
818.827500
818.837100
818.846000
819.284400
819.711000
821.839300
821.848700
824.149300
824.429600
824.847700
824.862600
825.711900
825.749600
827.086700
827.811200
828.768600
833.814800
836.805800
836.814800
836.835800
838.296300
839.228200
840.753900
841.495200
843.035700
843.757000
843.771400
843.784400
845.171400
845.764200
846.158200
847.801000
849.275200
849.389900
852.134000
852.145100
852.192000
852.234200
852.251200
855.283400
857.963200
859.456600
862.173900
862.184600
862.199900
863.580900
864.735700
867.494800
868.736500
868.760700
870.662700
870.673000
870.682900
870.696200
870.736500
872.324200
873.229300
876.329100
876.507900
876.512700
876.515400
876.518600
876.521800
876.526000
876.529400
876.532800
876.536200
876.540000
876.543800
876.547700
876.551500
876.555700
876.560200
876.564800
876.569800
876.574900
876.579700
876.585000
876.591400
876.602500
876.610400
876.619900
876.634900
876.647800
876.657800
876.967900
878.731400
880.115100
880.798600
880.815700
880.826100
880.947400
882.162900
884.241700
885.350400
885.395400
885.407600
887.181500
889.482000
889.502900
893.027800
893.817900
893.834200
894.673300
895.898100
896.154500
896.769500
897.283000
899.452900
899.567700
899.871100
900.199500
901.412700
901.557800
905.571200
906.330200
906.341100
908.560800
908.571500
908.590900
909.346200
910.326200
912.314900
913.136000
913.923200
914.014400
915.204000
915.682900
915.703200
918.098900
919.497900
919.507800
921.189600
921.202600
921.221300
921.290100
922.584900
923.123800
923.138900
923.253900
924.432500
924.579300
924.618100
925.077700
925.092800
925.616800
925.694800
929.740400
930.086200
930.108800
932.769800
932.952500
932.989400
933.000000
933.851300
934.593100
934.710900
934.745600
936.127300
936.148400
936.198300
936.210000
937.162600
937.185100
937.197600
938.744500
938.832000
938.846300
938.853200
938.866200
938.975700
939.110400
940.503400
940.586900
940.609100
942.675600
943.903300
943.920100
943.946300
944.922800
945.166700
946.032800
946.310000
948.003400
949.005500
949.061600
949.102700
949.191000
949.761500
950.926700
952.279000
952.498600
952.533800
953.721500
953.736500
954.238700
954.519800
955.574700
955.592700
956.781300
956.801000
956.829600
959.803900
959.817100
959.846300
