spike times
13.455600
13.476800
13.487300
13.565700
13.770100
13.778200
13.788300
13.995500
27.168000
27.610100
27.629700
30.032900
30.036400
30.039600
30.042800
30.045900
30.049400
30.052900
30.056300
30.059700
30.063100
30.066800
30.070800
30.075100
30.079700
30.084400
30.088500
30.095600
30.101900
30.129700
30.689700
36.823100
37.293500
37.307600
37.372900
38.797300
44.691300
44.699800
44.713600
44.777300
50.877100
50.888600
52.625000
53.831200
55.189700
55.206500
55.215300
66.986600
79.985800
79.997800
80.021200
80.046700
83.957400
91.645500
91.653800
91.666400
91.694800
91.706500
91.731400
91.827000
91.842000
99.826500
99.845300
99.860600
99.906600
107.497600
107.515800
107.529400
107.548400
116.355600
116.377500
116.407700
121.362400
121.375500
121.384500
126.427700
126.443300
132.041600
132.051800
132.061500
139.866000
140.665300
140.849400
144.254900
145.172600
145.181100
145.199200
145.218600
145.311400
146.574600
146.592900
150.059000
150.062400
150.065700
150.068900
150.072100
150.075200
150.078400
150.081400
150.084600
150.088200
150.091700
150.095000
150.098900
150.103000
150.107400
150.112100
150.116900
150.121600
150.127200
150.132900
150.137900
150.143800
150.149100
150.155900
150.163000
150.168200
150.174500
150.181200
150.189600
150.199600
150.206000
150.213200
150.222800
150.235500
150.246900
150.252000
150.272300
151.767200
153.593600
153.604100
153.771200
155.033800
155.086900
156.806200
167.590600
167.600300
167.617600
167.648100
170.977300
172.859600
186.890900
186.931100
191.037800
209.255600
209.314600
221.022300
234.058400
236.754100
240.021000
240.034600
247.898700
251.609400
251.623000
251.680700
254.161000
262.369300
269.974600
269.996500
270.014500
270.033800
270.071800
270.262600
270.267100
270.271000
270.274300
270.277500
270.281400
270.285600
270.289400
270.292900
270.296700
270.300700
270.305400
270.309800
270.314700
270.319800
270.325300
270.331100
270.336500
270.343400
270.353000
270.359000
270.368000
270.374600
270.384500
270.392200
270.408500
270.415900
270.430300
270.444200
270.459900
270.472900
270.482700
270.493900
270.538800
270.549000
270.586800
270.594200
270.637100
270.645400
270.657100
270.719700
270.751300
270.760800
270.778600
270.794500
270.892800
270.932800
271.030100
271.040200
271.046500
271.069200
271.081500
271.096600
271.143600
271.257900
271.265100
271.283600
271.329600
271.446100
271.480600
271.501200
271.549500
271.605300
271.747600
271.860200
271.871300
271.922200
271.945800
271.972700
271.989700
271.999100
272.249300
272.257100
272.274600
272.786000
272.792700
273.381200
273.401400
273.551300
274.674300
274.868600
275.112000
276.608100
276.648300
281.638300
281.661600
281.673900
281.911600
282.846800
284.854600
284.865200
287.076300
287.085000
288.023300
288.033100
288.043800
288.533100
288.899800
288.912500
289.820400
289.845100
289.857400
289.866500
291.962200
292.342000
292.696300
292.713300
292.727400
292.810200
295.490400
297.103900
297.115800
297.531700
298.639000
298.649100
298.668000
298.691700
300.755900
304.764400
306.660600
307.604100
307.619300
307.629700
307.814200
308.046500
308.471700
308.482500
308.500400
309.725800
310.587300
314.213800
314.251800
314.297000
314.331100
317.608200
317.618300
317.685900
317.755700
317.887900
317.936300
318.089000
321.624200
327.125300
327.297800
329.177000
329.184900
329.204100
330.956800
330.965800
331.024800
332.186000
332.200300
334.042400
334.116600
334.368100
344.248400
352.002000
352.084700
352.529900
353.765800
353.860500
354.651000
358.128000
358.161600
358.176000
358.198900
365.994400
366.022700
366.036000
367.671400
367.697700
370.372500
370.384600
372.090700
372.137100
377.298300
377.310300
377.320700
378.247500
388.102200
388.764500
388.827100
392.267400
392.271200
392.274600
392.278000
392.281200
392.284600
392.287800
392.291500
392.294800
392.298300
392.302500
392.307100
392.312300
392.317800
392.327000
392.340900
392.355300
392.372300
392.447200
397.919000
397.937000
397.951000
400.631500
406.456800
406.470600
406.484900
406.495000
411.864600
411.900100
412.351400
414.608800
414.637800
414.704200
414.716100
414.804300
424.509900
424.527000
424.566500
432.508200
432.534500
432.549000
433.787100
433.822900
435.852700
440.129800
440.138700
443.393100
448.580000
453.462100
453.480700
460.934400
462.772800
462.996400
463.026200
471.199900
471.215300
474.281400
475.171300
475.270300
478.912100
484.819500
491.733900
499.936400
501.258600
501.790900
502.264800
504.377500
506.054000
507.756300
507.768900
507.798000
510.134400
512.293800
512.297900
512.302100
512.306000
512.309700
512.312900
512.316100
512.319400
512.322800
512.326400
512.330000
512.333800
512.337600
512.341500
512.345600
512.349600
512.354100
512.358800
512.364600
512.370200
512.377800
512.383400
512.390400
512.396900
512.406100
512.413800
512.424100
512.436000
512.444700
512.451500
512.463500
512.477000
512.486400
515.444200
519.924800
521.898900
524.811700
525.130600
525.145900
525.157100
527.271400
538.775700
540.645300
556.955800
556.975800
561.177500
561.293800
569.088600
569.110500
569.162900
569.300100
575.226600
575.846700
578.416700
578.437300
578.598200
583.174500
587.164200
590.500900
597.213000
597.319100
600.680200
600.701500
605.230300
605.243400
606.156300
606.185800
606.255800
606.938300
606.952900
606.995400
607.017300
607.933500
609.288200
609.305000
609.391300
614.284200
614.300000
614.317100
614.363600
620.319200
620.377200
620.389500
632.496800
632.500500
632.504100
632.507500
632.510400
632.513300
632.516400
632.519600
632.523100
632.526500
632.529800
632.533200
632.536800
632.540400
632.544000
632.548400
632.552800
632.556800
632.560900
632.565500
632.571100
632.576800
632.582200
632.588000
632.593000
632.599800
632.605600
632.614100
632.619300
632.625600
632.636700
632.646900
632.657000
632.672300
632.680100
632.691800
632.701700
632.720000
632.747600
632.754800
632.773700
632.795700
632.803700
632.815100
632.829000
632.851100
632.864400
632.890800
632.903800
632.950000
632.957600
633.006400
633.065500
633.082700
633.089900
633.101500
633.114900
633.131700
633.143000
633.191200
633.204500
633.229500
633.262000
633.276000
633.331800
633.338500
633.425900
633.468900
633.484700
633.501900
633.511900
633.532300
633.557100
633.574900
633.677800
633.717400
633.762200
633.797800
633.807200
633.830600
633.853300
633.917500
633.947600
633.991900
634.106900
634.135000
634.164200
634.183700
634.193900
634.223700
634.235200
634.283400
634.296600
634.304000
634.407300
634.418600
634.437600
634.483700
635.773500
636.287900
636.297700
636.315900
636.327800
636.490400
636.505000
636.519500
636.524200
636.607200
636.809800
637.216700
637.228300
637.238400
637.766200
637.789200
637.821600
638.257200
638.265900
638.792800
639.028000
639.267300
641.012700
641.752100
641.771900
642.760600
642.776500
642.795100
643.153800
643.468300
643.659000
644.433700
644.447900
645.323800
645.340800
645.404800
645.815200
645.837300
646.190800
646.209100
647.372600
648.407900
649.512200
650.868600
650.893400
650.906500
651.673700
651.690300
651.881800
652.072500
652.145900
654.786500
656.338800
656.811300
656.824200
656.834700
656.866500
656.889100
657.787000
657.806200
658.048700
659.134000
659.266200
659.798800
659.810900
660.518100
660.529200
660.546600
661.488700
661.505700
663.671000
663.906400
663.915200
663.929100
664.268500
665.714800
665.836900
666.398900
666.408500
666.430700
666.970300
667.825700
667.847900
667.994300
668.067900
669.117200
670.284400
672.491100
673.044700
673.145600
674.651400
674.672300
675.052700
675.110900
675.148400
675.192100
676.039200
676.088000
676.814800
678.523800
678.562900
678.577400
678.613100
678.630700
679.061100
679.658500
680.291300
681.433200
681.527900
681.574500
681.594200
681.939300
681.956300
683.048100
683.055800
683.065200
683.083200
684.136400
684.148300
684.162500
688.762500
690.622100
690.635300
690.651000
690.669700
690.688000
690.703100
692.049800
694.231200
694.259100
694.534400
694.602700
698.698700
699.364900
700.305300
700.334800
700.348500
700.359300
700.615200
700.682000
700.701300
701.066100
703.300500
703.312000
704.251400
705.347700
712.210900
712.921200
713.011000
713.946800
713.994900
716.079000
716.230400
718.425000
718.483200
721.756700
721.778800
721.809200
724.718000
725.223500
725.248900
733.843000
735.360600
737.786900
737.814000
737.827200
737.853100
740.858800
744.105200
746.118400
748.476900
748.516000
748.533000
748.570800
748.606100
754.498500
754.502200
754.505500
754.508400
754.512100
754.515300
754.518500
754.521600
754.525000
754.528500
754.532100
754.536400
754.540600
754.544900
754.549600
754.555700
754.562000
754.573900
754.584700
754.638500
755.009600
755.113600
755.123800
756.200500
760.416300
760.440500
762.342700
763.791800
766.762700
768.262600
772.737600
775.298200
775.319400
778.498000
778.573900
778.588300
780.869900
780.891900
780.936200
784.937000
784.953000
784.966700
785.005700
785.016400
785.051900
787.042300
790.715200
790.744000
791.728200
792.435500
792.453600
792.472900
792.529300
792.628200
797.868200
802.532400
802.558500
805.828300
806.153400
809.067000
809.080900
809.103000
809.109600
809.120600
809.162100
809.179300
809.191700
813.957700
813.983300
813.998300
815.109000
815.157700
816.964900
823.742200
828.645700
828.655100
828.665400
828.679100
833.324800
833.340700
834.698600
835.956900
835.970700
836.004900
839.294900
839.311700
840.540700
840.593400
840.618300
840.634800
842.128300
842.654300
852.520000
859.165900
874.523200
874.526800
874.529600
874.532700
874.535700
874.538800
874.541700
874.544700
874.547600
874.550500
874.553500
874.556500
874.559600
874.562800
874.566300
874.569600
874.573000
874.576700
874.580700
874.584900
874.589200
874.593700
874.598200
874.602900
874.607100
874.613100
874.618900
874.624800
874.630400
874.637400
874.642300
874.649000
874.656500
874.663100
874.671500
874.680000
874.686200
874.693200
874.705300
874.718600
874.731100
874.747500
874.792000
875.804600
875.863700
877.245900
877.691700
877.710900
877.727600
878.233100
878.244900
878.570900
879.814100
879.828800
879.853600
881.241700
881.510700
881.622600
883.726400
886.668600
887.153500
887.177700
887.746800
888.406000
888.906600
888.930200
889.023300
889.464900
889.512700
890.826500
891.735700
895.287200
895.326400
895.369700
909.340200
909.356400
909.417300
910.445400
911.478900
911.593300
914.754600
915.722700
916.168900
917.806200
918.122400
919.098400
926.350800
926.373000
928.710200
929.238900
929.258600
929.726100
929.751600
931.479700
931.493400
943.307200
943.357800
943.546600
951.637200
952.499800
952.511000
952.799800
952.807800
952.815400
952.822900
954.873200
958.803800
962.780300
965.410900
965.419400
965.436200
965.450200
967.638000
967.655100
967.673500
967.683200
969.183500
969.258200
978.474400
978.484400
985.139000
987.352300
987.366400
991.279900
991.854700
991.876600
991.908300
994.726300
994.729400
994.732300
994.735200
994.738000
994.740800
994.743700
994.746500
994.749500
994.752400
994.755400
994.758300
994.761500
994.764800
994.768200
994.771800
994.775400
994.779400
994.783600
994.787300
994.791500
994.795300
994.799900
994.804600
994.809300
994.814200
994.819700
994.824500
994.833900
994.839600
994.845500
994.851100
994.860100
994.866700
994.873500
994.879800
994.887400
994.895000
994.904700
994.911400
994.920900
994.929600
994.938700
994.945800
994.956700
994.972200
994.982200
994.995400
995.009800
995.018800
995.027700
995.050000
995.060600
995.081900
995.090200
995.106400
995.130600
995.154100
995.162300
995.170000
995.183000
995.192400
995.206500
995.226300
995.252700
995.278800
995.288900
995.301900
995.323800
995.340300
995.353100
995.394400
995.409600
995.437700
995.458900
995.479100
995.496600
995.518300
995.536900
995.551300
995.593500
995.608200
995.653300
995.675400
995.700600
995.721800
995.741900
995.764300
995.778200
995.793600
995.816200
995.847500
995.903500
995.928700
995.950200
995.969500
995.980000
995.994800
996.026000
996.064000
996.073000
996.105200
996.115700
996.147900
996.175000
996.205900
996.253800
996.271800
996.325100
996.360800
996.384500
996.420700
996.462900
996.505100
996.518200
996.530300
996.541900
996.583700
996.604000
996.641300
996.672000
996.703100
997.873400
998.154800
998.169600
998.286900
998.313400
998.979600
999.212200
999.259600
999.361600
999.370500
999.382100
999.429800
999.610500
999.626700
999.766700
1000.131100
1000.222900
1000.603700
1000.616100
1000.626300
1000.701300
1000.723600
1001.362400
1001.374700
1001.421800
1001.590800
1001.604300
1001.726600
1001.767300
1001.801100
1001.820500
1001.886000
1002.356100
1002.383200
1002.612900
1002.624500
1002.640700
1002.657500
1002.668200
1002.841000
1002.964100
1003.594800
1003.820100
1003.829200
1003.842900
1003.908400
1004.377000
1004.391800
1004.399700
1004.410200
1004.420200
1004.429400
1004.439000
1005.769500
1005.780400
1005.790700
1005.829400
1005.838500
1005.941400
1006.183300
1006.305500
1006.981800
1007.038300
1007.238400
1007.281300
1007.672900
1008.503400
1008.781100
1008.801800
1009.227200
1009.425200
1009.692700
1009.707100
1010.364500
1010.713100
1010.729400
1010.751200
1010.759200
1010.770100
1010.869800
1010.973100
1010.989400
1011.932900
1012.971400
1012.987100
1013.004800
1013.015500
1013.063900
1013.072700
1013.518500
1013.937800
1013.969900
1014.173900
1014.704500
1014.717500
1014.932800
1014.943600
1015.349500
1015.922000
1016.568100
1016.588100
1017.528300
1018.109100
1018.186900
1018.254100
1018.263900
1018.577000
1019.012600
1019.025400
1019.430800
1019.781400
1020.219400
1021.183200
1021.386200
1023.002000
1023.350100
1023.588800
1023.744300
1023.975000
1023.993400
1024.125300
1025.041100
1025.494000
1026.432300
1026.444700
1026.461300
1026.920600
1027.368500
1027.925700
1027.955200
1027.987900
1028.584500
1028.616300
1028.631300
1028.679500
1029.145300
1029.158100
1029.461900
1029.479800
1030.777800
1031.147800
1032.072900
1032.179700
1032.637300
1032.651800
1032.687300
1032.744500
1032.770700
1032.818900
1032.980100
1032.986700
1033.435400
1033.447200
1033.996100
1034.569800
1034.580500
1035.010400
1035.697900
1035.731500
1036.122800
1037.106900
1037.116600
1037.791900
1038.505200
1038.869600
1038.901500
1039.534500
1039.543100
1039.552600
1040.108300
1040.640400
1041.400900
1041.426200
1041.432900
1041.439900
1042.023700
1042.036400
1042.246000
1043.029600
1043.746800
1044.212900
1044.532200
1046.929700
1046.955400
1047.283900
1047.294300
1047.477000
1047.497500
1047.521700
1048.408000
1048.676700
1049.030200
1049.041500
1049.565400
1049.585600
1049.995100
1050.022000
1050.310900
1050.637100
1050.657800
1050.688700
1050.969300
1051.087300
1051.608900
1051.617500
1051.631300
1051.914900
1052.432200
1052.974800
1052.981900
1052.995500
1053.021100
1053.455800
1053.477800
1055.027700
1055.085600
1056.249200
1057.359800
1057.375700
1057.388200
1057.396700
1057.986800
1058.652800
1059.159100
1059.180800
1059.906200
1059.919000
1059.943000
1059.986700
1060.611200
1060.630500
1061.802900
1061.817000
1062.190100
1062.203900
1062.221700
1062.239300
1062.258100
1063.858500
1064.055400
1067.787300
1067.803100
1067.813200
1068.285300
1068.340500
1068.447800
1068.767000
1068.783100
1069.222800
1069.244500
1069.522200
1070.840900
1070.923300
1070.932400
1070.989300
1072.282500
1072.327700
1072.362500
1073.246300
1075.180500
1075.414600
1077.378100
1079.479700
1079.505800
1081.048900
1081.948600
1081.965500
1082.740200
1082.761900
1083.450200
1083.903300
1083.919400
1083.939500
1083.948000
1084.322700
1084.343900
1084.399500
1084.410200
1084.424700
1085.103100
1086.128400
1086.372700
1086.382100
1086.407200
