spike times
17.358200
17.374300
18.409300
18.422200
30.064800
30.071600
30.078000
30.084400
30.092800
30.104900
30.112300
30.124000
30.176500
34.765500
34.786400
61.022400
91.073500
120.919400
150.285100
150.295300
150.306200
150.314300
150.324100
150.335100
150.363500
150.400600
150.449100
150.460000
150.468400
150.622400
150.840000
150.852500
150.985200
151.003300
151.307900
151.484600
151.604800
151.617600
151.842800
151.956700
152.036500
152.054900
152.148700
152.247000
156.417400
158.530500
160.312300
168.954300
182.408000
182.613600
182.634700
192.669700
192.683500
192.816800
205.122900
205.131400
205.142300
213.346000
213.359000
230.340700
230.356000
230.386400
255.457600
255.469000
255.488400
255.508700
256.677200
256.691900
260.698000
260.724200
262.389600
272.843400
274.343600
274.352000
274.370800
291.636000
291.997400
294.855600
294.864600
294.891200
296.374600
328.307700
328.324400
328.344400
333.803900
333.815600
333.828400
334.337900
337.716300
337.739100
338.393300
341.573100
349.098500
364.831100
364.845300
364.858200
364.891100
369.196900
369.208000
373.516900
373.543400
391.350800
391.363700
392.278800
392.285100
392.292300
392.298800
392.306900
392.313400
392.319800
392.325600
392.347600
392.357600
392.373500
392.384800
392.444800
392.497300
393.266700
393.902400
393.920500
394.138700
394.860700
397.874200
399.607200
400.197800
401.298500
401.335500
402.177700
402.189600
402.202300
409.830800
409.847700
409.860600
415.547200
415.569200
415.587200
416.821200
423.379400
428.901400
428.917100
428.927100
434.759900
434.768800
434.785600
441.747800
441.775100
441.947700
448.715900
455.732000
455.738700
455.751100
456.591500
456.602700
469.163800
469.191200
470.862300
470.872200
472.687200
472.698100
473.721600
473.731400
473.747400
481.722300
493.306000
502.750000
511.460000
511.481200
512.481600
512.492900
512.498400
512.502500
512.507000
512.512200
512.518800
512.524000
512.529100
512.537600
512.550600
512.565200
512.585500
512.594200
512.641800
512.671900
512.682000
512.707400
512.751500
512.815800
512.835800
512.898000
512.945800
512.956700
512.971800
512.983300
513.026200
513.045000
513.073700
513.082800
513.155000
513.190000
513.198900
513.326900
513.355300
513.365700
513.398500
513.405000
513.421200
513.559700
513.567400
513.591000
513.609700
513.674900
513.876300
513.910000
513.983300
514.056200
514.065700
514.149300
514.298000
514.313700
514.347300
514.360300
514.397800
514.421200
514.449100
514.456000
515.226300
515.237500
515.412000
515.424800
516.246700
516.259900
516.274700
516.469300
516.504200
516.645700
517.969500
518.136000
518.154100
518.173200
519.057700
519.067600
519.077300
519.125500
519.134700
519.152900
519.163700
520.431900
520.458400
521.473100
521.489600
521.556800
521.670100
521.682300
521.700100
521.826300
521.846500
522.017000
522.557200
523.124900
526.720700
527.927300
527.937000
528.496700
528.532000
528.547800
528.562400
530.052900
530.063400
530.082900
530.108400
530.793000
531.410900
531.921000
532.530600
534.133400
534.147000
540.140600
540.167600
540.186100
540.201400
540.799400
540.820200
540.834500
543.424900
543.437900
543.447600
544.468600
544.479800
545.476000
545.495400
547.996800
548.014000
548.024600
548.039600
553.015300
555.370500
555.385300
555.403400
560.534300
560.545900
560.576300
563.903800
563.913400
563.926600
563.946600
564.181000
564.211100
566.987200
570.747000
570.966300
572.168200
572.185600
572.591000
572.603800
572.621400
573.995300
574.006300
574.745700
576.906100
576.926100
576.967600
581.869100
586.113000
592.270700
595.482700
595.513000
599.020100
599.029000
599.045900
600.133400
600.462600
600.471000
608.618600
608.628900
615.750800
616.598400
616.608900
620.396800
620.507500
624.815900
627.800900
627.830600
628.241100
628.264200
629.208900
631.712400
631.772200
634.478900
634.485200
634.491200
634.496000
634.501700
634.507800
634.514500
634.522500
634.530400
634.562900
634.806600
634.824000
636.613700
636.636400
639.807800
642.578900
642.598300
647.063800
647.086300
648.035200
651.536700
651.560400
654.996200
655.008500
655.318700
655.328900
656.559000
659.597100
659.619500
659.629300
659.642600
659.662800
665.157500
665.174900
666.936700
666.947200
666.957300
666.978200
666.990600
668.333100
670.110700
670.125100
670.132100
670.151100
670.159800
675.301100
675.551800
677.133300
677.425100
678.186900
678.475900
678.854000
678.866600
678.880300
680.317400
680.345100
682.045600
682.621100
682.971000
684.618200
684.630900
684.648200
685.628500
685.649700
685.658700
689.815700
690.014900
690.189100
690.578700
690.804100
690.926700
697.089000
697.098800
697.107400
697.117500
697.127400
697.875800
697.890500
697.918600
698.339400
698.383500
707.204200
714.583400
714.739100
714.759900
717.195900
717.212500
719.155000
721.131800
721.139500
721.148100
721.166100
723.896600
736.251400
742.245100
742.252800
742.294500
742.311600
744.097100
744.113500
744.125200
745.381500
749.552300
749.565400
750.453400
751.632300
751.651700
754.503800
754.508600
754.512200
754.516100
754.519900
754.524100
754.528600
754.533100
754.536900
754.540900
754.545100
754.549400
754.553800
754.558900
754.565200
754.572300
754.580400
754.587300
754.597500
754.609400
754.619500
754.634900
754.650800
754.658200
754.665000
754.680200
754.703000
755.124900
755.143000
755.841100
755.849300
755.857900
755.875400
755.886300
755.898500
755.919100
756.159700
756.170600
756.569500
756.581500
756.834300
756.850100
757.293300
757.303700
757.325900
757.427500
757.450400
757.672600
758.122300
758.130400
758.189100
758.332100
758.407600
759.123700
759.351600
759.365300
759.689900
759.707200
760.014300
761.144800
761.355600
762.030800
762.040500
762.603700
762.623500
763.050700
766.254200
766.265900
770.421100
770.435200
770.479800
774.486800
774.499500
776.757300
776.770700
776.792300
778.299400
780.008200
780.024100
789.730500
789.746800
791.747800
791.812300
794.846000
797.238600
797.262200
797.271900
800.872400
803.663500
808.525000
812.160100
812.172000
815.303000
818.636500
818.649400
818.657700
818.669000
819.361400
819.369500
819.378500
819.416100
823.412200
823.432400
823.451600
823.473100
826.753000
826.766500
827.313000
837.433600
838.065100
838.619000
848.039900
848.063200
849.617600
849.632800
854.756100
854.780300
854.949500
854.958800
858.917100
859.006200
859.503800
859.514400
864.039000
864.048000
864.058500
868.626000
868.636100
868.649800
871.938600
872.009200
874.465300
874.708800
874.713000
874.716700
874.720200
874.723800
874.727500
874.731000
874.734400
874.737900
874.742000
874.746400
874.750500
874.755000
874.759500
874.764100
874.769100
874.774100
874.779900
874.785400
874.790500
874.797500
874.804500
874.810600
874.817900
874.825500
874.833800
874.846200
874.858900
874.873000
874.880700
874.896700
874.905400
874.915700
874.934100
874.953500
874.962000
874.975800
874.986300
875.000900
875.024900
875.034000
875.044300
875.066200
875.080500
875.093400
875.105500
875.126500
875.151000
875.165800
875.175200
875.198900
875.208200
875.236700
875.248000
875.277800
875.289600
875.319800
875.348800
875.364900
875.374600
875.413600
875.431900
875.439200
875.448600
875.485100
875.492600
875.507800
875.523300
875.562000
875.587400
875.614000
875.624300
875.634900
875.659200
875.684700
875.744100
875.779100
875.790700
875.803200
875.832300
875.846500
875.865800
875.898300
875.918100
875.944700
875.967900
875.991300
875.999100
876.040100
876.062400
876.081100
876.098800
876.152500
876.184900
876.200000
876.216000
876.229600
876.256800
876.270900
876.319900
876.332500
876.364000
876.370700
876.384600
876.423400
876.494600
876.522500
876.532300
876.550100
876.570200
876.599800
876.634800
876.658500
876.693200
876.990200
877.359500
877.376600
877.524600
877.541000
877.548900
877.686200
877.699700
877.823100
877.836400
877.847700
878.056300
878.067400
878.225300
878.234000
878.374500
878.543300
878.758900
878.772700
878.778700
878.787800
878.825900
878.905700
879.045500
879.064600
879.078200
879.453900
879.692300
879.725900
879.838500
879.853400
879.864900
880.006600
880.059800
880.170300
880.490500
880.497500
880.596700
880.698600
880.841900
881.024400
881.065600
881.133600
881.154400
881.367500
881.513100
881.581100
881.747200
882.069400
882.154100
882.163000
882.246200
882.287100
882.767000
882.778500
882.942500
883.005600
883.025800
883.149200
883.170000
883.523600
883.532400
883.540800
883.572900
883.879100
884.066300
884.293200
884.302800
884.406200
884.702200
884.720800
885.003000
885.012300
885.231600
885.245800
885.268000
885.502000
885.591800
885.721300
885.753400
885.977200
886.075700
886.771300
886.779400
886.789400
886.803900
886.926100
887.142600
887.261700
887.464700
887.478100
887.499800
887.509400
888.372300
888.613900
888.622300
888.641200
889.418500
889.425100
889.771000
889.784400
889.798000
889.936400
889.945000
890.054100
890.199800
890.211000
890.436600
890.545800
890.679700
890.689500
891.004900
891.099900
891.357900
891.618500
891.633000
891.731000
892.270900
892.282600
892.641200
892.898300
893.575200
894.112800
894.511800
894.781300
894.793000
895.273900
895.913200
895.931600
896.505700
896.520000
896.749200
897.217600
897.515000
898.681900
898.703400
899.181400
899.560100
899.806300
899.815900
899.828900
899.849400
899.862300
901.033500
901.289300
901.443200
901.449600
901.458200
901.563400
901.570200
901.998000
902.301800
902.554500
902.566900
902.575100
902.970700
902.982400
903.215500
903.235600
905.148700
905.168300
905.179200
905.469800
906.105900
906.126300
906.132800
906.288100
907.081000
907.089800
907.101400
908.200500
908.216700
908.229000
908.694000
908.831700
908.848300
909.451300
909.460600
909.478900
909.489300
911.184500
911.192100
911.220600
911.878200
911.897500
912.082700
912.178700
912.699700
913.046900
913.061100
913.068000
913.082700
913.870000
913.892300
914.113900
914.268800
914.282100
914.862600
915.081500
915.481300
915.766700
915.776700
916.050800
916.119500
916.129000
916.140000
916.317200
916.340100
916.583000
916.593200
916.695200
916.965800
916.976000
916.984700
917.007400
917.023400
918.121000
918.132600
918.143100
918.158600
918.185800
918.197900
918.405500
918.414800
918.424900
918.860800
918.872500
919.360700
919.620000
919.967000
919.977400
919.990800
920.958000
921.751300
921.759000
921.765000
921.775300
921.785500
921.901200
923.080200
923.709800
923.721700
924.132000
924.143600
925.599900
926.390000
926.526100
926.858900
927.530800
927.538900
927.546000
928.512200
929.038800
929.523000
929.533500
929.549100
929.557200
930.035900
930.058100
930.453600
931.327700
931.348400
931.461400
931.468900
931.487500
931.620000
932.044300
932.116600
932.427300
932.435000
932.582800
932.598800
933.584400
933.695400
933.727800
934.640800
935.868100
936.650500
936.664000
936.676100
936.695800
936.711600
937.318200
937.330700
937.340800
937.986400
938.256400
939.431300
939.437700
939.446600
939.458700
939.467500
939.480000
940.607700
940.620600
941.240300
941.252600
941.298700
941.596300
942.316800
942.779700
942.791100
942.805800
942.841800
943.771900
943.779200
943.945700
943.957100
943.980900
944.236900
944.339300
944.350000
945.123600
945.137200
945.153400
945.565100
945.739400
946.011300
946.022100
946.758700
946.767900
947.159100
947.176200
947.339000
947.345800
947.352700
947.728200
947.736500
947.780500
947.798300
947.976600
947.991600
948.795900
948.804800
949.497500
950.293900
950.627200
951.145800
951.657700
951.730600
952.257100
952.654800
953.575500
953.587600
954.159600
955.266600
955.292700
955.857900
955.875500
956.370400
958.174000
958.783700
959.757100
960.080300
960.788100
961.601800
961.618300
962.176100
962.186500
962.198300
962.357100
962.371800
962.663600
962.677900
962.842000
963.564300
964.179000
964.952300
967.285300
967.684700
967.698100
967.870600
967.968800
967.976400
967.984900
968.410900
968.428400
969.241900
969.883400
970.201300
970.236000
970.268200
971.990900
972.000200
972.014700
972.037000
972.245400
972.253700
972.264700
972.277000
972.296300
972.325200
972.688400
973.394700
973.560500
973.571600
974.519000
974.728600
974.743300
974.763900
974.977200
975.252300
975.342600
976.475500
976.486200
977.892200
977.901300
977.911500
977.921700
977.936700
978.643000
979.574100
980.023400
980.044100
980.056400
980.065700
980.073800
980.098200
982.007000
982.020900
982.034900
982.789100
982.796000
982.817000
983.046700
983.066900
983.555800
985.029700
985.058000
985.307400
985.567300
985.592500
985.605500
986.022300
986.029600
986.523600
986.811900
987.111300
987.118600
987.125300
987.134100
987.161800
987.960900
987.975600
987.987900
987.997600
988.518500
989.000900
989.413100
989.591300
989.605700
989.740900
991.081400
992.603900
993.765900
993.777400
993.788300
994.224500
994.238300
994.611000
995.377000
996.309300
996.707700
996.711400
996.714600
996.717800
996.720900
996.724200
996.727500
996.730800
996.734300
996.737600
996.741300
996.745300
996.749500
996.753700
996.758400
996.763700
996.770700
996.778200
996.793200
996.834300
996.867200
996.943200
997.100800
997.516900
997.532000
997.547100
998.110800
998.121000
998.155900
998.429900
998.630000
999.193200
999.594300
999.603700
999.748500
999.764700
1000.366000
1000.460800
1001.271300
1001.293100
1001.512700
1001.936000
1005.243300
1005.434400
1005.518000
1005.937100
1006.383500
1006.396000
1007.011900
1007.702900
1007.713700
1007.738000
1008.509700
1008.519900
1009.056700
1010.869300
1010.882900
1011.508100
1011.545600
1011.743800
1012.321800
1012.364000
1012.874800
1013.684200
1013.715700
1014.864500
1014.879300
1016.149700
1016.444800
1016.973100
1018.629700
1018.672100
1018.897300
1019.777400
1021.279100
1021.456800
1021.467500
1021.959600
1021.966500
1022.297000
1022.950600
1022.971200
1022.982600
1022.994600
1023.450600
1023.460100
1023.468000
1023.481300
1024.298900
1024.308100
1024.325700
1025.728900
1025.735800
1025.744600
1025.754900
1025.768000
1026.196700
1026.208900
1027.427600
1027.447300
1027.457100
1027.468000
1028.562900
1029.381400
1029.395900
1029.408900
1029.675700
1029.686300
1030.042200
1030.100300
1030.972500
1030.999500
1031.387200
1031.410800
1031.484500
1032.030200
1032.050600
1032.058400
1032.068100
1032.577300
1032.591200
1033.003600
1033.014800
1033.030300
1033.315900
1033.334000
1033.548800
1033.557400
1033.576700
1033.730900
1033.924100
1033.935500
1033.947400
1034.230800
1034.245100
1034.641800
1035.606700
1035.623000
1035.634100
1035.642500
1036.982800
1037.443800
1038.137800
1039.124700
1039.138300
1042.422300
1042.435600
1043.038400
1043.056700
1043.208800
1043.220300
1044.384500
1044.403600
1044.835100
1046.076200
1046.088400
1046.098300
1046.354600
1049.108500
1049.124300
1050.011700
1050.508400
1050.522000
1050.539100
1050.652700
1050.664800
1051.276600
1051.288300
1051.421000
1051.686300
1051.699400
1051.714700
1052.439100
1052.454200
1052.589200
1052.605000
1053.828200
1053.841400
1054.982200
1054.996100
1055.007600
1055.028400
1055.046400
1055.367600
1056.953700
1056.962900
1056.975500
1056.984800
1057.106200
1057.326100
1059.329900
1059.349100
1059.364200
1059.374900
1059.915100
1059.992300
1060.993800
1061.570600
1061.960900
1063.237100
1063.244700
1063.260900
1063.859400
1063.867400
1063.873900
1065.736700
1065.756300
1067.458500
1067.468500
1069.585400
1069.595800
1069.613400
1069.627800
1069.646700
1070.013200
1070.661300
1070.958100
1070.969100
1071.149400
1071.158300
1071.180300
1071.192700
1071.383500
1071.522100
1075.497400
1075.518700
1075.533900
1075.835500
1075.849300
1075.863600
1077.588000
1078.026500
1079.163300
1079.182600
1079.193800
1079.338200
1080.229100
1080.249300
1080.262400
1080.273200
1081.031000
1081.053000
1081.068400
1081.370100
1081.377800
1081.386900
1081.675100
1081.684200
1082.117500
1082.131300
1083.124000
1084.402600
1084.427200
1085.232600
1085.762300
1085.875200
1086.637300
1086.658000
1086.701200
