spike times
0.839800
30.056400
30.068500
30.075000
30.084600
30.101400
30.124700
30.141500
30.151000
30.157800
30.183800
30.219800
30.254600
30.284100
30.291800
30.315900
30.380200
30.389500
30.425600
30.494100
30.507800
30.568100
30.597500
30.637300
30.668100
30.751300
30.760500
30.766500
30.772600
30.800900
30.897900
30.916100
30.923300
31.023500
31.031000
31.155400
31.166500
31.213600
31.321300
31.336200
31.392400
31.414900
31.421600
31.427800
31.446800
31.481900
31.499100
31.547000
31.595400
31.717200
31.730000
31.746000
31.802900
31.815900
31.830600
31.923000
32.001600
32.016900
32.306400
32.367100
32.426800
32.882500
32.896800
32.908000
33.136200
33.217600
34.592200
34.621600
34.646800
34.666800
37.918300
39.193100
41.509500
67.724200
81.529900
83.943000
83.969100
95.521300
95.532300
95.562500
107.072300
107.089000
140.673000
140.680400
140.823600
140.830900
140.839000
142.525200
142.540700
142.569500
143.717700
152.064500
152.071600
152.081800
152.101200
152.109600
152.116300
152.129900
152.148400
152.155900
152.169200
152.180200
152.201500
152.225600
152.246000
153.305600
153.551800
155.756000
175.303500
177.218800
177.258400
179.973100
194.953400
194.967600
194.998100
195.008800
196.874300
197.981400
202.489400
246.083300
246.102300
246.129800
246.182300
247.019100
264.379200
264.412700
264.423800
266.199800
272.256900
272.264600
272.272400
272.280300
272.291700
272.299800
272.307800
272.328200
272.357400
273.062800
273.182400
273.213000
276.084100
276.105000
276.139000
310.021900
310.035600
315.915300
322.871000
348.276200
348.287900
348.305100
374.567200
374.582000
389.018700
391.702700
392.274400
392.279200
392.284300
392.289100
392.293500
392.298400
392.302700
392.308300
392.313100
392.318900
392.324900
392.333100
392.341300
392.352000
392.367200
392.377500
392.391600
392.403200
392.437900
392.448500
392.472700
392.498800
392.507400
392.527000
392.583000
392.600600
392.608800
392.626100
392.644900
392.661100
392.727800
392.753300
392.781500
392.789700
392.814200
392.826800
392.894700
392.913600
392.924800
392.943300
392.957000
393.020700
393.029900
393.061400
393.123800
393.152000
393.168900
393.193200
393.257300
393.300500
393.313700
393.342400
393.410100
393.420100
393.432900
393.443100
393.504800
393.518200
393.571100
393.620100
393.641200
393.681100
393.689400
393.707100
393.729400
393.736200
393.791400
393.810200
393.882200
393.957300
393.967600
394.022200
394.042200
394.074400
394.146400
394.161000
394.168400
394.238400
394.251000
394.679400
394.693500
395.405300
395.541200
395.601000
395.959800
395.984800
396.323700
396.340800
396.538600
396.551800
396.886400
396.905300
397.175400
397.195200
397.214400
397.651200
397.660100
397.670100
397.678200
398.116700
398.465300
399.302500
399.917100
400.684600
401.029700
401.478000
401.528600
402.414600
402.553100
404.932400
407.022100
411.078400
413.090000
414.862900
414.879300
416.283000
418.966200
420.233800
422.868800
422.967800
426.024600
426.058000
427.038000
427.057300
434.818600
434.856600
434.885300
436.970600
437.164100
437.558200
437.582000
442.990500
443.000100
449.304200
449.318500
449.344700
454.565600
456.671700
456.847900
458.806900
459.538800
463.099200
463.377800
463.386800
463.524600
463.537500
472.932800
472.958100
473.012400
476.223000
476.235800
476.770900
476.786700
479.076500
480.123800
483.555400
487.818800
491.983100
491.999800
492.046700
498.307000
498.339800
498.432400
504.877700
504.907400
512.617000
514.277500
514.282300
514.286600
514.290400
514.294700
514.299600
514.304000
514.308200
514.312200
514.317100
514.322300
514.327500
514.334800
514.342300
514.352300
514.359700
514.368000
514.384000
514.397200
514.411300
514.425000
514.437400
514.448000
514.459400
514.493800
514.795400
514.943700
515.166800
515.444000
515.730500
515.804700
515.823400
516.032900
516.046200
517.345700
517.914500
518.364600
523.852600
529.633800
534.231400
534.913900
534.936000
538.295400
542.649400
548.761800
548.778300
580.332700
580.349500
583.642300
583.660500
584.124300
585.279900
596.093900
599.719000
599.763500
604.872200
617.133900
626.090500
634.488300
634.492900
634.497100
634.501200
634.506600
634.512600
634.517800
634.523900
634.533200
634.550600
634.590900
634.699800
634.752500
634.963300
635.123800
635.836900
636.510100
636.544600
636.710100
637.050400
637.066700
637.418900
638.039600
640.460900
642.151600
642.206200
642.322900
643.219500
644.099900
658.724500
666.154000
669.160100
669.178200
676.393000
680.375900
686.127900
686.631600
687.328900
687.357400
702.656000
709.852500
709.874800
711.638400
715.107500
725.273300
728.884000
741.514300
744.169900
748.389900
748.670100
749.335500
749.372500
752.081700
754.501900
754.506100
754.510000
754.513800
754.517600
754.521700
754.525400
754.529200
754.533200
754.537400
754.541900
754.547100
754.552000
754.557700
754.563200
754.569200
754.575600
754.583200
754.591500
754.600700
754.611800
754.620500
754.633900
754.648800
754.657800
754.665400
754.679400
754.687900
754.697400
754.709100
754.721200
754.753300
754.772200
754.792200
754.802500
754.816300
754.843300
754.859600
754.905600
754.917500
754.936200
754.944300
754.979200
754.999600
755.007100
755.040800
755.070500
755.092400
755.109700
755.120500
755.135100
755.142700
755.156600
755.213100
755.228600
755.253800
755.271400
755.287000
755.304500
755.316400
755.327000
755.388600
755.416300
755.425500
755.445500
755.476600
755.490800
755.543800
755.549800
755.563800
755.596100
755.609200
755.632800
755.647600
755.682500
755.693300
755.738300
755.753500
755.805400
755.823700
755.837000
755.848400
755.860000
755.892900
755.930700
755.948700
755.958000
755.971600
756.007900
756.050000
756.058500
756.085400
756.093300
756.105400
756.144200
756.173300
756.209500
756.264500
756.278600
756.296600
756.324400
756.350500
756.377200
756.392100
756.413400
756.450100
756.460900
756.480500
757.058100
757.361900
757.444300
757.473600
757.513400
757.531900
757.949300
758.054500
758.069000
758.229500
758.435600
758.445100
758.452900
758.503000
758.703200
758.768300
758.779300
758.791800
759.191200
759.254800
759.281800
759.329400
759.398900
759.574600
759.840200
759.940700
760.388500
760.430600
760.629500
761.269600
761.283200
761.294900
761.304600
761.493000
761.506100
761.527800
761.858200
761.956900
762.957400
763.471700
763.520800
764.066100
764.293300
765.298500
765.314400
766.166500
766.203400
766.326700
766.845300
767.292100
767.441600
768.134600
769.131200
769.679200
769.703400
770.234500
771.536800
771.696100
771.916000
772.311700
772.530400
772.596900
772.697200
773.060200
773.615800
773.641500
773.781300
774.149300
774.609800
774.648700
775.401600
775.471800
776.231500
776.355000
776.473000
777.266800
778.203000
778.223100
778.715700
779.389700
779.732200
780.047400
782.193500
782.495500
782.935800
783.155000
783.170600
784.146400
784.163400
785.256100
785.975600
786.535300
786.589100
787.286600
787.300300
787.913800
787.995200
789.038200
789.737500
790.287900
792.869600
793.918400
793.995800
794.015500
794.826600
795.750200
795.779100
795.789800
795.799900
796.743200
796.763700
798.012000
799.669400
799.797600
799.960800
800.877800
801.313300
801.531900
803.138200
803.536000
803.705800
804.304400
804.337800
804.768000
805.555800
806.542600
808.024100
808.036400
808.364300
810.829000
811.056100
811.072100
811.735800
812.335300
812.363400
812.598100
815.055800
816.110100
816.168300
816.461900
817.107000
818.658100
819.002600
819.889600
819.902000
821.890900
823.080500
824.710800
825.422300
825.813400
825.894800
826.837300
826.952700
827.465000
829.471200
831.036900
831.044000
831.052200
831.059300
831.068200
831.306600
831.316900
831.331700
831.352800
831.498300
831.506500
831.514000
831.526700
831.537900
831.550600
831.580700
831.591400
831.670100
831.686000
831.732700
831.835800
832.726200
833.025000
833.032100
833.040800
833.051700
833.123500
833.134100
833.145900
833.155100
833.163200
833.183300
833.260100
833.482600
833.503600
833.872800
834.061600
834.124200
834.131500
834.205800
834.216100
834.227800
834.320200
834.328900
835.039900
835.065100
835.628800
835.648500
835.668700
836.105400
837.755900
837.838200
839.071200
839.851200
839.862700
839.932400
841.377400
842.226000
843.035400
843.052200
843.310400
845.177900
845.203900
845.441600
847.362500
847.412100
848.436300
848.472700
849.937500
851.357000
853.599100
853.926000
854.456300
854.646700
855.148600
855.589600
855.909600
856.037100
856.316600
856.366500
857.916800
858.301600
859.504000
859.530400
861.548500
861.589200
864.158700
864.176700
864.192900
864.768400
867.163300
869.496100
869.834800
872.049000
875.781000
876.501100
876.505500
876.509000
876.512300
876.515800
876.519300
876.522700
876.526200
876.529600
876.533100
876.536700
876.540500
876.544500
876.548900
876.553100
876.558000
876.562900
876.568000
876.573600
876.579200
876.585400
876.591600
876.597900
876.604300
876.611200
876.619400
876.625600
876.633100
876.642500
876.650300
876.656600
876.663000
876.671800
876.681900
876.693000
876.708600
876.720400
876.957200
877.042400
877.234900
877.417300
877.479400
877.507600
877.530300
877.617000
877.810100
877.848700
878.121000
878.196700
878.232500
878.250400
878.512700
878.525400
878.666400
878.904600
878.933400
879.242500
879.663800
879.692200
879.828400
880.377700
880.599500
880.954600
882.808500
882.828700
883.067400
884.000000
884.217400
884.235500
884.286900
884.463500
884.482000
886.309000
886.407800
886.525700
887.077500
888.692400
888.713500
889.729700
890.114500
894.384100
894.818500
895.429000
895.591700
895.611600
896.444800
896.703600
897.231500
898.097800
898.110500
898.179200
899.716600
899.732400
899.889500
900.843400
902.663600
903.262300
903.274700
903.292500
903.305100
903.488100
903.970700
905.190900
905.215300
905.890900
907.130500
908.483400
909.820000
909.839400
910.733400
912.605200
912.618100
912.628900
913.582400
915.310400
916.776200
916.804200
917.643900
918.747500
920.719200
921.089600
921.129600
921.889200
922.019800
922.526600
923.691900
923.851700
924.210200
924.712800
924.730700
925.671400
926.095800
926.897200
926.925300
927.128100
927.581100
931.897900
932.580700
936.369600
936.380500
937.374100
937.536300
943.422600
944.435700
946.193100
946.524700
947.356200
947.691100
949.815200
949.826300
954.082800
954.443800
954.501600
954.607400
954.673300
957.491500
957.507900
959.019400
959.041200
959.293900
959.621200
960.537600
960.546700
960.951100
961.206400
961.225100
963.632100
964.915500
964.950600
964.997300
965.303800
966.387100
967.317200
967.525500
970.978300
971.482400
971.561400
971.733700
972.642100
972.656600
974.116300
977.696800
977.981800
978.840800
978.856200
983.489600
983.586000
985.783700
987.354800
987.367300
987.557800
987.646600
990.413300
990.987400
991.276600
991.847400
993.085600
993.113900
994.011300
994.021000
994.108100
994.689700
995.035800
995.064600
996.707100
996.710800
996.714500
996.717800
996.721200
996.724500
996.728000
996.731600
996.735100
996.739100
996.743300
996.747700
996.753100
996.759700
996.767300
996.777400
996.795400
996.812400
997.473900
997.482400
997.720400
997.740200
997.762000
998.220500
998.252700
998.656100
999.353500
999.374800
999.848400
999.861800
999.900200
1001.066200
1002.745200
1002.757900
1004.918100
1007.615100
1007.684600
1010.056800
1010.913400
1010.930000
1010.940400
1010.954400
1012.219900
1012.231500
1012.271300
1012.295700
1012.788500
1014.181200
1016.362600
1016.676200
1021.215900
1022.026600
1022.055000
1022.085700
1023.777300
1023.795400
1026.910900
1026.941700
1026.960900
1026.992600
1027.350900
1028.208800
1028.225900
1028.250600
1031.961000
1033.290300
1035.932000
1038.035500
1038.597600
1039.582400
1039.744200
1039.968400
1042.288600
1042.964900
1044.057200
1044.427100
1046.984000
1047.029900
1047.239700
1047.640500
1048.439100
1049.994400
1051.431100
1053.853100
1054.390300
1056.358600
1057.657000
1058.401700
1058.457600
1059.132000
1059.152300
1059.176100
1059.210100
1059.932100
1059.963600
1060.737600
1062.805100
1062.819400
1064.199900
1064.838300
1064.861700
1065.425100
1065.453800
1067.129400
1068.700800
1072.048800
1073.978800
1074.045600
1074.530000
1075.610900
1075.711700
1077.389200
1077.855100
1078.364600
1078.709400
1078.747900
1084.400700
1085.172200
1085.702000
1086.879300
1086.903000
