spike times
2.921500
4.400200
4.410000
6.037600
6.059800
13.296700
13.900000
13.933800
17.655100
18.502000
18.755800
18.929100
18.945200
19.186600
19.223400
20.815800
21.504600
21.520600
21.534100
21.762900
21.772500
22.822100
23.070300
23.473400
26.403900
27.571300
27.870200
28.809000
29.638500
30.086300
30.094500
30.112900
30.123100
30.174600
30.200900
30.759000
32.884600
34.322400
34.336100
35.995700
38.153000
38.170800
40.900400
41.333900
41.848900
42.953700
45.350900
49.480400
49.491900
50.269300
51.254800
51.463300
53.433400
54.661600
55.300200
56.612400
57.089900
62.861200
62.890100
66.070700
67.096400
74.162900
77.071700
77.571700
79.727800
80.954100
80.980500
87.893200
87.907400
89.230600
91.038200
92.957400
93.975700
93.996500
94.014400
94.054300
96.029900
99.493200
100.197100
101.555800
101.571500
102.127300
102.168000
102.273700
102.607200
102.842600
102.856400
102.872900
103.305900
105.098200
105.110500
106.182200
106.198500
106.224800
108.904400
111.656100
112.751900
113.219100
113.803500
115.496300
115.853500
116.102600
116.126800
116.976300
119.964100
120.570400
120.583800
120.613000
120.630200
122.748400
123.544000
131.264600
131.283400
131.317900
132.032200
133.708400
133.731800
133.878100
133.933700
137.951700
139.083400
139.382100
143.054300
146.091300
147.241600
149.000200
150.255000
150.262400
150.269400
150.278700
150.286100
150.292200
150.299800
151.121300
151.651000
155.316200
160.077700
160.999900
162.772700
164.846100
165.258000
166.738600
175.301400
176.584200
180.237900
180.724100
181.385300
182.885800
184.020900
186.130200
186.491000
190.940100
191.605500
191.712700
191.940000
192.721600
193.822400
196.180800
198.784900
198.851900
200.941800
205.889300
207.089600
210.036600
210.051800
212.991000
213.010900
214.645900
214.664400
214.678400
215.637500
216.614300
219.543400
225.615000
225.650700
225.978100
227.884600
228.309000
228.324400
228.633300
230.331300
232.016200
233.202900
233.232100
236.345100
236.708500
237.006200
237.279300
240.089800
242.515700
242.542100
249.377300
249.559200
250.949600
250.963300
251.749300
252.040400
253.592800
255.095800
255.117400
256.360500
257.462300
257.543300
257.847300
258.321800
260.218600
260.251200
263.708100
263.980600
264.475400
265.185300
266.775600
267.505200
267.533900
269.033400
270.197600
270.224700
270.306500
270.314900
270.327100
270.338200
270.349600
270.360700
270.388500
270.398200
270.432800
270.458600
270.474200
270.482500
270.504800
270.534300
270.544300
270.675000
270.736100
270.868500
270.907000
270.916600
270.926300
270.977600
271.135400
271.350000
271.422700
271.557600
271.735100
272.100900
272.172600
272.192100
272.243600
273.340600
275.503000
277.793300
277.804100
277.825700
279.295500
279.312200
279.323900
279.336500
279.526800
280.218500
280.241000
281.002000
281.900300
281.922400
283.983900
283.998900
284.018400
285.026700
285.303300
285.321400
285.343200
286.637900
288.977200
289.049500
289.062600
291.469400
291.504700
291.870600
293.098500
293.252200
293.889300
293.900400
294.186300
295.801000
295.817800
296.466900
296.996300
297.021400
297.040100
297.425300
299.249100
300.783900
302.641400
303.132200
303.335700
303.521100
303.720100
303.933300
304.296300
304.947000
305.253000
305.267800
307.334900
307.389100
308.201300
308.214500
308.917000
309.107200
311.919000
312.725100
313.130500
314.562600
315.984500
317.013600
317.759400
318.612800
319.084400
319.103200
319.901600
322.460700
322.908800
323.192900
323.656400
323.751900
324.061400
325.064600
325.085200
325.715800
326.843600
329.082900
329.293200
329.925400
335.155600
335.173300
335.749100
335.774100
335.890700
338.701700
339.495300
339.509700
339.539700
341.511200
343.404600
343.423700
344.517400
345.621500
345.638500
346.122900
346.136400
346.494300
347.256800
348.490000
349.728900
349.770700
350.321700
353.626000
355.174000
355.193100
356.249500
358.840000
359.622000
361.251000
361.267900
361.284200
361.308100
363.489800
363.510200
363.559900
363.568100
363.596400
363.732300
364.616500
366.606800
370.710200
371.371900
371.382400
373.051800
376.120300
379.507900
381.755900
383.504400
385.037600
385.655900
386.858200
388.036200
390.155200
390.171300
391.502700
391.541400
392.284700
392.293100
392.298200
392.303100
392.308000
392.313000
392.317600
392.322500
392.327700
392.333700
392.339300
392.348700
392.356000
392.363800
392.372300
392.385900
392.416000
392.429700
392.458900
392.476800
392.987700
393.009400
394.010900
394.332600
395.432200
395.741400
396.319200
396.360100
396.838100
396.850900
396.863400
398.056700
399.378800
399.391600
399.421400
399.945200
401.310800
402.601400
403.821800
404.438100
404.870300
405.696100
406.301600
406.335400
407.826700
407.838300
409.711900
411.098300
411.114800
411.832700
413.750000
413.945600
415.714700
416.409200
417.975300
418.255400
418.279900
418.291700
419.075000
419.927700
420.847500
421.648300
422.425900
422.437800
422.568700
424.475400
425.432400
425.490200
428.839100
428.866400
429.071000
429.093500
429.105500
434.340400
434.371100
435.151600
436.287200
436.394400
437.991400
443.344500
444.754700
445.592300
445.651900
445.670300
445.691800
448.240900
448.715000
451.037300
452.495500
452.528800
452.553700
453.361400
453.398200
455.034000
455.883400
455.892600
458.842900
459.814200
459.844800
460.234500
461.046400
461.066800
461.205800
464.822100
465.203700
465.216200
465.233100
466.764600
468.578000
469.793100
470.864900
471.271400
471.483600
472.450300
474.696100
474.708600
477.573500
477.598200
478.689500
479.085500
479.277700
481.087300
481.303200
482.716300
482.736600
482.762600
485.619100
485.860800
485.950400
486.240300
488.171900
488.308100
488.321500
490.157000
493.660400
493.683700
494.570800
494.942400
494.956800
495.577200
496.528300
499.167100
502.212100
502.246200
502.323300
508.141400
512.479200
512.488300
512.492600
512.496900
512.501600
512.506500
512.511900
512.517200
512.523200
512.529800
512.536300
513.218700
513.728300
514.181500
514.201200
514.608600
516.306700
516.317700
518.558700
518.709300
518.783300
519.737000
519.884700
521.089200
521.595100
524.204600
524.598500
525.053800
525.965500
527.036900
529.736500
531.085200
531.877300
533.076700
536.052200
536.828700
538.404300
539.297600
541.530900
542.145000
542.709500
542.881300
546.814100
548.361300
550.597000
550.612800
553.480300
554.766700
554.802600
558.421900
561.094800
561.131400
561.509800
561.521800
561.828000
563.820200
563.834300
565.197800
570.004400
572.334200
572.352700
574.551100
575.372600
575.386800
575.795500
577.562700
577.587800
578.269600
587.065800
587.410100
587.433500
587.546300
588.528500
589.303600
593.597500
594.204100
594.970500
595.060300
596.578100
596.622700
605.843000
608.448000
608.596100
609.045200
611.404800
613.157200
613.177400
613.216300
614.744000
614.754400
614.783300
614.804100
615.603000
615.626700
616.542800
616.580400
617.189300
618.448400
618.706700
619.472000
619.776100
622.111500
622.128600
622.144900
622.168100
623.656400
623.676100
625.626000
625.638700
626.324200
627.148000
627.163800
629.820200
630.305300
632.503000
632.507700
632.512800
632.516900
632.522200
632.526500
632.531400
632.536400
632.541100
632.547200
632.552200
632.556900
632.564900
632.573200
632.578800
632.585700
632.595300
632.602600
632.612900
632.623800
632.652500
632.683700
632.734300
632.774400
632.842700
632.892400
632.902100
632.981400
632.992000
633.080500
633.087800
633.198000
633.307400
633.495500
633.540400
633.556100
633.603500
633.619300
633.633200
633.644200
633.714100
633.736600
633.778800
634.028000
634.035800
634.043800
634.130100
634.141300
634.173500
634.278600
634.387600
634.395300
634.405400
634.418100
635.140100
635.154900
635.561900
635.573300
635.580400
635.602800
635.913000
636.225200
636.242100
636.514900
636.612500
636.620300
636.635600
636.710500
637.634200
637.806900
638.248600
638.466300
638.497000
638.775400
639.065600
639.456800
639.505200
639.797100
640.287800
640.300900
640.322200
640.569300
640.768500
640.851500
641.054800
641.060800
641.073000
641.760000
641.931700
642.013600
642.026600
642.197100
642.207000
642.555100
642.569300
642.581500
642.674700
642.686600
643.067800
643.080300
643.382800
644.292000
644.303100
644.351200
644.550300
644.881600
645.060400
645.519000
645.885700
646.399500
646.430000
646.776500
646.785100
646.792800
646.808900
647.145500
647.156300
648.409100
648.441500
648.534400
648.607900
649.736200
650.117500
650.356600
650.368200
650.377200
650.408400
650.486000
650.542700
650.812000
652.059000
652.532400
652.542700
652.695400
652.969600
653.318600
653.330100
653.750200
653.767100
654.036300
654.423700
654.431800
654.456800
654.474600
654.985600
655.821600
655.874200
656.046100
656.537300
656.543900
656.550400
656.584000
657.338300
657.669400
657.980700
658.655200
658.937600
658.975100
659.374500
659.391100
659.561700
660.007600
660.537800
660.564000
660.823200
660.836400
660.858000
661.358200
661.375500
661.810400
661.976200
663.063200
663.365700
663.593100
663.978500
664.309100
664.656500
665.015700
666.703100
666.716200
667.357500
667.742900
667.757800
667.792300
668.498800
668.515400
669.176100
669.306100
669.499100
669.519100
670.069300
670.378600
671.279900
671.291500
671.437900
671.972300
672.098400
672.111800
672.121800
673.450100
673.473400
673.622600
674.675800
674.686600
675.698000
676.478600
676.491900
676.505800
676.514500
676.524000
677.223500
678.365900
678.659100
678.685900
679.399400
680.180400
680.209000
680.248000
680.561800
681.190500
681.520700
681.564000
681.574300
681.626400
682.030500
682.311000
682.683900
683.046900
683.864600
683.881000
684.186800
685.421500
685.445900
685.470300
685.527600
685.537500
685.756700
686.470000
686.912400
687.191000
687.208400
687.719000
688.005300
688.323700
688.876400
689.152400
689.161900
689.180200
689.482000
690.103300
690.118000
690.287500
690.800200
690.868700
690.875200
690.890100
691.080400
691.404500
691.556400
691.786500
691.800300
691.902700
692.484500
693.024700
693.133800
693.504900
693.669600
693.683600
694.952300
696.377700
696.395900
696.868900
697.426700
698.464800
698.485700
698.506400
699.233200
700.107000
700.442500
701.193600
701.208900
702.341900
702.358100
702.370400
702.381900
702.397300
702.786100
702.796400
703.920200
704.229800
704.866900
704.876800
704.896700
705.441700
705.905700
705.934700
707.605000
708.741900
709.085800
709.300800
710.344900
710.788100
711.965700
713.078900
713.603300
714.131300
715.373600
716.111600
716.711100
717.410400
717.421200
719.195700
719.370900
719.680600
720.082500
721.048200
722.099600
722.111700
722.148300
722.328200
724.409700
724.719300
725.752500
726.311800
730.318200
731.080100
733.396200
733.706400
733.727400
733.759700
735.949300
736.531800
737.051100
737.284300
737.507600
738.648000
738.664700
738.873000
739.228200
739.599600
740.742500
740.752700
741.564800
742.366200
742.377100
742.398500
743.311600
743.982500
744.009600
747.971800
747.982000
748.004600
749.823900
749.974000
750.307600
750.568900
750.898600
752.216700
752.458100
753.036000
753.837700
753.862500
753.876700
754.124000
754.502000
754.505900
754.509200
754.512200
754.515500
754.518700
754.521900
754.525100
754.528400
754.531500
754.534600
754.538100
754.541700
754.545200
754.549000
754.552700
754.556700
754.561200
754.565300
754.570200
754.574900
754.580300
754.586100
754.591800
754.598000
754.604700
754.612100
754.619600
754.630200
754.636100
754.642500
754.650500
754.659700
754.671700
755.906900
755.927100
756.303900
756.330800
756.570700
756.590700
756.726500
757.190400
757.763400
757.775400
757.790300
757.798100
757.809200
757.821200
758.090200
758.112900
758.170300
758.673500
758.680700
758.699700
759.029300
759.047400
759.957100
760.854900
761.465300
761.965400
761.977000
762.264400
762.872800
762.889700
762.914100
763.131400
763.635800
763.649400
764.169900
764.339800
764.593800
764.621000
764.639300
764.929400
764.942700
764.961800
764.976600
765.344100
766.105400
766.613300
766.949700
767.052700
767.064800
768.281600
769.254900
769.869600
769.886100
770.617800
770.817000
770.839500
772.667000
772.677500
772.687200
772.696500
772.713000
772.730200
773.366700
773.678200
773.707300
773.904100
775.023000
775.443200
775.675100
775.713900
777.176600
778.538200
778.681300
779.248300
780.101900
781.110600
781.231200
782.443400
782.456400
782.838400
784.515700
784.533900
785.170400
785.187100
785.600000
785.619700
786.359900
786.398900
787.012400
787.707800
789.328600
789.714800
790.618600
790.678400
790.694600
791.563400
792.081000
792.372500
792.743900
793.264200
793.298100
793.805600
794.032000
794.314600
794.330100
795.450500
795.497500
795.521800
795.840400
797.140900
798.113000
798.203700
798.214000
798.484100
798.599600
798.614600
798.640000
798.973800
799.424900
799.448300
801.381800
801.406200
802.386500
802.537500
802.957900
803.383600
804.489300
804.617100
804.816700
805.818400
807.104400
807.116000
807.144800
807.841400
810.683700
810.891600
810.977800
811.681600
812.382400
812.877000
813.877500
813.978500
814.564700
815.007100
815.027100
815.402900
816.338700
816.358100
816.619800
817.408800
817.431200
818.036400
818.319300
818.894600
818.913800
819.404900
822.832400
823.670700
824.079100
825.179500
825.410900
825.422000
825.722400
826.153400
826.507300
826.531200
828.548200
828.711000
829.486500
829.512200
830.673300
831.627700
831.652800
833.554800
835.326200
835.339600
835.359300
835.707900
836.363800
836.377200
836.393200
836.625900
838.513900
838.523600
838.536000
838.549500
839.395800
839.439200
840.822800
841.276900
841.290200
843.286100
844.477100
847.548800
848.676300
849.504800
849.530200
849.557600
850.028900
852.198600
852.222000
852.285200
852.314000
852.982600
857.692900
860.010300
860.499500
860.516200
861.279100
861.719000
862.849700
862.867600
863.626700
863.644900
867.218100
867.232300
867.511900
867.668900
868.833700
868.865500
869.987100
869.995200
870.013900
870.022500
870.047200
872.465100
873.885900
874.273700
874.706800
874.710100
874.713000
874.718800
874.721800
874.724800
874.727700
874.730600
874.733600
874.736700
874.739900
874.743200
874.746700
874.750500
874.754500
874.759300
874.763500
874.767800
874.774500
874.782000
874.790400
875.604900
876.155800
876.179900
876.378700
876.917800
876.964800
877.072500
877.384200
877.675600
878.049200
878.058100
878.095500
878.493500
878.786600
879.399700
879.420500
879.447500
879.705700
879.914300
880.636000
880.985700
881.395600
881.402900
881.416700
884.101900
884.464600
884.903200
885.531600
885.563300
886.003900
886.019500
886.251600
886.268900
886.294000
886.616200
888.395400
889.763500
889.787100
890.085200
891.065100
891.107000
891.158800
894.220200
894.231600
894.477000
894.946100
894.968100
896.522800
897.199100
897.216000
897.313100
898.525400
898.535100
898.549200
899.143100
899.155000
901.933000
901.955400
901.993300
902.909400
903.019400
903.255700
903.439200
904.740700
905.685100
906.187400
907.305700
907.983900
908.017600
908.392000
908.416000
908.750300
909.207700
910.417300
911.542700
912.067500
913.589100
914.365600
914.373900
914.383600
914.561600
914.997400
917.136300
917.713800
918.545800
918.570000
919.017000
919.960100
919.975700
921.629100
921.680800
921.698700
922.268100
922.290400
922.686300
923.598100
924.232000
924.242600
925.446600
927.066200
927.780800
929.533900
930.220500
933.761800
933.788600
933.829000
933.859200
934.986200
935.529000
935.771200
936.255800
936.710900
937.444100
937.987600
938.559200
938.582700
938.818800
938.840500
939.391500
940.222000
940.256800
942.316800
943.376800
943.811900
944.411600
944.787100
944.797200
944.809100
945.133400
946.290700
946.309300
946.329600
947.298800
947.482400
949.835400
950.195200
951.912000
954.881800
956.769900
959.294300
960.298200
960.972900
965.003600
967.037200
970.501600
970.525000
971.598700
971.860700
971.948700
971.965000
972.077900
973.498800
975.191900
976.070900
977.537300
978.031800
978.069900
978.187700
978.710000
979.387000
979.420100
980.025700
980.046300
982.168700
982.259200
982.916500
982.938400
983.445400
984.739000
988.994500
989.158900
989.175000
989.961200
990.605300
990.640000
990.789200
992.647800
993.191400
993.200400
994.728600
994.732200
994.735000
994.738000
994.741000
994.743800
994.746500
994.749400
994.752300
994.755000
994.757900
994.760900
994.763800
994.767000
994.770100
994.773600
994.777000
994.780400
994.784000
994.787900
994.791700
994.795500
994.799600
994.803600
994.810000
994.816800
994.821500
994.827000
994.833500
994.840800
994.847100
994.856900
994.866800
994.873800
994.884900
994.895100
994.904700
994.921400
994.938800
994.949300
994.965100
994.984500
995.008600
995.038500
995.060400
995.095500
995.108100
995.129800
995.148900
995.211000
995.252500
995.267900
995.315600
995.355800
995.374500
995.397100
995.428800
995.445900
995.504200
995.554600
995.581300
995.638600
995.649300
995.664500
995.677100
995.762400
995.775400
995.801200
995.840600
995.855100
995.928200
995.943900
995.964600
996.002400
996.062000
996.075500
996.120200
996.132300
996.148800
996.165800
996.180400
996.230600
996.248700
996.274200
996.289900
996.352200
996.390600
996.400800
996.414100
996.480900
996.527900
996.549300
996.564200
996.574000
996.611300
996.674600
996.703100
997.669100
997.885000
998.312900
998.332700
998.455600
998.548000
998.557700
998.636300
998.845300
998.891400
999.027300
999.054700
999.079400
999.140200
999.388300
999.578400
999.594000
999.615600
999.652300
999.758400
1000.055900
1000.064600
1000.074100
1000.091000
1000.110000
1000.292100
1000.300400
1000.600400
1000.621500
1000.646800
1000.937100
1000.950300
1001.008200
1001.059200
1001.273300
1001.487000
1001.558300
1001.743100
1001.887000
1001.970500
1002.020000
1002.168200
1002.315500
1002.326900
1003.008300
1003.149600
1003.170800
1003.195400
1003.588400
1003.682400
1003.811900
1004.074200
1004.318300
1004.343800
1004.376800
1004.672100
1004.838000
1004.962600
1005.126300
1005.193200
1005.255300
1005.264400
1005.540300
1005.565400
1005.574000
1005.726000
1005.899800
1006.022600
1006.281800
1006.304200
1006.377700
1006.668000
1006.732000
1006.740600
1006.914400
1006.925700
1006.937700
1006.956100
1007.090900
1007.186300
1007.290200
1007.299900
1007.577000
1007.608500
1007.654700
1007.940800
1007.999600
1008.011900
1008.452800
1008.532900
1008.552500
1008.791900
1008.803600
1008.893900
1008.908900
1009.223600
1009.469500
1009.656600
1009.668200
1009.758200
1009.769900
1009.885900
1009.940800
1010.156300
1010.184400
1010.191200
1010.197600
1010.325000
1010.436200
1010.655700
1010.682400
1010.699400
1011.001000
1011.210000
1011.309900
1011.431300
1011.706500
1011.864600
1012.033300
1012.231900
1012.264000
1012.440600
1012.941000
1013.191000
1013.476200
1013.497000
1013.568200
1013.598200
1013.616600
1013.833700
1013.845700
1013.956500
1014.076700
1014.088900
1014.116000
1014.144200
1014.423500
1014.564600
1014.781400
1014.810800
1014.952300
1015.124800
1015.154200
1015.378200
1015.746500
1015.928500
1015.945500
1016.235800
1016.292500
1016.373100
1016.402600
1016.620700
1016.628400
1016.636000
1016.837600
1016.891200
1017.138600
1017.165100
1017.180900
1017.736900
1017.757000
1017.776000
1018.079500
1018.180600
1018.478300
1018.585700
1019.133700
1019.308700
1019.562700
1019.700000
1019.970100
1019.985200
1020.134900
1020.383200
1020.842000
1020.861900
1021.151700
1021.179200
1021.586400
1021.685300
1021.997600
1022.145300
1022.497100
1022.559600
1022.859100
1022.865800
1022.897300
1022.909600
1022.919600
1023.145900
1023.235900
1023.531000
1023.752800
1024.118500
1024.140700
1024.148100
1024.300000
1024.478500
1024.704600
1024.712100
1024.724900
1024.732300
1024.751600
1025.014400
1025.521700
1025.535900
1025.555100
1025.806700
1026.000800
1026.327900
1026.360400
1026.540200
1026.594700
1026.699900
1026.721500
1027.025800
1027.166000
1027.343700
1027.669600
1027.759500
1027.813600
1028.025800
1028.142600
1028.278900
1028.507000
1028.546400
1028.780700
1028.790000
1029.248000
1029.289600
1029.301600
1029.581800
1029.591200
1029.677200
1030.010700
1030.409700
1030.792100
1030.952600
1030.960700
1030.971000
1031.006200
1031.156000
1031.170200
1031.188100
1031.214100
1031.232900
1031.802400
1031.812800
1031.883700
1031.907700
1032.174600
1032.188400
1032.205100
1032.255900
1032.294300
1032.476800
1032.492400
1032.708600
1033.011000
1033.119100
1033.135100
1033.163500
1033.177700
1033.382200
1033.869000
1033.895800
1034.090600
1034.248300
1034.258500
1034.271100
1034.308400
1034.479000
1034.784300
1034.918700
1034.929500
1034.940800
1035.090800
1035.318200
1035.328800
1035.797800
1035.804000
1035.814500
1035.823400
1035.832100
1035.842800
1036.140100
1036.147500
1036.238300
1036.604700
1036.621800
1036.748100
1036.927000
1036.944100
1037.121300
1037.673300
1037.705000
1037.884900
1038.010000
1038.022700
1038.031100
1038.051100
1038.061900
1038.777500
1038.956400
1038.968300
1039.216300
1039.227000
1039.656600
1039.813100
1039.973100
1040.353700
1040.364300
1040.636900
1040.734200
1040.804500
1041.111400
1041.544800
1041.753700
1041.772300
1042.104800
1042.128800
1042.548200
1042.649100
1042.657000
1042.690000
1043.151900
1043.332900
1043.642300
1043.653000
1043.665700
1043.779200
1043.911100
1043.919500
1043.937500
1044.061700
1044.435600
1044.633400
1044.954300
1045.318500
1045.335400
1045.480200
1045.512000
1045.735900
1045.844000
1046.085600
1046.349300
1046.612800
1046.627300
1046.653100
1046.765300
1047.083400
1047.092200
1047.152400
1047.710400
1048.101600
1048.229200
1048.385900
1048.634900
1048.671400
1048.841200
1049.057500
1049.209400
1049.294200
1049.676600
1049.964100
1049.995500
1050.321200
1050.548100
1050.558900
1050.740000
1051.070200
1051.313000
1051.523700
1051.719200
1052.173600
1052.388300
1052.420800
1052.597100
1052.776900
1052.963400
1052.983800
1053.704700
1053.884700
1054.157200
1054.394500
1054.402100
1054.411400
1054.422200
1054.513900
1054.593200
1055.063700
1055.229600
1055.237100
1055.302800
1055.479800
1055.760200
1055.770900
1055.792400
1056.428800
1056.733800
1056.969600
1057.081100
1057.249700
1057.497100
1058.039500
1058.233100
1058.284100
1058.643900
1058.965900
1059.149000
1059.160700
1059.287000
1059.809300
1060.275300
1060.556100
1060.809900
1061.436900
1061.652000
1061.671400
1061.885100
1061.895300
1062.151900
1062.200700
1062.266600
1062.479200
1062.792900
1062.866200
1062.881300
1063.215400
1063.230200
1063.428100
1063.791500
1063.925800
1063.936700
1064.349100
1064.813500
1064.971200
1065.181600
1065.387100
1065.632300
1065.653400
1065.668300
1065.676100
1065.875300
1066.221600
1066.365800
1066.586300
1067.586700
1067.600800
1068.102500
1068.695500
1068.709600
1068.775300
1068.788200
1068.797100
1068.925900
1069.316300
1069.332300
1069.340500
1069.363700
1070.045900
1070.069600
1070.077300
1070.568500
1070.578100
1070.592200
1070.641700
1070.965700
1070.982700
1071.368100
1071.878000
1071.892800
1071.955900
1072.163100
1072.391400
1072.826000
1072.843600
1072.999500
1073.443300
1073.472600
1073.544000
1073.742900
1073.779300
1073.824500
1074.069800
1074.363300
1074.374800
1074.962800
1075.004100
1075.113600
1075.121900
1075.347100
1075.395700
1075.512600
1075.583300
1075.785600
1076.025500
1076.096100
1076.400900
1076.422000
1076.526200
1076.800300
1076.857800
1077.454600
1077.964800
1077.975500
1077.996800
1078.133200
1078.148600
1078.274000
1078.562900
1078.581600
1079.019200
1079.112700
1079.132700
1079.813800
1079.825800
1079.840500
1079.852700
1080.142000
1080.179800
1080.457400
1080.776100
1080.790700
1080.800800
1080.815300
1080.853200
1081.074600
1081.279700
1081.395100
1081.904000
1081.915000
1081.926600
1081.965400
1081.981800
1082.000300
1082.486500
1082.652000
1082.671600
1082.681600
1082.715200
1082.805300
1082.869300
1083.219100
1083.251300
1083.365700
1084.403400
1084.416700
1084.793900
1085.282900
1085.308300
1085.341100
1085.357500
1085.901700
1086.154100
1086.176700
