spike times
3.034900
3.049100
3.464600
3.476800
3.756700
8.380600
8.398400
8.415800
11.259100
11.274200
13.900700
20.610700
21.154200
21.169700
21.355200
25.285400
26.668800
27.302700
27.376900
27.391700
27.431500
30.056300
30.062000
30.067900
30.074700
30.081700
30.088700
30.096800
30.102800
30.108800
30.115100
30.122200
30.127900
30.134800
30.144500
30.153600
30.173000
30.191100
30.212900
30.223900
30.251800
30.268000
30.280500
30.288900
30.306500
30.366800
30.383800
30.412900
30.434100
30.442100
30.452600
30.462600
30.470900
30.523300
30.581200
30.599400
30.647700
30.657400
30.716400
30.768100
30.779300
30.798000
30.811000
30.817900
30.828000
30.884500
30.892300
30.910400
30.956900
30.969000
31.102700
31.126600
31.202100
31.209000
31.215800
31.223500
31.235500
31.253600
31.307700
31.318200
31.330000
31.339700
31.346200
31.371200
31.437600
31.516200
31.525300
31.534800
31.598900
31.614300
31.751200
31.773700
31.786700
31.798500
31.840900
31.874200
31.900400
31.975900
32.003200
32.034700
32.578800
32.988900
34.395700
34.581600
36.089300
36.217200
36.374000
37.815900
37.843300
40.282100
42.144600
42.497500
42.508300
44.814800
44.833200
46.064600
46.074200
46.085000
46.565200
46.576600
46.590300
46.600400
46.613600
46.634500
48.039000
49.337800
49.378300
50.499800
50.752100
50.774300
51.492800
51.504600
51.525000
51.880400
51.894400
53.786300
53.806700
54.749000
56.975700
56.997400
57.365600
58.791200
58.815800
58.898100
64.329100
65.508900
65.655900
69.262400
69.278600
77.568000
77.583900
77.697200
78.082100
79.026700
79.136700
81.852000
81.862600
81.872700
81.889600
81.913400
84.460300
84.473400
86.801300
87.338000
89.358900
89.383500
89.421600
89.506800
91.683500
94.687800
95.311900
99.056200
99.110200
99.123500
99.396600
99.407200
99.435400
99.818600
99.890900
100.411800
100.429300
101.243200
101.270700
103.829900
104.116500
104.146200
106.174100
106.192800
106.209100
106.227400
107.300900
111.578200
111.592700
114.064700
115.492700
116.870000
125.708000
125.718400
126.953400
126.965600
130.655300
130.666000
130.703700
130.735100
134.954900
134.969900
138.660600
138.714100
141.754200
142.548000
142.560600
142.577600
142.592300
142.610900
146.566500
146.645800
147.375300
147.394000
147.409800
149.460800
149.497900
149.512000
152.047300
152.052500
152.056400
152.062500
152.068700
152.074900
152.084500
152.089200
152.098700
152.511200
152.589300
152.606700
153.652600
160.982100
160.996400
161.021900
161.531400
163.556600
169.952400
170.190500
170.458900
170.854500
179.248600
184.885400
184.893900
185.059600
186.364700
188.158600
188.173800
190.262800
192.509000
192.794800
192.859200
192.878700
193.924200
193.954700
194.998800
198.580600
198.808600
198.819200
198.832200
198.840300
199.551900
203.256800
211.485100
211.500600
214.612800
214.627600
214.631600
214.638100
214.642500
214.655900
215.895100
215.902600
215.924000
215.939700
215.956400
215.969100
217.156800
217.165200
219.273100
219.292800
219.332100
219.342600
219.561600
219.581200
220.139100
220.207000
221.777800
221.801100
223.071700
224.278100
224.315600
225.098900
225.107000
225.128400
225.152200
225.172600
225.823700
225.840400
230.122000
230.134700
230.187700
235.182600
235.193400
235.527100
238.880300
238.902700
238.915700
241.787800
241.830000
241.914800
241.927100
243.627500
244.890200
244.910800
252.686400
252.695900
252.911800
252.922000
254.114700
254.808400
258.134700
262.806300
262.815500
262.822100
262.830000
262.856700
262.893500
263.016900
263.357400
263.377300
266.294900
267.077700
267.146200
267.157800
271.073400
271.083500
271.097400
271.348500
271.800400
271.872300
272.070200
272.075500
272.080700
272.086400
272.091000
272.095400
272.100700
272.106100
272.111600
272.116500
272.122500
272.129200
272.134800
272.142300
272.150400
272.161400
272.168300
272.174900
272.184200
272.195600
272.202000
272.216700
272.225600
272.236300
272.243600
272.251200
272.259600
272.271500
272.786300
272.801900
272.809100
272.834700
272.848700
277.929300
277.972500
277.987700
278.036300
278.678100
286.580100
286.591300
286.610300
286.630100
286.721400
287.811100
288.432300
289.077000
289.461900
289.477900
290.215100
290.236100
296.391600
296.803800
297.138600
297.150900
297.162500
297.323100
298.595500
301.949000
301.963200
301.982400
302.758500
302.771200
306.538500
306.552300
307.161900
307.199500
307.225700
308.809300
308.823900
309.602900
310.481000
311.040300
311.077700
311.089900
311.668000
311.687000
314.889200
314.900800
320.604500
320.629900
321.451300
321.460800
324.010300
324.061400
325.609000
328.084600
328.753300
331.744300
336.318100
336.329900
338.942800
338.985800
342.396700
342.406900
342.419200
342.457300
343.537100
345.525700
345.760800
345.784500
346.564600
346.581400
346.596900
346.795300
348.040000
348.062000
348.224600
349.873800
349.923100
351.651800
355.516900
358.308600
365.981400
367.925500
380.138700
385.596300
385.610400
385.622700
385.665500
385.880000
385.899200
386.270700
386.281000
386.873600
386.899300
386.914300
387.852500
387.879100
387.904400
391.563700
391.575200
391.593400
392.270800
392.275200
392.279400
392.283800
392.288000
392.291900
392.295800
392.299800
392.304000
392.308100
392.312500
392.316900
392.321900
392.327500
392.333200
392.339000
392.345500
392.351500
392.358000
392.364100
392.371100
392.380500
392.387400
392.395200
392.401900
392.409100
392.416000
392.424300
392.433300
392.443200
392.451400
392.463100
392.471100
392.479400
392.486200
392.496800
392.508400
392.517400
392.532700
392.545300
392.555800
392.573000
392.594500
392.601600
392.621100
392.638600
392.654100
392.668100
392.688100
392.708400
392.719500
392.734200
392.749700
392.760800
392.784700
392.796900
392.808700
392.833500
392.862200
392.880800
392.893700
392.901100
392.938000
392.962300
392.975200
393.023200
393.037400
393.054600
393.065700
393.099800
393.110200
393.123600
393.135400
393.174400
393.220600
393.249400
393.257700
393.290600
393.299900
393.309400
393.337100
393.350000
393.378700
393.409600
393.419900
393.435700
393.494200
393.514800
393.530000
393.565600
393.580200
393.589600
393.620300
393.631500
393.674000
393.727800
393.751200
393.789200
393.830200
393.875700
393.889800
393.904600
393.918300
393.940000
394.002500
394.013400
394.084600
394.120200
394.160400
394.190900
394.202700
394.746000
395.062100
395.141100
395.154900
395.548600
395.954100
396.496400
396.558400
396.706200
396.723300
396.811200
397.140000
397.426400
397.684800
398.435600
398.988600
399.002000
399.122300
399.358200
399.433400
399.446300
400.087900
400.097900
400.346400
400.353500
400.421400
400.428500
400.630000
400.645000
400.807500
401.247700
402.579300
402.591200
402.635900
403.873400
404.687700
404.705700
404.730000
404.736300
404.744800
404.754200
405.701300
405.714600
406.461400
406.472100
406.655600
407.339300
407.350600
407.361100
407.996900
408.007300
408.019800
408.036900
408.916700
409.636500
409.655100
409.667200
409.686500
409.712400
411.498500
411.522200
411.544200
411.555600
411.573700
411.747100
413.050000
413.068500
413.168900
413.362600
414.005700
414.653100
414.673100
415.126300
415.428200
415.601500
416.024500
416.034200
416.052700
417.186300
418.972600
418.987100
419.011500
419.705300
419.716000
419.731300
420.416800
420.996400
421.545200
421.554000
422.080100
422.095400
422.761500
427.149400
427.158000
428.075900
428.110900
428.287700
428.921600
430.349500
430.379500
431.474400
431.488700
431.498100
432.635300
432.650200
433.002300
433.119300
433.429200
434.515600
434.532900
434.547700
435.615800
435.644200
436.527200
436.543100
436.981300
437.285400
437.312800
437.331400
437.654700
437.668000
439.056300
439.579800
440.249400
440.264400
443.400400
444.478300
444.952200
444.982900
445.179000
445.189200
445.439700
445.880900
445.958400
447.759900
447.779500
448.621700
449.060100
450.324700
450.336200
450.988800
451.217800
451.607900
452.071900
452.548500
452.561100
452.573200
452.812800
454.190700
455.147800
457.619400
457.630000
458.964500
459.086600
459.532300
459.568900
461.430500
461.983100
462.192400
462.201100
462.722700
462.740500
463.835300
463.968600
464.441200
464.474200
464.549400
465.386700
465.785000
465.821800
467.487200
468.071300
469.012500
469.371700
471.914300
472.222100
472.248400
472.262600
473.275700
474.801300
474.862400
475.311600
476.659900
476.673100
477.684400
478.241300
478.256800
478.270900
478.420500
479.150000
479.162300
479.172700
479.184700
479.205200
482.002500
482.022400
482.032000
482.218900
484.737900
485.264000
485.272400
487.194400
487.273700
487.294100
487.755100
487.777700
491.575200
491.589400
491.600800
491.645700
491.655400
491.680900
492.298300
493.573200
494.768100
494.802500
494.831300
494.862000
498.132400
498.434500
498.446900
498.912400
498.937000
498.961800
500.062300
500.072200
500.084600
500.521700
500.539700
500.565800
501.590600
501.601500
501.634900
502.565600
502.583200
502.844400
502.873600
503.226600
504.071200
505.170000
505.545000
505.563600
505.575200
507.493100
507.517100
507.530900
507.704200
509.109600
509.121000
509.141600
509.322900
509.412000
509.421300
509.430000
509.470100
509.495600
509.508300
510.143600
510.164600
513.923800
514.270800
514.274500
514.278000
514.280000
514.285100
514.288500
514.292000
514.295700
514.299200
514.303600
514.307700
514.312600
514.318600
514.324200
514.329800
514.336400
514.343600
514.353900
514.363000
514.375200
514.449000
514.467600
515.307200
515.489200
515.499400
515.604600
515.746600
516.129500
516.357700
519.007900
519.052500
519.223200
519.675600
519.686900
519.699100
520.067700
520.076100
520.087700
521.478900
522.018200
522.038200
522.755200
522.780400
523.137200
524.336500
525.555900
525.568300
525.601700
526.203300
526.235200
526.415200
526.449000
527.149400
527.875700
528.233800
529.600800
529.615000
529.629000
530.371500
530.377700
530.385600
530.400000
530.422900
530.472600
530.483100
530.512500
531.038500
531.066100
531.425400
531.599800
535.101800
536.991600
539.008800
539.083300
542.402800
542.412500
542.676200
543.120900
543.728700
543.762100
544.614100
544.657700
544.794600
545.368100
545.598000
545.633400
550.298600
550.339600
552.283700
552.294300
553.199100
553.214700
553.246500
553.540500
554.570200
556.010000
556.018700
556.175000
556.779400
556.897900
556.914500
557.105800
558.721800
559.969100
559.978400
561.096800
561.114400
561.125400
561.335400
561.405500
561.783800
561.795600
561.827600
562.358200
562.879700
562.890400
563.095000
563.104900
563.113400
563.248800
564.617900
564.626600
564.681000
564.699000
564.713400
564.728200
564.749600
567.043000
571.808700
572.014000
572.033900
572.058400
572.089400
573.103300
573.323400
573.461200
573.481800
574.202300
574.216400
576.640100
576.648800
577.977100
577.986700
578.021300
578.223400
579.576800
579.629300
579.728900
579.908600
580.481300
581.621700
581.638200
583.802000
583.821400
583.975300
584.683100
586.283300
586.298600
588.236700
588.246800
588.272500
588.585400
588.594700
588.832000
589.455900
590.024600
594.184000
595.012300
595.108600
597.075000
597.086500
597.136500
597.439300
598.722400
598.743200
601.275300
601.969300
603.709300
604.543300
605.660300
605.707700
605.737800
606.169600
606.180100
606.189700
606.562600
606.889300
606.908400
608.837700
608.861100
608.882400
609.299700
609.319100
609.350300
609.802700
611.942400
621.756400
621.765900
623.792100
623.809100
625.395100
625.416200
626.746400
628.413600
628.444600
629.024200
629.621600
629.637100
629.647200
629.723000
630.870600
630.880600
631.582900
632.066700
632.076300
632.092500
632.149700
634.295600
634.300000
634.304000
634.307800
634.311300
634.315000
634.318500
634.322200
634.326000
634.329800
634.333500
634.337700
634.342400
634.347700
634.352400
634.357300
634.362100
634.367700
634.373000
634.379100
634.384600
634.391100
634.397700
634.404200
634.411400
634.419500
634.426600
634.433700
634.442100
634.448900
634.461000
634.468100
634.476600
634.483900
634.491100
634.502700
634.515700
634.550400
634.771500
634.778900
635.030000
635.040400
635.048800
635.056900
635.151900
635.163200
635.170800
635.189200
635.755400
635.994100
636.000500
636.011000
636.021800
636.127300
636.265700
636.702300
636.882900
637.908900
638.920100
638.928400
639.750800
639.762200
640.381500
642.473500
642.526800
642.768100
643.234900
643.255200
643.300200
643.822700
643.852000
644.554700
644.562100
644.570700
644.592500
644.603000
646.631300
647.024100
647.037200
647.068300
647.140400
650.956900
651.017700
653.066700
653.511700
653.522900
653.537500
656.779800
656.789600
656.856600
658.073100
658.652400
659.360700
659.692700
659.704700
659.725800
660.655900
660.902000
661.104600
661.117100
662.806800
662.905600
663.330900
663.341600
663.361200
663.387600
670.270100
670.294800
670.307600
670.347300
679.276900
679.608300
682.807900
682.819700
682.836900
682.859200
683.029300
683.047200
685.101100
685.116900
685.128000
686.238600
687.626100
687.997200
688.407800
688.436900
688.447300
689.232500
689.658100
689.678100
691.491900
691.798900
691.812300
691.919700
694.045000
694.063800
694.103000
695.008200
696.362600
696.391800
701.487300
701.496900
701.512900
702.952700
702.962600
702.981100
703.014800
704.078500
704.136300
706.880000
706.900000
706.925900
707.275200
708.275900
709.431800
709.441900
709.462600
711.252800
711.277100
712.000700
712.016400
714.774400
715.807300
716.396900
717.477500
717.492000
717.529900
719.142800
719.163200
719.212100
720.805700
720.814600
720.824400
720.839300
722.072200
722.089700
722.116800
722.131600
722.258800
722.281600
725.084600
726.220900
726.233400
726.244600
726.262800
728.124800
729.174800
730.727200
730.824700
730.856300
731.010500
731.018900
731.032900
732.677000
732.695800
732.840100
734.373700
734.383000
734.414100
735.357300
736.345300
736.362100
736.384000
737.989500
738.001100
738.229300
738.771900
738.790400
739.089400
739.948000
740.009600
740.100800
740.139000
743.892600
745.092100
745.134700
745.466200
745.478700
745.676200
745.686600
747.835600
747.867900
748.183500
748.206400
748.994400
749.006100
749.724000
749.759100
749.817400
750.123500
750.732600
750.744900
750.761900
750.783600
750.852300
751.317600
751.325800
754.497900
754.501500
754.504800
754.508000
754.510900
754.513800
754.517000
754.520000
754.523400
754.526500
754.530100
754.533500
754.537000
754.540700
754.544800
754.548700
754.552700
754.557200
754.561300
754.565900
754.570000
754.574900
754.579600
754.585200
754.590600
754.596000
754.602000
754.607200
754.613100
754.619300
754.625000
754.630700
754.637600
754.645600
754.651600
754.658600
754.665400
754.671600
754.680900
754.686900
754.697500
754.706600
754.715500
754.724400
754.732200
754.740300
754.746600
754.755500
754.763900
754.772600
754.779400
754.791200
754.802000
754.809200
754.821500
754.831300
754.841600
754.852200
754.863300
754.881700
754.891700
754.907900
754.917700
754.928000
754.938700
754.951600
754.959700
754.972600
754.988100
755.003000
755.014000
755.041700
755.056500
755.076500
755.089900
755.098700
755.117600
755.136100
755.164900
755.186600
755.197600
755.229400
755.239700
755.250900
755.265600
755.290700
755.300600
755.312300
755.329700
755.367600
755.377200
755.401000
755.424700
755.439800
755.462800
755.479000
755.501000
755.515500
755.539800
755.550600
755.559300
755.575200
755.610100
755.623200
755.633800
755.648300
755.675300
755.697900
755.728200
755.766700
755.779100
755.809000
755.832800
755.890600
755.911000
755.925100
755.937200
755.968400
756.016800
756.036900
756.065200
756.098300
756.164500
756.176200
756.221500
756.238200
756.268100
756.298100
756.319300
756.357800
756.387000
756.414800
756.490000
756.937300
757.224500
757.236000
757.243600
757.359800
757.454300
757.468900
757.512700
757.668700
757.901300
757.958500
758.000100
758.208100
758.214200
758.234500
758.316800
758.367800
758.448000
758.519200
758.566400
758.585400
758.597400
758.604900
758.616400
758.831800
758.986400
758.997300
759.009900
759.021100
759.030800
759.043400
759.101900
759.285300
759.304700
759.386400
759.397000
759.538600
759.807700
759.859900
759.913500
759.975700
760.090000
760.273600
760.455500
760.466100
760.587200
760.936600
760.944200
760.956200
761.088500
761.190000
761.201200
761.234300
761.245800
761.262400
761.429200
761.628100
761.670000
761.827200
761.835700
761.853700
762.137500
762.154600
762.284300
762.293700
762.305000
762.611300
762.656200
762.707700
763.400000
763.413800
763.423100
763.430700
763.448700
763.505300
763.520300
763.852300
764.040800
764.143800
764.593400
764.659800
764.678100
764.730500
764.748400
764.767800
764.778800
764.907500
764.913200
764.920500
765.353700
765.365200
765.479200
765.501700
765.771500
765.788700
765.819900
765.864500
765.984400
765.992500
766.002500
766.187200
766.374200
766.736600
766.759500
766.773300
766.839400
767.054000
767.063900
767.075400
767.086500
767.124200
767.424100
767.958100
768.119400
768.128700
768.331700
768.343400
768.360400
768.658500
768.869600
768.945800
769.096900
769.252000
769.261100
769.269900
769.519100
769.831600
769.843400
769.996600
770.005100
770.017900
770.118200
770.685900
770.739700
771.031300
771.039800
771.171400
771.402500
771.488000
771.531600
771.537500
771.544900
771.609500
771.820600
772.037400
772.146300
772.153800
772.399300
772.426700
772.829300
772.872800
772.886000
773.082100
773.125300
773.133100
773.149100
773.554900
773.578600
773.585300
773.612700
774.144500
774.150400
774.156400
774.164300
774.173200
774.183300
774.199100
775.010400
775.028200
775.297600
775.310100
775.358600
775.365200
775.588100
775.597800
775.828600
775.835900
775.842200
775.990400
776.001000
776.704900
776.710700
777.297300
777.305900
777.312000
777.318900
777.646800
777.658300
777.939200
778.474500
778.528000
779.079900
779.179500
779.187300
779.257100
779.335700
779.460300
780.050400
780.235200
780.278700
780.298700
781.015300
781.023000
781.046800
781.214300
781.399700
781.406400
781.417200
781.451700
781.506100
781.544300
781.551100
781.560900
781.568200
781.766500
781.786000
782.396500
782.849400
782.981100
782.994200
783.002700
783.261400
783.894900
784.175400
784.317900
784.335400
784.343000
784.353600
784.363600
784.620900
785.514600
785.532900
785.547100
785.787000
786.767700
786.778200
787.382600
787.686200
788.130100
788.496900
788.795800
788.913900
788.922200
789.287700
789.302400
789.772200
789.830900
790.125100
790.840000
790.851600
790.916400
790.940300
790.950800
790.974900
791.270700
791.280700
791.292400
791.458200
791.471100
791.695900
792.140600
792.157000
792.167900
792.183300
792.843000
792.849700
792.861600
792.873600
793.165100
793.173700
793.468500
794.035600
794.664400
794.673200
794.701100
794.717400
794.732500
795.403200
795.415300
795.970400
795.986100
796.265300
796.274600
796.376500
796.425800
796.638100
796.874900
797.151800
797.983700
798.484100
798.496900
798.808200
798.817300
798.827700
798.854600
798.862000
798.917000
799.003400
799.459700
799.769800
800.042000
800.176400
800.185600
800.422200
800.472000
800.916700
801.613600
801.743700
801.864600
802.504500
802.518400
802.600300
803.403100
803.415800
803.427300
803.986800
804.166300
804.660800
804.671500
804.690800
804.706400
805.091000
805.207800
805.240400
805.834700
805.871700
806.199600
806.213000
807.054200
807.323500
807.428000
807.609000
807.618500
807.882000
808.323900
808.482500
808.491500
808.503500
809.253000
809.264800
809.285000
809.292800
809.424500
809.434400
809.462100
809.828200
810.046100
810.428500
810.683100
810.697400
810.708300
810.722400
810.790000
810.800000
810.869200
810.878200
811.015400
811.300800
811.312900
813.131300
813.147200
813.248800
813.639100
814.078100
815.152700
815.174000
815.431100
815.961400
815.972400
815.987900
816.029300
816.183500
816.890300
817.035100
817.044200
817.055100
817.090900
817.396000
817.439200
817.454200
817.503100
817.518200
817.543000
817.966100
817.980300
818.008700
818.260300
818.275800
818.803300
818.829500
819.130700
819.160700
819.182600
819.210200
819.655300
819.670700
819.684700
819.700400
819.713900
820.835300
822.076700
822.117100
822.798000
823.252100
823.261400
823.993600
824.489000
825.048400
825.062000
825.195900
825.842600
825.848800
825.864100
826.271700
826.723000
826.951900
827.356800
827.725300
827.745300
827.775800
828.031400
828.040200
828.051500
828.266300
828.485500
828.695000
828.707500
829.059100
829.072300
829.526500
829.536000
829.545200
829.580000
829.742600
830.013600
830.163700
830.749400
830.762000
830.806300
831.236900
831.260500
831.561100
831.577200
831.893700
831.913100
833.151600
833.224800
833.583000
833.805600
834.442400
834.725600
834.740100
835.230400
835.236500
835.247600
835.285400
835.337700
835.520200
835.915500
835.926200
835.950800
836.495200
836.505600
836.528000
837.069500
837.087100
837.287400
837.299200
837.421800
837.847000
837.937400
838.470000
839.240300
839.247100
839.267200
839.279700
839.504100
839.880200
840.137700
840.258700
840.551900
840.759000
840.879100
840.894200
841.470500
841.478400
841.487900
841.936800
841.951100
842.376600
842.700100
842.974700
842.987600
843.012500
843.024600
843.034700
843.140400
843.599200
843.620300
843.777000
843.792100
844.364300
844.441400
844.659500
844.667800
845.144200
845.370500
845.481100
846.103500
846.691700
846.710200
846.916000
846.927700
846.935700
847.722400
847.737900
848.340900
848.351800
848.937300
848.947800
849.600000
849.779700
850.441600
850.483600
850.662000
850.675200
852.111500
852.174100
852.214600
852.717600
853.271600
853.282700
853.311100
853.624400
854.244200
854.251900
854.793800
854.806600
854.827500
855.392500
856.688400
856.850700
857.563900
857.577500
857.587600
857.641600
858.281800
858.692000
859.293900
859.461300
859.470700
859.561700
859.791000
859.800700
859.811800
860.064200
860.397800
860.407600
860.576900
860.591500
861.289200
861.318600
861.401700
861.500400
861.510000
862.212400
862.918300
863.570500
863.588200
863.649900
864.596400
865.279800
865.297900
866.787800
866.799100
866.811000
866.981800
867.072900
867.084900
867.092700
867.099900
867.625600
867.633500
868.012000
868.034500
868.208300
868.217300
868.246000
868.256500
868.632800
869.160300
869.514600
870.061900
870.071400
870.704700
870.719200
870.740700
871.260500
871.273000
871.287800
871.403700
871.412200
871.435700
871.444700
871.778000
871.818600
872.066800
872.148400
872.419400
872.428300
872.434700
872.470000
872.994200
873.239400
873.785200
873.874900
874.501000
874.509800
874.969200
874.984300
875.002600
875.698900
876.198200
876.497500
876.501000
876.504100
876.507200
876.510400
876.513200
876.516200
876.519200
876.522300
876.525600
876.528600
876.531900
876.535400
876.539100
876.543000
876.551400
876.556100
876.561000
876.566500
876.571600
876.577600
876.584800
876.591600
876.601400
876.607800
876.619100
876.646300
876.659100
876.704400
876.786600
876.806100
876.837800
877.255600
877.346400
877.355300
877.364600
877.570000
877.747900
877.799700
877.810900
877.821300
878.103400
878.123100
878.374100
878.557800
878.566900
878.595000
879.204400
879.218000
879.721300
879.735300
879.756800
879.765300
879.774500
879.813400
880.374100
880.458000
880.784100
880.800800
881.451800
881.467400
882.058100
882.073700
882.715400
882.731000
883.279100
883.286200
883.296200
884.381000
884.857300
884.864000
884.893000
884.901300
885.098700
887.260800
887.278500
887.844400
888.094900
888.114100
888.246700
889.029100
889.042700
889.245400
890.320500
890.879400
891.157200
891.172000
891.575400
892.150100
892.981300
893.335600
893.777000
894.202600
894.216600
894.231500
894.254300
894.420100
894.428000
894.954800
894.965700
897.520700
897.827300
898.734300
898.748400
899.080700
899.093100
899.107800
899.488200
899.645600
900.646300
900.671600
901.027100
901.044500
901.169800
901.220200
901.234100
901.313700
901.475300
901.484700
902.499900
902.517500
902.881800
903.381200
903.396500
903.684600
904.759500
904.767700
904.780700
904.788600
904.799900
904.855000
905.033100
905.575000
905.582600
906.412700
906.420800
907.342800
908.284500
908.300100
908.448900
908.457400
908.845100
908.865200
909.522200
909.539900
909.851800
909.877600
911.760700
912.196900
912.620600
912.939900
913.424500
913.456300
913.980300
914.001300
914.010300
914.427000
914.443000
914.676000
915.942500
915.965500
916.036800
916.656200
916.671600
916.945300
916.973100
917.315200
917.363600
917.839900
917.852900
917.869700
918.680700
918.752800
919.343200
919.353100
919.367900
919.379300
920.054400
920.085000
920.558500
920.785600
921.142300
921.156200
921.166400
922.375600
922.387700
923.443400
923.461500
923.474700
924.278600
925.622900
925.846600
925.854500
925.876900
926.104000
926.359200
926.374800
926.991400
927.000200
927.019200
927.366500
927.543100
927.554800
927.576000
928.018700
929.482700
929.491500
929.500400
929.744400
929.975500
930.251400
931.000600
931.010400
931.025000
931.041100
931.114000
931.856100
931.872100
931.890900
931.906900
932.455900
933.026500
933.042100
933.263000
933.272500
933.457200
934.481700
934.490700
934.521600
935.047700
935.326900
936.087800
936.114700
936.305100
936.313100
936.409600
936.422300
936.674600
937.809200
937.823600
937.842900
937.857700
938.262600
939.327600
939.337400
939.346600
939.371000
939.397100
939.860800
940.363000
940.655000
940.901100
940.916300
940.925500
941.466100
942.570200
942.578100
943.061700
943.552600
943.581700
943.593900
944.453100
944.515100
944.547800
944.567200
946.878900
946.888000
947.117900
947.127500
947.150000
947.232100
947.240200
947.249000
947.258100
947.283700
948.053600
948.068200
948.097600
948.125700
948.135500
948.147600
949.481000
949.916600
949.951600
950.032600
950.385400
950.459500
950.816600
950.828900
950.854800
951.316700
951.474500
951.484900
951.496000
951.593500
951.603100
951.614800
952.407200
952.424400
954.145900
954.153900
954.261100
954.749300
954.779600
956.153100
956.198300
956.216100
956.773800
956.944000
956.956800
957.374200
957.789800
957.811100
959.354700
959.368100
960.685800
961.583400
961.602200
962.271400
962.286800
963.028700
963.183900
963.384400
963.617300
964.050400
964.184400
964.335200
964.382200
964.395900
964.936900
964.947200
964.961900
967.249400
968.607400
968.620300
969.119000
969.752600
969.766700
969.964900
969.986200
970.856400
971.336800
972.051500
972.067200
972.078700
974.216400
974.533900
974.543400
976.475000
976.484100
976.503400
976.927600
977.392100
977.695000
977.704100
977.900200
978.415900
979.290200
979.387600
980.455100
980.987800
981.004900
981.868600
982.435700
982.920200
982.933600
983.549800
984.098800
984.611500
984.633400
984.671300
984.683900
984.722400
984.734200
984.810700
984.861900
985.520300
985.554600
985.566900
985.874400
986.796600
987.723000
987.734200
987.758500
988.352800
988.364900
988.380400
988.400700
988.688500
988.703100
988.717200
989.479300
990.973100
990.989500
991.000600
991.012900
991.116200
991.157500
991.370500
992.593600
994.019000
994.054100
994.066600
994.675700
994.683800
995.420900
995.433000
995.957500
995.984100
996.009000
996.299900
996.312500
996.462000
996.518300
996.522300
996.525800
996.529000
996.532000
996.535000
996.537900
996.540900
996.544000
996.547400
996.550600
996.554000
996.557600
996.561100
996.564500
996.568500
996.573000
996.577100
996.581300
996.586200
996.590300
996.595800
996.600700
996.606000
996.612200
996.617300
996.622800
996.628500
996.634900
996.641000
996.646500
996.652300
996.658400
996.663700
996.670400
996.677400
996.684300
996.690600
996.698100
996.704000
996.711900
996.720900
996.737300
996.748100
996.759100
996.778700
996.799800
997.000800
997.012700
997.227400
997.320000
997.373300
997.414600
997.432200
997.443000
997.657300
997.662700
997.669800
997.684500
997.830100
998.107000
998.263200
998.471500
998.599000
998.625700
998.640500
998.762000
999.249800
999.534700
999.642900
999.817100
999.885000
1000.064600
1000.074300
1000.403900
1000.743200
1001.096900
1001.107800
1001.429800
1002.128300
1002.752500
1002.763600
1002.777700
1002.792600
1004.702500
1005.430900
1005.443100
1005.455800
1005.477900
1005.964500
1005.997700
1006.019600
1006.213300
1006.223500
1006.509000
1007.388500
1007.697100
1007.708200
1007.717500
1007.746500
1008.416100
1008.530700
1008.940800
1009.204000
1009.423100
1009.432900
1009.443500
1010.191400
1010.226700
1010.241900
1010.559600
1010.610800
1010.618300
1011.591900
1011.606100
1011.702300
1012.091500
1012.107700
1012.119900
1012.579400
1012.592500
1012.818200
1013.218100
1013.233300
1013.482900
1013.501900
1013.520000
1014.308700
1014.925500
1014.931800
1014.942900
1015.516500
1015.729900
1015.738300
1016.430600
1016.451200
1016.575600
1016.960800
1016.981700
1017.392300
1017.411400
1017.892600
1018.000500
1018.665400
1019.196900
1019.209300
1019.330500
1020.384900
1020.670100
1021.110000
1021.122500
1021.157400
1021.402400
1021.603300
1021.908100
1021.921800
1022.806300
1023.013900
1023.028300
1023.057100
1024.439100
1024.457400
1024.466300
1024.901400
1024.913500
1025.809500
1026.004500
1026.016400
1026.429400
1027.245100
1027.264400
1028.763700
1028.776100
1028.998000
1029.006300
1029.019600
1029.077200
1029.957800
1029.971600
1029.991600
1030.261200
1030.652600
1030.720300
1031.080700
1031.826700
1031.885500
1032.080000
1032.093400
1032.351300
1032.363900
1032.425100
1033.070800
1033.079700
1033.140100
1033.817900
1034.369900
1034.386000
1035.176200
1035.735900
1035.751200
1035.765000
1035.782000
1036.258200
1036.290100
1038.018900
1038.475500
1038.504700
1039.145500
1039.657600
1040.069600
1040.393100
1040.403000
1040.411300
1040.422600
1040.525300
1040.532100
1040.539700
1043.313800
1043.339800
1043.762700
1043.771600
1044.022300
1044.447500
1044.914600
1044.925100
1045.436700
1045.449600
1045.483200
1045.781600
1045.795600
1046.413800
1046.431800
1046.442900
1046.523600
1046.912300
1046.940100
1046.960900
1047.101700
1047.493300
1048.961300
1048.986500
1049.000700
1049.653100
1049.669900
1049.804000
1050.212600
1050.224000
1050.479800
1050.489100
1050.503500
1050.523100
1050.700800
1050.716500
1051.320500
1051.885100
1051.986400
1054.326200
1054.334900
1054.801200
1054.997400
1055.041000
1057.137500
1057.219400
1057.579800
1058.278800
1058.586000
1058.754700
1058.761200
1058.792700
1059.714200
1059.729000
1059.744700
1061.193300
1061.546900
1061.562100
1061.575700
1061.727100
1062.558700
1062.569000
1062.589600
1062.605500
1062.703500
1062.734500
1062.934500
1062.950500
1064.425700
1064.441600
1065.211300
1065.228200
1065.932100
1065.947800
1066.240900
1068.353300
1068.367500
1069.177800
1069.191300
1070.689300
1071.647000
1071.974900
1072.490100
1073.365800
1075.579400
1075.637000
1076.172200
1076.189400
1077.058800
1077.071400
1077.083600
1077.665400
1077.842700
1077.924100
1077.945800
1078.256700
1078.369900
1078.800400
1078.814000
1081.379600
1081.866800
1081.877500
1082.738500
1082.748400
1083.094000
1083.442100
1083.452100
1083.461300
1083.482700
1083.919700
1084.449700
1084.458500
1084.495400
1084.507400
1084.569700
1086.541800
