spike times
0.991500
1.004800
4.380500
8.934500
8.957600
9.669500
11.935000
18.264700
18.990500
19.009900
20.550200
21.680100
23.597700
26.752100
27.509300
29.862600
30.037500
30.042400
30.047300
30.050800
30.054200
30.057700
30.061300
30.065400
30.069400
30.074500
30.080800
30.086700
30.094200
30.103000
30.115100
32.799200
34.772800
35.165100
35.685100
35.719900
39.670800
40.140100
43.838200
49.147600
51.483400
56.428000
65.650500
78.792000
82.129100
83.127900
83.174400
85.458300
87.103100
87.802400
89.428900
89.911400
91.803300
94.037200
94.304800
94.321200
97.106000
102.841100
128.078100
128.095700
129.316800
129.327400
129.343600
131.010700
134.448100
139.377600
146.020800
146.107200
150.062800
150.067800
150.072100
150.076400
150.080300
150.085000
150.089500
150.093800
150.098700
150.103700
150.108500
150.113000
150.119300
150.125100
150.134600
150.141700
150.152700
150.173700
150.180300
150.185800
150.191900
150.202200
150.228100
150.302800
150.357600
150.412400
150.421300
150.427500
150.435300
150.444600
150.572000
150.656200
150.737400
150.785100
150.825100
150.835200
151.014300
151.060500
151.070900
151.158900
151.242200
151.468800
151.589000
151.625900
151.727700
151.763400
151.779200
151.824400
151.874800
151.928900
151.940800
151.973400
151.985800
152.437400
153.125500
153.592900
153.763200
153.901700
153.910500
153.924000
155.596600
155.628200
156.938800
157.042900
158.029500
158.786100
158.795700
158.809600
159.378300
159.388600
160.028000
161.471100
161.488800
161.940800
162.125200
167.117100
168.784600
169.560900
175.178500
176.644600
177.107000
177.127100
179.071900
179.649200
179.852200
181.117700
181.665400
181.675800
184.801600
184.816200
185.858900
189.010300
191.204200
192.175900
193.761400
195.261600
197.230500
202.425500
202.926800
206.685000
207.099700
207.857500
213.168200
214.121100
220.170200
220.549000
224.976100
226.346600
227.598400
228.856000
230.006800
231.011800
236.212400
237.634900
239.579900
245.952200
248.446000
252.830300
252.836900
252.851300
253.489300
258.325800
258.576400
264.413900
271.151600
271.459600
272.067500
272.072600
272.077100
272.082100
272.087000
272.091700
272.095600
272.099500
272.103600
272.109900
272.117800
272.122300
272.127100
272.132600
272.140900
272.148000
272.161000
272.168500
272.178900
272.196500
272.214400
272.252900
272.263600
272.646500
273.288800
273.469200
273.484700
280.550700
280.728000
285.258900
285.272900
287.070700
288.657500
290.052700
297.052400
300.150900
300.541700
301.164000
301.332500
302.772100
302.783100
302.795700
303.469300
307.382000
307.399400
316.590600
317.084500
317.952300
319.968000
319.980400
324.149300
328.661600
328.678700
328.686100
329.982200
331.826000
333.367500
334.205900
334.760900
335.141300
336.139400
339.549400
342.418000
342.734100
346.879300
350.226100
350.259400
352.376700
352.391600
353.297800
354.848700
356.456900
360.936700
363.360300
364.732800
367.032800
373.368300
377.183800
380.709800
382.509700
384.906700
392.275600
392.281600
392.289700
392.295800
392.300900
392.305100
392.309200
392.316500
392.322700
392.331000
392.342000
392.434800
396.946100
405.033300
405.713500
405.723400
405.752800
405.765600
405.781400
407.123800
407.147900
409.327100
420.719600
426.474200
427.610100
428.073400
433.164500
434.811200
438.319600
439.023800
439.037300
443.026300
443.041600
443.087600
447.375500
455.262700
457.555500
460.691300
460.982100
465.690300
465.710900
466.649000
477.677300
480.691000
480.723200
482.155300
486.620300
493.116600
494.465300
494.497700
496.322600
496.946600
499.043100
501.457800
502.153700
505.536100
505.555200
507.734200
509.061700
509.119100
512.294500
512.301500
512.308100
512.314200
512.320500
512.325900
512.330700
512.334700
512.339500
512.345600
512.350500
512.354400
512.361900
512.369100
512.380800
512.392500
512.401500
512.410700
512.422200
512.432100
512.487300
512.507400
512.543100
512.552300
512.584700
512.646200
512.777300
512.801500
512.870300
513.011200
513.020500
513.043300
513.053000
513.062100
513.070900
513.178600
513.189800
513.198900
513.284700
513.301000
513.311100
513.487000
513.566700
513.577700
513.621300
513.720300
513.776600
513.886900
513.895600
514.009800
514.017700
514.102200
514.126300
514.143000
514.153200
514.221700
514.866700
514.966300
515.056600
515.095000
515.523600
515.763200
515.997500
516.091200
516.438400
516.467500
516.792600
516.800900
516.806600
517.339200
517.360700
518.520500
519.580900
520.182900
523.518100
523.831900
526.284200
529.860200
529.868700
529.881000
538.646300
539.568900
539.835700
540.236900
542.078800
542.090100
542.119600
544.389700
545.665900
547.938100
547.948800
547.960800
548.666800
548.682700
549.118300
549.140600
550.049300
550.111400
553.655400
553.716500
553.726900
553.736900
558.262100
560.103800
560.577500
560.617000
562.090300
563.147500
567.603500
567.616700
575.800200
577.838000
580.170100
580.512100
583.521500
583.529100
583.545000
584.210500
584.784100
584.896900
586.003700
586.872700
591.757200
596.407300
598.234800
598.273500
600.722500
601.828400
602.779700
609.048500
611.961900
616.609200
618.057300
619.836400
620.269600
620.300700
621.059000
622.753500
624.085500
624.106000
630.275000
630.305600
630.321900
633.390000
633.400300
633.413600
633.423400
633.432100
633.441200
633.456100
633.472100
634.302300
634.306600
634.312200
634.319200
634.324800
634.332300
634.336700
634.340700
634.345600
634.350700
634.355800
634.360800
634.369200
634.375100
634.383300
634.393000
634.401800
634.415600
634.423200
634.435200
634.441500
634.453900
634.477700
635.037300
635.054000
635.266900
636.317600
636.357100
638.237700
643.100300
647.265500
648.238200
648.272400
648.298100
649.864200
650.071000
655.375000
656.692100
657.579300
660.930400
663.309200
671.240700
673.215600
675.618500
679.991400
688.383700
691.402000
691.882500
693.099600
693.134000
695.908200
701.234400
705.490800
706.511700
706.535200
707.581000
708.952600
709.976600
711.799300
711.812000
711.824400
716.459300
717.468500
721.578200
724.066800
731.313100
737.785300
744.544300
745.861000
745.877800
748.191000
748.208100
748.240000
748.251000
748.281700
748.296700
748.309100
748.486100
749.212700
749.248900
751.876000
751.886600
754.499800
754.503300
754.506500
754.509600
754.512600
754.515400
754.518600
754.521500
754.524600
754.527700
754.531200
754.535000
754.539400
754.544100
754.549100
754.558700
754.567800
754.581800
754.872900
754.880300
754.891100
754.911700
754.994000
755.325900
755.346200
755.801000
756.409000
756.420100
756.430900
756.441200
756.456800
756.471700
756.492600
756.569900
756.732000
756.850900
757.301500
759.848100
761.025900
761.996700
765.891600
767.364600
767.377500
773.267800
773.277600
774.947500
782.463800
783.233400
784.272200
784.283200
785.149100
785.161800
786.089900
786.800900
786.989800
791.481600
791.528200
797.842700
801.744400
802.978400
803.483200
808.288000
809.393300
815.521400
817.837200
817.850000
823.059100
829.200000
836.777400
836.814800
838.065900
838.087000
839.716000
842.013800
849.830800
854.755700
858.268700
862.268600
864.071500
874.522700
874.526000
874.528900
874.531500
874.534300
874.537100
874.539700
874.542700
874.545400
874.548100
874.550900
874.553800
874.556600
874.559600
874.562500
874.565800
874.569300
874.572600
874.577100
874.581600
874.585500
874.590200
874.595600
874.601600
874.606500
874.611900
874.620700
874.631300
874.638500
874.645900
874.658400
874.669300
874.676100
874.687200
874.696600
874.704600
874.720900
874.729600
874.765200
874.795600
874.821000
874.831400
874.850000
874.861000
874.883800
874.899100
874.920600
874.938500
874.990900
875.003600
875.016500
875.046100
875.053800
875.074100
875.109300
875.131700
875.163600
875.186900
875.222800
875.246800
875.270900
875.293500
875.306900
875.319200
875.385700
875.399700
875.411100
875.421700
875.497500
875.537200
875.591100
875.605000
875.615700
875.688100
875.698200
875.772300
875.790200
875.805700
875.817900
875.837500
875.858000
875.929300
875.968700
876.010500
876.019000
876.079300
876.117800
876.152500
876.170300
876.186900
876.256700
876.272800
876.301400
876.316400
876.342200
876.383300
876.472800
876.507400
876.909900
876.925400
876.943900
877.036800
877.309100
877.436500
877.449700
877.668000
877.762100
877.771900
878.056200
878.067400
878.086500
878.100000
878.231000
878.332700
878.430600
878.604000
878.613000
878.666800
878.685200
878.860600
878.888800
879.145100
879.172200
879.259800
879.277100
879.287200
879.297800
879.309400
879.618300
879.701900
880.068500
880.082400
880.097400
880.102700
880.263100
880.270600
880.394000
880.803600
880.825400
881.168200
881.187100
881.201800
881.395900
881.457200
881.728900
882.489600
883.062900
883.107800
883.140700
883.150000
883.215300
883.429900
883.441100
883.506700
883.901700
884.110900
884.125400
884.423900
884.750800
884.836500
884.846600
886.212800
886.591200
886.746500
887.182200
887.613800
887.929800
889.038500
889.257800
889.793600
889.807600
889.817500
890.395200
890.878500
890.891800
890.905200
891.271400
891.893100
892.097600
892.194400
892.207500
892.221200
892.232900
892.641100
892.677600
893.451200
894.187200
894.228300
894.587800
894.938900
894.952300
895.303000
895.322000
895.329200
895.566000
896.089000
896.682700
896.738200
896.753700
897.316100
897.345600
897.639600
897.662100
898.023700
898.037200
898.048400
898.072600
898.125100
899.297500
899.311000
899.336300
900.055500
900.071600
900.088300
900.098300
900.246900
900.360100
901.174400
901.189700
902.300500
902.317100
902.915000
902.986000
903.130600
903.295000
903.726700
903.747500
905.563000
905.599900
906.185100
906.274500
906.377900
907.925000
907.940500
907.957000
907.965400
907.973800
908.305700
908.311600
908.323500
909.268800
909.288100
909.300200
909.312500
909.583700
909.614400
909.636400
909.827200
910.198500
910.204700
910.218000
910.563100
910.689700
910.797500
911.223000
911.732200
912.462500
913.403800
913.418300
913.766700
914.361400
914.767700
915.070700
915.080300
915.099200
915.520700
916.025300
916.114700
916.413500
917.140000
918.233100
919.678500
919.690900
920.766500
920.844200
920.992700
922.073900
923.443500
924.742200
925.536200
925.556000
925.564200
925.954800
925.974800
927.783400
927.792100
927.804500
928.012700
928.040300
928.970400
929.265000
929.745300
930.320600
930.841300
930.922600
931.222500
931.305900
935.315500
935.328000
935.824500
936.429600
937.112400
937.481300
937.927900
938.759200
939.046700
939.316600
939.695700
940.018800
940.039300
940.658500
941.071600
941.889100
943.945800
944.439700
945.406600
946.222700
946.790300
948.544400
948.775600
950.318200
950.673100
951.691000
951.973500
952.128300
952.155200
952.316100
952.895300
954.120500
954.735800
954.748000
954.776200
954.785700
954.807600
955.336600
956.039400
958.133300
958.794200
959.225600
960.859500
960.875000
961.518800
962.322700
962.609600
962.620900
963.739400
963.749100
963.839800
963.851800
964.419500
965.033500
965.509600
965.893200
968.715000
968.995200
969.063600
970.571700
971.396500
971.407500
971.426500
971.476600
971.587100
972.510400
972.529100
972.546500
972.730000
972.754600
972.983900
973.542900
973.779100
974.455200
975.881600
976.181800
977.039900
977.083900
978.226300
979.605000
980.403000
982.650400
982.675600
983.660500
983.670600
983.813700
983.831400
984.186000
984.206400
984.397800
985.866100
985.893000
986.171400
987.243100
987.328100
987.466200
988.040900
988.793800
988.958500
989.941300
989.953600
991.110700
992.063700
993.009100
993.018500
993.313300
994.953200
994.969600
995.333100
995.359300
996.410700
996.524100
996.527100
996.529700
996.532300
996.535000
996.537600
996.540100
996.542700
996.545500
996.548400
996.551300
996.554300
996.557200
996.560200
996.563500
996.566600
996.569900
996.573500
996.577100
996.586200
996.590500
996.595300
996.599300
996.605500
996.609600
996.617800
996.623400
996.630900
996.638600
996.646600
996.654200
996.663400
996.672300
996.678700
996.684500
996.695200
996.701700
996.713000
996.722500
996.731500
997.160100
997.214900
997.224000
997.229100
997.244800
997.336200
997.764900
997.778500
997.811300
997.926000
998.311800
998.345300
998.455600
998.547000
999.050100
999.099600
999.806700
1000.387300
1000.939100
1000.948900
1000.999400
1001.021500
1001.037100
1001.293100
1001.603400
1001.613900
1001.623900
1002.825600
1003.019300
1003.027900
1003.949800
1004.327800
1004.358600
1005.597500
1005.610900
1005.661600
1005.834600
1007.328000
1007.347700
1007.370500
1007.474200
1007.484800
1007.595300
1008.429500
1008.566200
1008.582000
1009.086000
1009.232500
1009.384900
1009.572200
1009.722800
1010.539000
1011.317000
1011.332800
1011.359200
1012.219300
1012.555100
1012.684100
1013.300000
1013.308900
1013.441400
1013.580400
1014.412700
1014.494900
1014.904500
1015.292400
1015.923500
1016.617000
1016.697900
1017.982200
1017.998600
1019.584900
1020.100900
1020.134900
1023.912800
1024.169700
1024.804800
1024.817000
1024.847000
1025.168700
1025.196200
1025.427400
1026.312700
1026.445900
1026.467200
1028.225100
1028.697500
1028.720800
1029.361000
1029.370900
1030.752800
1030.840300
1031.006300
1032.700800
1032.727400
1033.450100
1033.466900
1033.790700
1033.889500
1034.115800
1034.135600
1034.268300
1035.185200
1035.200900
1035.510600
1035.524400
1036.425100
1036.743700
1038.385300
1038.393400
1038.401300
1038.411000
1038.437700
1038.523600
1038.728900
1039.880300
1040.144000
1041.075800
1041.082700
1042.735400
1043.007100
1044.464800
1045.050700
1045.080600
1045.637300
1047.376400
1047.423400
1047.594400
1047.692500
1048.628800
1049.421400
1049.450600
1050.537400
1050.602100
1050.615600
1050.627400
1051.766200
1051.783900
1051.796600
1052.832800
1052.904700
1053.852900
1057.219600
1057.233300
1057.250100
1057.261800
1057.281100
1058.183300
1058.228800
1058.976300
1059.733700
1059.793000
1059.816400
1059.956000
1063.581700
1063.770100
1064.236300
1065.239900
1065.549700
1065.578800
1065.639000
1065.792800
1065.812700
1066.698400
1066.728600
1066.736300
1066.753800
1066.777600
1066.951900
1066.960800
1067.441000
1068.956800
1069.310300
1069.676400
1069.854500
1070.192600
1070.624300
1071.723900
1073.570300
1073.726800
1074.013700
1074.802700
1077.052300
1077.235600
1077.263900
1078.290800
1080.771900
1082.866600
1082.879700
1083.233600
1083.386200
1084.400700
1085.293400
1085.312900
1085.807600
1086.818800
