spike times
2.160500
2.184200
2.197900
10.826500
10.841500
10.853400
13.649800
13.935500
19.292400
19.303600
19.315500
19.708100
19.717400
19.728900
19.748700
19.761900
30.024800
30.068600
30.079400
30.085000
30.089300
30.094100
30.098800
30.106100
30.112300
30.130400
30.138600
30.152700
30.159500
30.176800
30.191500
30.200400
30.312300
30.326800
30.344100
30.354200
30.398600
30.411500
30.445000
30.453100
30.468000
30.574400
30.583600
30.639500
30.659400
30.739900
30.748100
30.968400
31.073800
31.127100
31.142000
31.152600
31.163800
31.187000
31.221600
31.277100
31.369700
31.399700
31.520900
31.547100
31.561200
31.609700
31.631800
31.653100
31.944700
31.971200
31.980700
32.037000
32.081100
40.965400
40.984300
41.014800
42.254400
42.345400
42.357000
42.400300
48.822600
48.891800
48.912000
55.799900
60.286000
61.374100
61.393000
85.084500
86.984500
86.997300
87.009900
90.108500
90.121000
90.142000
92.085900
92.097500
92.157500
101.772300
101.836500
101.864000
108.871800
108.888000
108.896900
108.909300
113.655100
113.684000
114.627000
116.417700
116.527500
116.543700
116.593300
117.843600
117.866100
117.879100
117.894600
117.906300
119.669700
119.694900
120.019700
120.028900
120.072100
121.783700
127.291400
130.158400
130.174500
130.183500
130.193400
130.643200
130.658800
130.672600
130.740000
131.728400
137.984100
137.997600
138.021300
138.040000
138.055300
138.077300
140.692800
140.708200
140.785000
140.797600
143.299700
143.336400
144.639800
144.662100
144.676900
145.898000
148.906400
149.795000
152.131200
152.136700
152.144800
152.155600
152.162600
152.169100
152.180100
152.197300
152.205000
152.211200
152.219900
152.238500
152.240100
152.320300
153.501600
153.544300
160.523500
160.569600
160.599300
160.613600
160.673100
162.789300
162.845800
162.855500
162.870800
162.893200
170.506000
170.524600
174.254800
175.236100
175.249700
175.292000
175.313600
175.397300
185.426700
185.437100
190.101500
190.111600
190.138200
190.150800
194.106900
194.123600
194.142300
194.169800
194.195700
195.106800
207.465900
211.928700
211.952000
211.961400
211.973300
218.614100
218.646000
218.668900
219.799900
219.817400
227.642500
227.656400
231.716600
233.431700
233.446100
233.458200
235.187500
236.909800
236.965000
236.980000
237.043800
237.143700
244.248300
244.261000
244.277000
244.291700
253.576400
253.598700
253.634700
257.641600
257.713100
257.727400
257.737300
257.767700
258.300400
258.326900
258.359800
267.209000
267.224400
267.232900
268.504700
268.626600
268.641600
268.651800
268.669600
272.260700
272.266700
272.274800
272.281700
272.288500
272.293900
272.304700
272.317200
275.056100
275.125600
296.584500
296.600400
296.941700
298.489100
298.501700
298.526700
298.539500
302.627700
302.655100
309.132000
309.147300
309.166500
318.059400
325.116600
325.144200
325.221000
325.237400
333.194600
333.212800
333.261700
333.272700
333.300600
337.096900
337.111200
337.121900
337.149500
337.175300
337.297800
338.844500
338.859200
338.920800
342.314900
342.345700
342.359600
346.237100
353.529900
353.545800
353.591300
353.612800
353.641300
356.054400
356.066100
356.079400
356.103300
356.134200
358.307000
360.046700
360.056000
360.064200
360.075300
360.094500
360.108000
360.130900
361.844700
361.856200
361.908900
361.938300
362.155500
364.014400
364.036400
364.182300
364.200800
367.002100
367.014700
367.024900
371.374000
371.393100
371.403600
371.420300
372.711600
372.721800
372.771900
373.936700
373.949500
373.970200
374.074200
378.883600
378.898700
378.911100
378.959200
379.213900
380.327800
380.450000
380.456300
380.467400
380.480900
380.541600
380.549500
380.629100
381.201800
381.220100
381.247200
381.285100
384.580800
384.590800
384.606900
384.845500
388.847800
390.456100
390.465000
392.275200
392.279400
392.284100
392.288100
392.292400
392.296400
392.301800
392.306300
392.311300
392.316000
392.322200
392.328300
392.334000
392.340200
392.346900
392.357500
392.367400
392.376900
392.399400
392.413700
392.431500
392.439000
392.462400
392.488900
392.508100
392.543200
392.566300
392.591700
392.641900
392.771400
392.784000
392.802400
392.864500
392.875600
392.891900
392.981100
393.006600
393.125100
393.134900
393.150300
393.191000
393.293800
393.299300
393.306500
393.318100
393.326400
393.338200
393.344800
393.551000
393.622300
393.631400
393.658500
393.677700
393.688400
393.705300
393.748300
393.754900
393.765700
393.843600
393.891600
393.902300
393.978900
394.103200
394.173200
394.257600
394.265500
395.335600
395.345600
397.629700
397.641400
397.652700
397.714500
402.964200
402.997100
406.278500
406.291400
406.304200
411.349800
411.359400
411.372600
413.614000
416.580900
416.613500
416.629500
417.494800
417.505200
418.936300
419.082400
422.710300
422.719100
422.734700
423.783000
423.795200
423.810800
423.822300
423.834900
423.879200
426.460900
430.479500
430.489000
430.501300
430.515300
430.561300
433.038400
433.051900
443.365700
447.897200
447.947500
448.011500
450.749300
452.572300
471.977500
471.992000
472.033300
472.048000
475.891300
475.908600
475.920400
475.929300
475.949300
475.970100
480.757500
480.771900
484.209700
484.221400
484.254900
484.269000
484.348300
484.829400
484.851300
485.049900
488.142300
488.172800
488.196400
497.956600
500.012000
500.021000
500.030800
500.040700
500.067600
503.526400
503.547300
503.558500
505.742400
505.751500
505.790600
508.202500
508.214800
513.113100
513.138400
514.258300
514.266300
514.275100
514.279700
514.284100
514.288700
514.293100
514.297200
514.301200
514.306000
514.310300
514.315300
514.320200
514.326700
514.333800
514.342100
514.348500
514.358600
514.365300
514.374600
514.386200
514.398400
514.408200
514.452300
514.465300
514.987400
515.066500
515.079400
515.488800
518.328300
518.338300
518.371000
518.383300
518.851200
518.859400
518.901900
518.913000
520.526700
520.538700
525.315600
525.357600
525.370800
525.410000
525.455800
527.896400
527.907100
527.919200
527.933900
529.133300
529.142400
529.158400
529.173100
530.387300
530.397400
530.409100
530.423600
531.734400
531.745800
535.067700
535.082000
535.096400
543.238700
543.279700
547.690200
547.712300
548.875300
548.893500
553.247100
553.258800
553.724800
553.899100
553.915600
553.931300
555.722000
555.730500
555.779600
555.794200
559.276400
562.938300
562.948300
563.979600
563.988000
564.006600
564.047300
564.074900
565.925500
565.944300
565.954100
565.985900
566.007300
574.722000
582.847400
584.923700
584.933900
584.949100
602.940200
602.954300
603.001800
603.009800
604.280500
604.294100
620.119500
634.483100
634.486900
634.490500
634.494300
634.498000
634.502400
634.506800
634.511100
634.515900
634.522600
634.529300
634.543700
634.556800
640.321100
640.331300
647.764300
647.773800
647.791400
647.816500
647.843800
648.407600
648.425300
648.434400
648.481200
653.291100
653.305900
653.835300
653.857600
653.910000
653.926500
654.422000
658.172600
659.550100
659.602800
659.613800
662.547300
662.557400
662.577500
662.587300
665.715800
665.728000
665.743400
665.753800
665.764900
665.845100
676.688400
676.698300
677.483400
677.502200
677.523000
677.535800
678.512900
678.525600
678.544900
678.589700
683.008000
683.395600
686.041900
686.073300
686.108600
686.158700
716.619900
716.629000
716.640100
716.656300
720.359900
720.369000
720.381700
721.456600
721.477300
721.490700
721.502500
721.522900
726.420300
726.431700
726.448200
726.475900
726.496900
727.058300
727.069100
727.085500
727.095400
727.128500
727.298500
735.196000
735.203200
735.223600
735.233700
735.249900
735.273700
735.402100
736.564900
736.593300
736.608800
736.620700
736.637400
743.403900
743.413800
743.462800
743.474300
743.489500
743.988500
743.994000
743.999200
749.048400
750.505700
750.990900
751.547800
751.557400
751.575100
751.647300
754.503000
754.506900
754.510600
754.514200
754.517700
754.521400
754.525100
754.528900
754.532800
754.536700
754.540400
754.544400
754.548800
754.554200
754.559000
754.563800
754.568900
754.574400
754.582200
754.588900
754.596600
754.605900
754.615500
754.621900
754.632400
754.644700
754.654300
754.663600
754.687500
754.699700
754.710900
754.733100
754.747100
754.757100
754.777200
754.788500
754.798100
754.861500
754.872900
754.892100
754.950100
755.020600
755.039400
755.054100
755.076200
755.147900
755.155800
755.230200
755.241800
755.322100
755.333100
755.401600
755.427900
755.438100
755.445700
755.456300
755.494600
755.514000
755.538300
755.623200
755.631400
755.640900
755.648200
755.692100
755.698200
755.766800
755.794100
755.809800
755.841700
755.923400
755.936300
755.954100
755.997200
756.007200
756.014300
756.052900
756.059900
756.068400
756.126500
756.134400
756.227500
756.236600
756.246000
756.252000
756.261000
756.324300
756.333500
756.352200
756.364700
756.474200
757.533300
757.546700
757.772800
757.779000
758.560000
758.841300
758.850000
758.989300
759.475600
759.972500
760.138300
760.145400
760.157400
760.754500
760.763500
760.781700
760.793300
760.823800
762.384000
762.416800
762.446600
762.588200
762.627300
762.941700
762.956900
762.967700
763.833400
763.929800
764.737600
764.783700
764.794300
765.332600
765.346600
765.404400
768.861400
768.872900
769.281500
769.290200
769.313300
769.837600
769.858600
773.433800
773.451800
773.462100
773.476600
774.622100
774.634300
774.645900
774.659100
776.481500
778.030700
778.040600
778.051500
779.880400
779.905800
780.558500
780.683100
780.691500
780.703000
780.788900
781.522600
781.533600
782.258800
782.268700
783.941300
784.016300
784.026600
784.440900
784.753700
784.952400
785.125600
788.092300
788.103800
789.993100
790.029800
790.162400
790.172000
790.213700
790.527500
791.237000
791.264000
791.274600
792.198300
792.211100
792.330700
793.313600
793.323400
793.338900
795.185700
795.212800
795.690300
795.729000
795.743100
795.754800
795.780700
797.371900
797.390900
797.403500
797.433000
797.457300
803.539200
803.563300
803.584000
803.618400
813.984300
813.993900
814.027600
814.039400
814.053900
814.849900
814.865900
814.875900
814.891300
814.913300
815.655500
815.663800
819.071500
819.086300
819.103500
819.122200
824.188500
824.198500
824.212800
826.976300
826.985100
827.001000
827.015500
827.043100
827.062100
827.244200
827.253900
828.017000
828.029700
829.285300
829.295700
829.306600
829.352600
830.573800
830.593000
830.605100
830.615200
831.126600
831.142200
831.153800
831.180300
831.320500
831.353300
831.926100
831.935800
833.908100
833.917600
833.945700
833.961300
838.088700
838.097700
838.111200
838.121200
843.490600
843.507700
843.533900
843.551900
845.721500
850.163400
853.009900
853.017300
853.032700
853.312700
853.327500
863.967800
865.263700
865.313300
865.325800
865.335600
867.114200
868.181600
868.193700
868.239400
871.038500
871.067800
871.077000
871.900300
876.504500
876.508100
876.511400
876.514800
876.518000
876.521300
876.524400
876.527700
876.530900
876.534200
876.537700
876.541000
876.544700
876.548500
876.552600
876.557100
876.561500
876.566000
876.570700
876.575500
876.580200
876.585600
876.590800
876.596200
876.602500
876.609500
876.616700
876.623400
876.630400
876.636700
876.646100
876.653000
876.659300
876.667600
876.678200
876.692000
876.700600
876.709700
876.720500
877.602600
878.830200
880.125800
885.896200
885.905200
885.914800
885.926800
888.255400
889.180100
889.188400
891.250300
891.259400
891.298000
891.328600
891.344900
893.646400
893.670800
893.724700
893.754100
899.172300
904.208100
904.233600
904.272700
904.284300
904.352900
905.128700
906.992800
907.007800
907.025300
907.037700
910.816100
911.336700
911.349300
911.370700
911.382700
912.691200
915.719300
915.748900
915.763800
915.808200
918.715600
921.842200
921.849700
921.858000
924.094900
924.112500
925.560700
928.198100
928.213800
928.242900
928.732400
929.916600
937.237500
938.314400
938.323900
938.333200
938.353500
941.473700
941.482500
941.496800
942.044900
942.056100
943.066100
943.074000
943.079900
943.095900
943.442000
943.459700
947.149400
947.158800
947.218800
947.393800
947.426200
947.480200
948.628100
948.643700
948.663400
948.683700
948.699000
948.800400
948.914200
954.299400
954.312900
954.359900
954.376200
954.390300
955.446700
955.459200
955.475900
955.486800
955.500700
955.522100
955.799300
955.813500
957.833600
957.849700
957.861700
957.884500
961.049100
961.065500
961.077700
961.091500
961.111700
961.277800
961.285100
964.276500
964.293000
964.315000
964.950600
964.971000
964.981900
974.046800
974.071000
979.006400
980.787000
984.776100
984.826500
984.878300
990.657100
991.193600
991.203000
991.214000
993.643100
993.658600
993.672700
993.697900
993.709500
993.730000
994.321800
994.405200
995.324500
995.335200
995.350700
996.706700
996.710100
996.713200
996.716400
996.719500
996.722800
996.725900
996.729100
996.732300
996.736000
996.739600
996.743300
996.747300
996.751400
996.755700
996.761100
996.765900
996.770900
996.776800
996.784100
996.789900
996.799200
996.811200
997.547300
997.564900
997.586200
1000.493400
1000.502200
1002.184300
1002.197600
1002.210700
1003.984100
1004.040900
1005.489800
1007.305700
1007.316100
1008.558300
1020.005800
1020.664000
1020.672400
1020.714700
1020.748500
1021.477700
1023.011400
1023.046900
1025.690600
1025.700000
1027.435800
1032.228300
1032.238000
1032.248400
1032.258000
1032.267200
1033.571000
1033.581300
1034.621400
1034.642200
1034.659000
1037.993700
1043.947900
1043.957200
1044.065700
1044.481800
1044.491500
1044.510900
1048.227200
1048.245500
1059.190000
1059.205600
1059.219600
1059.233700
1059.488200
1061.297900
1062.703300
1062.737100
1066.405300
1072.976800
1072.987000
1073.000500
1078.250300
1079.119700
1079.127100
1079.135400
1079.144500
1079.154800
1079.168000
1079.196500
1081.048900
1081.068000
1085.674200
1085.682800
