spike times
1.205700
1.325200
1.744400
14.586400
19.477300
19.499400
20.704900
20.717700
20.727300
20.740300
26.746600
30.571000
30.620700
30.658400
30.897900
36.843800
36.861700
37.776200
37.787700
47.171200
48.700800
50.255900
50.278700
57.855400
66.361100
66.407500
67.935100
67.945900
67.963900
68.038600
74.445100
81.147900
83.746100
83.928700
89.794900
90.185600
90.491000
115.332600
115.346100
116.722900
117.222900
124.583900
131.866000
132.562000
132.598800
138.546700
148.076000
151.856900
156.891000
156.913500
160.549400
168.424100
173.333000
175.715100
176.932200
177.645900
177.759500
177.778000
177.798200
177.949200
178.865600
178.884200
183.482300
184.469300
191.310900
191.333900
193.398000
195.652800
201.272500
201.297300
201.458800
204.857800
204.881200
206.863000
206.900400
208.244900
208.261800
208.391100
213.220900
213.237900
214.835500
216.417500
216.438800
216.460700
223.707500
227.600400
231.920700
231.948200
235.999500
236.011800
236.039500
236.958400
239.345200
239.755800
244.504400
247.871400
248.078300
249.177500
253.444600
253.468000
253.806100
253.838900
256.694400
256.706700
256.749400
267.432300
267.448600
267.490200
267.534400
267.825700
267.951800
268.806600
268.822700
269.740200
269.768600
270.855300
272.278400
272.420700
274.545200
275.541700
275.655200
278.868900
278.890600
279.835400
280.060500
280.072200
280.242500
281.438100
282.066800
282.087400
285.323400
285.340300
291.162900
291.213500
292.929900
292.942600
302.388400
302.656100
302.676200
304.874500
306.136500
306.562400
306.592100
306.958500
307.713100
313.581800
315.894600
320.508900
320.549800
326.622000
326.648700
329.879200
331.926500
334.918400
334.945300
339.800200
340.089200
342.431600
343.175100
344.759100
346.346000
354.251200
354.348800
354.467600
354.817500
354.988100
356.109400
356.125600
356.611600
356.710100
361.233100
361.273500
361.430400
364.448400
364.490700
364.577200
364.659200
369.054600
369.102700
372.224000
373.650200
373.669100
373.686200
374.211300
378.670400
381.033200
382.921300
382.942500
383.060600
383.514000
384.896100
384.980900
385.627000
385.664300
386.896700
386.929900
390.736300
390.750400
392.441600
392.808100
392.844400
393.256600
393.489300
393.732900
393.777000
396.614600
402.825900
402.839200
402.857600
404.297900
404.319500
406.068300
406.084700
406.254000
410.014500
422.213400
422.546400
422.560400
424.508500
424.528800
428.329400
439.342300
439.365600
439.835000
444.303400
444.360800
444.596600
446.499000
446.538400
446.563100
449.301800
449.317200
449.671100
453.240100
457.339800
459.469900
459.483600
460.250700
462.397600
462.449600
463.598600
471.420600
477.521300
485.382600
491.238500
497.458800
499.871600
505.021000
505.043700
510.868600
510.911700
512.642700
513.694100
513.901700
516.036500
517.489100
517.836500
520.084100
520.232100
520.275400
524.459500
524.534100
531.379300
531.398300
532.102700
539.022900
539.037500
544.480500
546.908300
547.057500
547.088400
548.563000
548.580300
559.912100
559.962500
560.989300
562.483700
562.523300
566.853700
566.867900
566.884600
567.012300
567.036400
567.241600
567.344200
569.764800
569.795500
570.024400
570.409100
578.527100
578.540500
579.001300
579.019600
585.079000
587.485400
587.608900
587.687400
588.499700
591.779100
593.273000
593.299200
593.495600
595.962600
595.979200
597.812900
598.265700
602.699600
609.852200
609.899800
610.888600
610.906300
611.149100
611.249400
611.335900
613.707000
613.726100
614.655500
615.298100
615.515700
617.049300
617.119500
621.618400
621.875300
627.467300
627.533000
634.194800
634.240500
634.347900
637.400300
637.422800
640.436800
640.472300
640.637300
641.192700
641.228700
647.773000
650.320300
650.502900
652.264400
652.287100
652.465800
652.805700
652.869200
653.003800
653.536400
655.995800
656.440900
668.467500
668.585600
668.758500
671.898900
671.920200
671.931400
671.953800
674.467300
674.484000
674.513200
674.536400
674.715800
675.597000
675.837400
675.876100
676.152300
678.935100
678.960100
679.275300
679.640100
679.795400
680.860400
682.291000
683.929400
683.945500
683.987200
684.156000
684.258700
684.803600
684.831500
688.696800
688.709600
688.732200
689.135000
691.013500
691.024700
691.048000
691.085100
691.367500
701.206800
701.240100
703.457000
703.696100
703.732800
703.969900
705.407000
705.424900
705.868300
705.884900
706.351100
706.523100
708.015300
708.033300
712.972700
713.068800
713.095100
713.110800
717.887700
717.909500
718.213800
720.037300
730.599800
730.608500
730.616600
730.637800
730.763000
732.255100
732.446900
732.644700
733.610600
736.624200
739.254000
739.276100
744.474500
744.491100
744.510700
744.561100
746.290500
746.341300
755.130700
755.141000
755.158600
755.634400
755.646100
755.918000
755.942100
756.401600
757.075300
758.503100
758.527500
758.586200
758.780800
759.243600
762.609300
762.677100
762.855700
767.148200
767.186300
768.132400
770.159400
770.220400
772.305200
772.398800
772.539000
772.559800
773.501100
773.518300
775.725500
775.741300
777.007800
778.733700
778.812000
779.580600
779.606600
784.902900
785.062400
786.507300
786.563200
786.583000
788.925100
792.705500
792.840200
801.698000
809.759100
809.767700
809.827600
809.857100
810.538800
812.909300
812.921600
822.556200
823.485700
825.502300
827.029100
827.070800
827.090600
834.388000
834.406900
837.017700
837.039200
837.314600
840.639600
850.707300
855.510600
855.541400
855.564400
859.714700
859.737700
859.750500
859.769400
862.689700
862.711100
862.767900
867.386900
868.656400
869.165000
869.173900
869.189400
869.937700
869.960000
872.388500
875.685100
875.703700
875.721400
878.068600
878.134000
878.624900
880.190600
886.200500
886.294300
886.306300
887.524600
887.555000
888.209800
891.951300
891.968000
892.618900
892.656700
894.217600
894.238300
894.262200
903.140600
904.850000
904.860900
906.509900
906.530900
913.711900
913.940600
914.890700
914.976600
915.936000
915.965800
916.579200
916.802200
918.731600
918.940400
919.276900
926.417900
926.437800
926.452600
928.132300
928.154400
928.237600
930.423800
930.438100
930.449600
930.467900
931.066400
932.260400
932.290800
939.207800
939.222700
943.860200
943.882400
943.913400
945.208700
946.075400
946.146000
946.169000
947.190200
953.274200
953.310100
956.949200
957.139300
964.801200
964.825700
966.831500
967.475000
967.492400
973.137700
973.166600
974.830800
974.895900
977.230300
977.414700
983.722500
988.015700
991.723100
993.217500
993.290100
993.463700
994.313400
994.334600
994.578400
994.717700
995.733400
996.423300
996.457100
996.649600
997.644900
1000.536600
1003.729100
1003.743700
1003.814900
1009.491600
1009.547900
1010.894700
1012.057600
1012.685700
1012.978900
1013.078700
1013.122800
1016.039600
1016.058800
1016.195600
1016.220400
1017.776900
1017.802200
1018.217500
1018.245600
1020.906800
1020.930600
1036.134800
1036.244800
1040.458100
1050.206900
1058.367700
1058.508600
1060.280600
1060.301100
1060.325900
1070.207900
1070.222800
1083.282100
