spike times
13.628700
30.036300
30.057300
30.075100
30.083000
30.263800
30.269000
30.321400
30.328800
30.336200
30.340700
30.348700
30.384400
30.441400
30.627600
30.656500
30.672300
30.791900
30.800100
30.807400
30.820000
30.833100
42.459500
42.488700
99.986400
131.113000
134.539900
135.263300
151.912300
175.286900
181.654000
185.309100
211.926000
220.467200
232.833900
259.806400
260.367400
288.732600
310.725200
317.358500
325.397100
346.126000
372.210400
379.717100
389.470000
393.700600
408.350300
414.890900
416.434300
416.446500
416.485000
416.505000
416.666600
430.676600
443.711100
448.244700
450.838900
457.208200
472.931100
474.975200
476.607300
478.957200
485.472700
498.027700
498.058500
503.249400
512.720500
512.734100
513.040500
513.074400
513.250800
513.300100
513.369700
513.408800
513.450100
513.780100
513.919400
513.960800
514.193200
514.902200
521.117700
542.307500
542.325900
542.608300
547.677200
547.699800
557.514800
569.222500
574.168200
574.181200
577.151100
596.258900
596.281300
604.638200
616.266500
629.272300
629.283500
634.454000
634.470600
634.505700
683.299100
683.334600
688.757200
690.909800
725.129600
725.170800
733.720100
733.758300
754.675500
757.105300
757.121000
757.147400
757.557400
760.056200
765.059800
778.740300
796.677500
796.820500
798.211000
799.512600
815.325700
817.829400
817.846200
824.427800
849.860800
851.568400
874.588400
874.596200
874.605900
874.624600
874.672300
874.686200
874.820900
874.920300
874.957000
874.968400
875.009500
875.019800
875.283200
875.312100
875.345000
875.365900
875.540400
875.552300
875.659500
875.681500
875.841900
875.873000
875.973300
876.045900
876.085900
876.161300
876.317000
876.381800
876.508900
880.428900
883.533000
886.205200
887.029700
888.824000
893.631900
894.773900
895.294400
901.724500
902.656800
909.230900
918.457500
925.534100
929.412600
930.357800
936.628000
938.169000
967.599000
977.714300
978.181100
981.181500
996.605300
996.622800
996.643500
996.656900
996.675000
996.692100
996.749200
997.020000
999.625900
999.648100
1000.650800
1000.696600
1000.706400
1002.139700
1002.175600
1019.922500
1020.035600
1023.194700
1033.539100
1033.549600
1033.595500
1035.176300
1040.476200
1040.769600
1069.324500
1071.590500
1078.190000
1079.102600
1086.243700
1086.256800
1086.270100
1086.283500
