spike times
7.614500
12.665100
12.740300
15.528900
15.539100
17.954400
31.478800
32.355200
32.382200
33.460200
33.469200
35.842600
35.859300
39.216200
40.965000
46.098600
46.739100
46.960400
49.951900
55.697900
56.364400
64.997400
65.597200
66.177000
83.391800
83.402200
87.121500
89.117000
96.944400
110.409300
110.424600
111.786800
113.494800
122.196500
129.684600
136.255900
136.914200
150.183300
155.575000
155.595700
157.347000
161.212100
161.230300
186.551400
186.569500
192.648300
192.667500
193.533300
194.342600
195.947000
195.959400
201.437400
209.743200
215.185600
216.026900
216.039300
223.903200
240.411800
240.422600
240.434300
240.989800
242.340500
243.436800
243.543600
246.096400
264.623600
266.176600
266.189400
268.947200
270.723900
270.798600
270.944500
271.173800
271.245400
271.258100
271.350700
271.371600
271.386800
271.837600
271.849000
271.899100
272.018500
272.035400
272.051500
272.066600
272.107600
272.115900
272.179900
272.940400
272.961900
274.101100
275.380200
275.390600
314.045600
316.550200
320.761300
323.150900
324.651000
329.518000
330.142500
331.863200
333.993500
341.317700
344.247000
346.218800
353.237000
353.732300
357.687700
364.382800
377.250100
392.290800
392.306100
394.140200
395.036600
402.007000
409.743400
414.800600
418.084800
419.030700
422.257600
432.199600
442.867200
459.615600
472.627900
476.095600
503.856800
506.569400
512.311700
512.320500
512.376500
512.388800
512.395400
512.403500
512.413900
555.139200
561.483200
561.504600
561.519000
586.637100
591.136200
632.554300
632.565300
632.574200
632.593600
632.605500
632.649100
632.765700
632.962000
633.129800
633.142800
633.293700
633.503900
633.518100
633.621300
633.627700
633.651200
633.662100
633.839400
634.180800
634.245800
634.336100
634.682000
646.098500
662.516300
683.134800
691.918100
713.869800
786.671500
786.674000
786.676600
786.679200
786.681900
