spike times
0.774400
0.797700
4.168100
5.179400
5.277600
6.195200
6.223300
11.235900
12.290100
15.532000
15.563900
15.577800
18.777800
18.811400
18.825500
19.117800
19.131600
21.087900
21.104200
23.823100
23.866900
24.359200
24.692800
25.034500
25.045300
26.490300
26.497700
26.516100
28.820500
28.853700
28.870200
29.853900
29.866700
30.044600
30.052300
30.057100
30.062300
30.068100
30.075900
30.082500
30.091500
30.099600
30.127800
30.137700
30.144400
30.176700
30.182600
30.190600
30.197700
30.204000
30.217700
30.230800
30.242500
30.253100
31.697600
31.711800
31.744200
32.869200
35.783700
36.732100
37.901400
37.930300
37.972100
38.676900
38.687300
39.023800
41.648000
42.023700
42.054500
44.837800
44.876300
45.763400
45.783400
48.334800
48.366300
48.398500
49.054900
49.368400
60.545800
62.121400
63.535200
63.597200
65.076600
65.692100
65.705800
65.731900
65.779400
65.797700
67.805200
67.868800
67.969700
69.660600
69.703400
73.600700
73.647500
73.953400
74.482700
74.518900
78.692800
78.721000
78.764400
78.778800
84.765000
84.803700
84.842600
85.025400
85.061600
85.858300
85.878800
85.906100
86.363700
86.387300
87.101000
89.274400
90.176000
90.197100
90.234000
91.838100
91.863700
91.879000
92.652200
94.684600
98.224900
103.688400
103.705800
105.401000
106.033200
107.142200
107.158500
108.606900
108.637200
111.453200
111.468700
111.653100
111.679800
112.210500
112.580500
112.611800
115.511400
116.284500
116.312400
116.323300
116.447100
117.218500
117.235200
120.889500
120.907600
121.847200
122.787400
122.878500
123.031000
123.298800
123.458100
123.472300
123.483800
124.335300
124.347000
125.058700
125.382300
125.392600
125.403300
126.114200
126.293600
126.801800
126.833200
128.875400
128.884500
133.518700
133.540100
134.445100
134.468300
135.364300
138.452500
141.333700
141.355500
143.957800
144.590800
144.628900
145.688700
150.253000
150.261800
150.271200
150.278700
150.295900
150.310800
150.322700
150.339400
150.351800
150.377800
150.424700
151.213100
151.234200
152.515300
152.537100
154.695800
154.728800
154.750000
158.719400
159.857000
159.900200
160.930700
160.946700
162.097400
163.122600
166.514200
168.556000
168.569300
168.581100
172.307800
172.331100
172.693000
174.871900
174.889700
176.115100
176.154100
176.178300
176.352800
178.218000
178.259500
179.258600
181.802300
182.629300
184.030200
184.064900
185.072600
185.087500
187.472500
187.490400
187.524900
188.205100
188.219000
191.560500
191.575900
196.630200
198.745300
198.773300
201.573600
201.622700
202.025700
202.037900
202.209600
202.227500
203.387600
207.663600
207.727100
209.108900
209.926300
212.117700
213.314300
214.036500
214.058000
214.097500
214.754800
217.653600
217.663600
219.549100
222.029000
222.065900
223.302000
223.325800
223.339100
224.581600
225.404700
229.567700
231.106600
232.464500
232.797600
232.991800
233.994000
234.006000
234.058800
234.074100
234.742200
236.425200
236.452400
236.476900
237.952800
238.972900
239.017000
239.709300
239.719700
239.733000
239.747000
240.588900
240.608300
240.706600
241.628200
241.711800
241.729200
241.745700
246.113300
246.132400
246.169700
247.755300
247.764600
247.779100
247.902000
249.605400
249.616200
249.636700
249.741400
249.765000
250.033200
252.545000
252.559700
252.578600
255.985400
256.017900
260.738700
262.498600
262.511300
262.523000
266.130700
266.654700
266.666800
269.077300
269.180800
270.283400
270.289700
270.298900
270.303100
270.309200
270.314200
270.320100
270.325600
270.334900
270.344700
270.353500
270.366700
270.374900
270.390600
270.401500
270.414500
270.426300
270.434800
270.465300
270.477800
270.484400
270.492900
270.499100
270.505600
270.548700
270.560800
270.573600
270.592800
270.605400
270.614600
270.632900
270.683000
270.709300
270.717800
270.748700
270.766100
270.827700
270.837700
270.844900
270.882600
270.898600
270.958800
271.036800
271.092900
271.103200
271.110100
271.129800
271.138600
271.164400
271.191300
271.202200
271.221300
271.359400
271.441400
271.510400
271.516900
271.544300
271.550600
271.562200
271.571200
271.581200
271.589700
271.603800
271.651800
271.703600
271.719700
271.727200
271.811700
271.821500
271.828200
271.840600
271.848600
271.886200
271.903600
271.928700
271.942300
271.970500
272.000100
272.081600
272.089100
272.134400
272.148800
272.155000
272.164700
272.182700
272.269000
272.935800
272.948900
273.863700
274.632500
274.651000
275.772300
275.962800
276.140600
276.175400
276.377600
277.010300
277.054900
277.556600
278.500400
278.517600
279.729400
280.233900
280.303800
280.357700
280.627200
281.127900
281.183000
281.585800
281.622300
281.652500
281.668300
283.286600
284.086000
284.244500
284.445100
285.342300
285.469400
286.437800
288.169700
288.386200
289.092700
289.975000
291.906200
292.613100
292.692600
292.711400
294.917500
294.940700
294.956000
295.338400
295.348900
295.357700
295.810500
296.559900
297.542100
297.559800
297.819400
297.833300
299.138900
299.146300
299.155800
299.802800
299.856200
301.980600
303.300400
303.322700
303.341400
303.575300
303.939100
305.604900
309.511500
312.047000
312.082600
313.055400
313.166100
317.910300
317.969100
318.956100
318.973800
318.985200
318.996900
319.005300
319.019300
319.541000
325.495800
326.497200
326.536700
326.549600
328.195400
328.241400
329.402600
330.460000
331.658200
333.960900
335.704500
338.781500
338.989000
339.160400
339.174900
341.206300
341.298800
343.194000
344.342000
344.359100
344.740800
344.770700
345.170700
345.192600
346.838700
346.850900
346.870100
346.907300
347.054200
347.150100
347.170200
349.203300
349.216700
349.229100
349.253800
350.762000
350.807700
351.267600
354.476200
354.495800
354.529300
358.311600
358.354400
358.967400
359.680400
360.800600
360.828800
362.706200
362.737100
362.802700
363.880800
363.896300
363.956000
364.133400
366.223900
366.757000
366.776600
367.507500
367.552800
368.906700
368.917300
368.949200
374.365900
375.793300
375.816700
377.672900
377.708500
378.784200
381.142300
381.353300
381.384200
381.419700
383.518300
385.669100
385.682900
385.694000
385.709100
385.715700
385.749400
386.654400
386.667800
386.689700
389.599000
391.655700
391.667200
391.688000
391.717500
392.270300
392.276000
392.281000
392.285900
392.290100
392.294000
392.298100
392.302400
392.306800
392.312000
392.316400
392.321500
392.327400
392.332800
392.338600
392.344300
392.352500
392.358600
392.367500
392.375200
392.383600
392.391400
392.406000
392.416000
392.429000
392.437000
392.445700
392.457200
392.475800
392.496000
392.515800
394.514000
395.331600
395.444600
395.458500
395.472700
399.310200
399.339100
399.346600
399.375500
399.390300
399.416700
399.555700
401.113200
401.123700
403.284800
403.796500
403.845700
404.289300
404.302400
404.336900
404.468700
404.978900
405.013100
405.023400
407.958800
410.975500
412.234100
412.255900
414.339900
414.381300
414.439000
415.522900
415.534600
415.932100
418.807400
419.699800
419.718300
420.699100
420.718900
422.866600
427.503400
429.348000
429.395500
432.507600
432.905300
433.351100
433.366700
433.387600
433.401300
435.671300
444.524800
444.537100
444.547600
445.248900
445.579800
445.674800
445.714900
446.520300
446.535900
447.766900
448.433000
450.251000
450.268500
450.960200
452.521700
452.868900
452.883900
454.655600
454.969100
454.988600
456.803200
456.820900
456.833200
459.969700
459.997300
461.324900
462.059800
462.746700
462.759800
464.908000
464.930500
464.948900
465.268700
467.622800
467.650800
467.969900
470.486300
470.525400
472.991500
474.254400
474.476300
474.778900
475.346300
475.932300
475.985300
477.573500
477.581800
477.657900
481.547100
482.892200
483.225800
484.116800
484.773900
485.609600
485.624500
485.638600
485.683900
488.091300
488.119800
490.467100
491.973400
492.001700
492.570900
492.608300
495.577000
495.589400
495.604600
498.860300
498.873300
498.893200
499.680100
502.314900
502.327800
502.347400
502.559600
506.488000
506.501600
507.736800
508.589800
509.050300
509.060000
509.077900
509.591900
512.275800
512.478400
512.484300
512.489000
512.494800
512.501400
512.508700
512.513600
512.519600
512.524000
512.529300
512.535200
512.542100
512.549800
512.583000
512.612600
512.630100
512.647700
512.661100
512.678400
512.686000
512.738100
512.753700
512.770100
512.886200
512.897000
512.954800
512.961700
513.080000
513.096900
513.103400
513.140400
513.152100
513.188700
513.282600
513.365000
513.421200
513.429700
513.446400
513.480200
513.555200
513.566200
513.700200
513.783400
513.790300
513.802100
513.815500
513.904600
513.940100
513.957500
514.091400
514.128200
514.223300
514.313900
514.321500
514.344000
514.459000
514.487700
514.500800
514.591800
514.602700
514.793200
514.800700
514.812700
514.889100
514.896200
514.945500
514.952300
515.015900
515.025700
515.157900
515.175300
515.240400
515.261500
515.473200
515.484700
515.498400
515.675400
515.684600
515.692600
516.040700
516.064000
516.084700
516.244100
516.356900
516.363600
516.371400
516.377800
516.389300
516.397400
516.406000
516.415700
516.529900
516.556300
516.675800
516.690800
516.709500
516.915900
516.924800
517.038400
517.075900
517.082600
517.096100
517.129600
517.136600
517.184100
517.314800
517.320700
517.398000
517.432400
517.572200
517.608900
517.898200
517.910600
517.969300
517.975900
517.993800
518.024800
518.034100
518.054400
518.063700
518.071400
518.290900
518.405200
518.491700
518.501900
518.509500
518.515300
518.525400
518.585800
518.590600
518.599400
518.607300
518.662100
518.928300
518.934100
518.941900
519.085700
519.101100
519.161100
519.185600
519.205700
519.374700
519.427900
519.435000
519.783400
519.911200
519.924700
519.945700
520.149200
520.158600
520.177700
520.239000
520.319700
520.395300
520.409300
520.602300
520.611800
520.621900
520.633500
520.831200
520.841900
520.857500
521.193900
521.205800
521.434600
521.439800
521.446200
521.451300
521.458000
521.610000
521.631900
521.642600
521.652200
522.011100
522.046400
522.055400
522.209800
522.218100
522.396000
522.403800
522.585200
522.663800
522.672600
522.694100
522.705200
522.743000
522.870400
522.913900
522.973000
523.269200
523.275300
523.301900
523.323800
523.332900
523.704500
523.714300
523.720900
523.728500
523.735400
523.861500
523.908000
523.932700
523.943400
524.251300
524.442600
524.466100
524.652300
524.662100
524.679900
524.696600
524.705100
524.752000
525.212000
525.223000
525.233200
525.262800
525.280500
525.415600
525.487100
525.533800
525.541300
525.581300
525.668100
525.873000
526.121800
526.130900
526.141700
526.173100
526.179400
526.350600
526.802900
526.812600
526.821500
526.858900
526.867000
527.036100
527.050900
527.147900
527.362500
527.465600
527.566900
527.600700
527.610300
527.654300
527.660100
527.666900
527.673500
527.974000
528.416000
528.699700
528.741200
528.749900
528.777500
528.783800
528.790600
528.808700
528.840900
528.850100
529.429200
529.439800
529.447800
529.457100
529.466600
529.478500
529.487500
529.592300
529.613900
529.663700
529.904700
529.916300
529.928000
529.935300
530.329700
530.338000
530.733300
530.900500
530.986800
531.012800
531.186200
531.195700
531.212500
531.244300
531.296500
531.428400
531.440600
531.452200
531.653200
531.659100
531.665500
531.829500
531.881000
531.986800
532.034000
532.042000
532.133600
532.281800
532.352100
532.946100
532.952900
532.963900
532.971800
533.245200
533.260300
533.285600
533.314600
533.347800
533.539400
533.742200
534.125900
534.157300
534.270800
534.299300
534.666200
534.906000
535.063600
535.077100
535.094400
535.127000
535.628200
535.770900
535.786000
535.815800
535.990300
536.056700
536.232900
536.603900
536.639200
537.150800
537.157600
537.168700
537.359000
537.733700
537.743000
538.085300
538.100000
538.117700
538.479300
538.532900
538.942800
539.375000
539.384900
539.392900
539.407200
539.506300
539.820600
539.834100
539.863500
540.256600
540.426200
540.454500
540.465700
540.514500
540.726300
540.825400
540.986400
541.028600
541.288400
541.375800
541.771200
541.785400
542.481200
542.911200
542.930300
543.500700
543.518600
543.587100
543.618800
543.905500
544.561900
545.072400
545.299600
545.314900
546.125600
546.134400
546.147500
546.188600
546.534500
546.688300
546.757700
546.766200
547.427600
547.943300
548.437100
549.824200
549.840600
549.886100
549.907900
550.092200
550.173900
550.281800
550.288700
550.307400
550.576100
551.137900
551.361100
551.370300
551.606000
552.051400
552.647000
552.859100
553.839700
553.876300
553.889100
554.894200
554.932500
555.864700
556.272400
556.868600
557.483100
557.492100
557.511400
557.522400
558.619600
559.020700
560.069900
560.283600
560.311300
560.326000
560.338900
560.347400
562.270600
562.414600
563.432600
564.570400
564.609300
564.621400
565.047800
565.434500
565.966500
566.285200
566.836500
567.321400
567.332700
568.538200
568.561200
568.572700
568.616200
568.963200
569.928400
569.982800
570.196200
573.859400
573.872800
574.801800
575.088400
575.100300
575.563200
575.582200
575.938900
575.961500
575.983900
577.422400
577.432300
577.452000
577.475300
577.503100
578.716700
578.731300
578.788600
579.283300
580.654500
581.119300
581.134600
581.187100
581.213300
584.796200
584.922000
585.960000
585.969200
586.004300
586.028000
586.302600
587.879300
588.003800
588.161800
588.308200
588.425800
589.951600
594.685800
596.356700
596.377000
596.397700
596.897600
599.368600
599.392400
599.414000
601.062100
601.386400
601.421500
601.429300
601.439200
601.462800
601.473600
601.505800
605.964800
607.038300
607.051500
607.091700
608.015100
609.611200
609.731000
609.788100
612.356500
612.370400
612.837600
615.177700
615.251100
616.475700
619.045300
619.060000
619.513300
619.567300
620.806400
620.867500
620.892800
621.253500
621.456900
622.386200
623.756500
623.804800
624.993500
625.032400
626.223100
628.655600
628.668100
629.490100
629.679800
632.115400
632.493400
632.497200
632.501300
632.504800
632.508700
632.512700
632.516800
632.520800
632.524900
632.529600
632.534200
632.539500
632.544100
632.548800
632.555100
632.561400
632.566900
632.574700
632.579900
632.588000
632.594600
632.605300
632.619900
632.627300
632.639700
632.646300
632.659300
632.667800
632.678300
632.705700
632.711400
632.719200
632.735000
632.741300
632.750700
632.761200
632.774500
632.791900
632.805800
632.832700
632.841000
632.851100
632.894200
632.901200
632.919300
632.931400
632.972300
632.980000
632.992200
633.004600
633.026000
633.037500
633.048700
633.054900
633.066300
633.104500
633.132900
633.163800
633.174300
633.228700
633.235800
633.288600
633.298800
633.313100
633.338400
633.348600
633.358800
633.395100
633.439800
633.456400
633.507400
633.514700
633.522800
633.530400
633.560700
633.570000
633.580600
633.649600
633.677300
633.686700
633.704500
633.723600
633.782600
633.787900
633.795100
633.845000
633.874900
633.886400
633.900500
633.961800
633.967400
633.973200
633.979700
634.040400
634.051300
634.061700
634.084700
634.091900
634.172100
634.210500
634.217200
634.225400
634.233100
634.242700
634.289700
634.301600
634.361000
634.400100
634.426100
634.435300
634.444600
634.450400
634.456800
635.063900
635.073100
635.716300
636.062400
636.266700
636.341100
636.737100
636.752200
636.776800
636.963700
636.975900
636.988200
637.000500
637.011300
637.032000
637.054800
637.121800
637.134900
637.145400
637.695700
637.794200
637.809900
638.124000
638.135700
638.938500
638.948400
638.961100
639.199600
639.975300
640.393800
640.557800
640.567800
640.577000
640.639900
640.655300
640.665900
640.675400
640.849200
641.202200
641.215800
641.504100
641.515300
641.541400
641.586800
641.764200
642.530300
642.676600
642.688900
642.697200
642.713600
642.722800
643.034700
643.042300
643.598000
643.618800
643.628300
643.646900
643.838800
644.089500
644.108300
644.816600
645.291200
645.523700
645.534900
645.994800
646.011600
646.026500
646.052600
646.709100
646.724400
646.734100
647.025600
647.039000
647.083800
647.164000
647.192000
648.582900
648.594100
648.836000
648.851200
649.057600
649.119300
649.486100
649.733200
650.166500
651.135400
651.148200
651.256100
651.421900
651.444900
651.659700
651.674900
651.698500
651.796600
651.818600
651.983400
651.994900
652.020900
652.111200
652.407200
652.420900
653.031300
653.690700
653.699300
653.710400
654.162700
654.585400
654.603900
655.060200
655.266500
655.734600
655.743100
655.751800
655.776300
655.976400
656.174100
656.189500
656.996100
657.375500
657.877700
658.289700
658.298600
658.308400
658.512800
658.697200
660.871600
660.887200
661.848200
661.886800
662.352900
663.179200
663.196600
663.223900
663.951700
664.198100
664.762400
664.793000
664.829800
664.873200
665.287000
665.330500
665.979400
666.515500
666.721300
667.467800
668.801600
668.834900
668.844700
668.879400
670.136800
670.844900
671.221100
671.234800
671.248400
671.263700
671.493400
671.745300
671.781300
673.039400
673.099100
673.343500
674.286300
674.299500
674.706200
674.895800
674.910400
674.919900
675.091500
677.016100
677.024600
677.043400
677.057100
678.146000
678.857400
679.515500
679.587900
680.921000
682.011400
682.027100
682.046400
682.066900
682.075300
682.107900
682.577400
682.592500
683.296000
684.495400
685.875700
685.904200
686.832300
686.844900
686.876000
686.889000
686.917900
689.034900
692.119900
693.040100
693.056400
693.545600
694.898100
694.924900
695.268800
705.446600
706.461600
706.471900
707.468900
707.501300
708.300000
709.634900
709.645900
711.500900
717.060200
717.071400
717.843300
719.871800
719.888100
719.955300
721.398400
723.007300
724.983900
726.792000
726.825400
727.569100
727.624700
731.983200
733.683100
733.700000
734.900400
734.919600
735.364300
735.407700
737.187100
737.195600
737.210600
737.290900
740.255700
740.647600
740.781300
741.508100
741.525700
741.752400
743.176400
743.199900
743.215400
744.644900
744.657400
745.031000
745.052100
746.156400
746.224500
748.062600
748.688900
748.702800
748.751700
749.286100
749.633200
750.234500
751.461300
751.486800
752.364900
752.380100
752.398200
752.650600
754.061700
754.077400
754.495100
754.498900
754.502300
754.505600
754.508600
754.511800
754.514800
754.517900
754.521000
754.524100
754.527300
754.530900
754.534900
754.538900
754.542900
754.547400
754.557100
754.561700
754.566600
754.572200
754.576900
754.582100
754.587900
754.593100
754.600800
754.606100
754.611700
754.618000
754.623900
754.632200
754.637800
754.644300
754.652600
754.658600
754.665500
754.671500
754.679100
754.699000
754.736300
755.738600
755.749300
755.765900
755.777700
756.291000
756.458700
757.032200
757.649100
757.660300
757.783900
757.795900
757.821000
758.126900
758.411700
758.435800
758.932200
759.345100
759.387700
759.555400
759.849500
760.843000
760.852200
761.489100
761.514400
761.842900
762.045500
762.061100
762.563600
764.433700
765.130800
765.437200
765.477800
765.523600
766.458400
766.469900
766.485400
767.500600
768.955200
769.317500
769.965500
769.994300
770.052700
770.112600
771.367800
771.379600
772.447700
772.467100
772.523000
772.536100
775.187800
775.200700
776.334600
776.348300
776.699400
778.773100
778.848000
778.864000
781.226500
781.243200
782.165000
782.203800
782.820100
783.025500
783.051600
783.321400
783.507000
783.787900
783.804200
784.148700
784.193500
784.312000
788.146700
788.434400
794.049900
796.380500
796.427400
796.880500
796.933000
798.249300
798.265700
799.385500
800.386200
800.411900
800.569000
802.804100
802.830000
803.438200
803.447300
803.465800
803.569100
804.233100
804.273600
805.283200
805.339900
806.109300
806.122800
806.151000
811.391800
811.400300
811.444000
811.455900
811.784400
811.796800
812.378200
815.601600
815.704100
816.353300
816.384400
819.384600
819.394700
820.447800
820.507000
820.522000
822.908100
822.948400
822.960200
823.003800
823.974900
823.983900
824.348500
824.375300
826.973300
826.981700
827.757300
827.836400
827.901100
827.913700
829.660500
830.016600
832.703300
833.717600
834.912500
834.957400
834.977600
836.960800
836.971400
836.984800
837.271900
838.932500
838.954500
838.972500
839.528600
839.539000
839.562400
839.887200
839.900300
842.664800
844.587500
844.602800
844.622400
844.637000
845.008700
846.997900
847.398600
848.871900
849.424000
851.169400
851.200200
851.216500
851.244200
851.625300
851.676800
860.531400
860.582500
864.978300
865.048000
867.239100
867.264800
867.360600
867.372700
869.295500
869.309000
869.722400
869.733700
872.463500
872.486100
873.648800
874.699900
874.704000
874.707200
874.710300
874.713200
874.716000
874.719000
874.722000
874.725200
874.728500
874.731900
874.736200
874.740000
874.743800
874.748000
874.754000
874.759200
874.766300
874.772800
874.784500
874.792600
875.024100
875.449700
875.463500
876.520100
876.560900
877.046600
878.581600
878.592200
878.968100
879.088700
879.441600
879.452200
879.776100
879.802700
879.829400
881.222800
881.252100
883.041700
883.077300
886.675400
888.150800
888.199300
888.964100
890.969500
890.990000
891.380500
891.393200
898.830700
898.847500
900.044700
900.062700
901.202700
901.220600
901.286500
901.651200
902.085900
902.149900
907.306100
907.323400
909.354300
909.655600
909.670200
912.219100
912.246700
912.282700
916.056300
916.074500
916.101100
916.122600
916.786300
918.801900
918.817200
918.828600
918.841100
918.853700
921.436900
921.491000
925.565300
925.592900
925.617400
926.239100
929.489600
929.526900
933.936100
934.284900
934.427700
934.950200
934.969800
935.859500
938.724000
938.811400
940.943500
944.779800
944.807000
944.817800
944.849200
946.339200
948.702800
953.785700
953.849100
955.453000
956.202500
960.958000
960.983500
960.998800
961.794800
961.842100
963.306800
963.323500
963.403900
965.739000
965.991700
966.059300
967.093900
969.386100
969.404600
972.400300
973.336400
974.756300
974.793800
975.072500
975.106600
978.409900
978.735400
978.881700
980.711100
985.271000
985.788000
992.120800
992.140600
993.049600
994.721400
994.725500
994.728700
994.731700
994.734700
994.737700
994.740600
994.743600
994.746600
994.749600
994.752800
994.755900
994.759100
994.762700
994.766200
994.769800
994.773400
994.777200
994.781000
994.784900
994.789300
994.794000
994.798500
994.805500
994.809600
994.814300
994.820900
994.826400
994.832200
994.837000
994.844500
994.849700
994.854900
994.862800
994.872500
994.877900
994.885100
994.891100
994.899600
994.907200
994.913900
994.923600
994.932800
994.942900
994.948500
994.959800
994.970700
994.984700
994.992900
995.005900
995.014800
995.026300
995.034300
995.051300
995.059500
995.072200
995.080400
995.095200
995.118700
995.127300
995.135300
995.144200
995.152300
995.161600
995.170000
995.188300
995.204400
995.212900
995.223000
995.232300
995.245100
995.253600
995.264700
995.274200
995.285900
995.293500
995.305600
995.325600
995.335700
995.358600
995.385700
995.395900
995.412600
995.423300
995.432600
995.457000
995.465500
995.471900
995.479300
995.501500
995.518500
995.529400
995.548300
995.565400
995.583500
995.595300
995.608800
995.633300
995.659100
995.669900
995.679100
995.689900
995.698000
995.714100
995.749600
995.759500
995.775200
995.790000
995.801900
995.809200
995.821100
995.845000
995.855100
995.874700
995.892200
995.904100
995.913800
995.930600
995.943300
995.967400
995.987700
996.004100
996.011600
996.025500
996.037400
996.044900
996.056300
996.067300
996.094700
996.104600
996.118100
996.141700
996.153400
996.160900
996.173500
996.188900
996.207300
996.241100
996.251600
996.265300
996.288900
996.300600
996.337700
996.349400
996.365100
996.374300
996.393000
996.401800
996.445600
996.463900
996.473900
996.494800
996.502500
996.515000
996.524200
996.535900
996.547900
996.570700
996.581500
996.599400
996.617800
996.628700
996.641600
996.659900
996.675800
996.690500
996.704500
996.716100
997.251300
997.346400
997.385200
997.404400
997.417900
997.477700
997.712100
997.726700
997.834700
997.859100
997.914200
998.149300
998.185600
998.195100
998.206600
998.266900
998.334500
998.358800
998.374300
998.391500
998.702400
998.708100
998.717100
998.963400
999.041100
999.056300
999.329900
999.384600
999.409400
999.431500
999.739000
999.756200
999.768200
999.774400
999.781500
999.788700
999.928100
999.936900
999.948900
1000.182900
1000.194000
1000.208200
1000.253900
1000.262800
1000.297400
1000.490100
1000.641800
1000.652500
1000.741600
1000.766600
1000.789300
1000.970400
1000.985400
1000.999600
1001.090200
1001.189600
1001.290400
1001.329600
1001.354400
1001.360300
1001.373600
1001.489800
1001.710400
1001.783600
1001.789100
1001.796100
1001.808600
1001.816000
1001.918800
1001.959500
1002.281300
1002.290700
1002.317500
1002.340000
1002.383000
1002.494700
1002.598700
1002.607400
1002.775000
1002.930900
1002.953300
1003.147600
1003.161400
1003.181600
1003.187700
1003.198500
1003.220000
1003.239400
1003.549700
1003.575400
1003.584000
1003.622400
1003.788100
1003.961500
1003.971400
1003.981100
1003.996900
1004.006000
1004.106000
1004.158700
1004.175300
1004.449800
1004.461900
1004.474400
1004.506700
1004.668000
1004.687400
1004.818800
1004.839700
1004.853400
1004.870700
1004.983700
1005.124500
1005.347300
1005.359300
1005.378600
1005.395500
1005.448200
1005.581500
1005.665300
1005.732400
1005.926900
1005.935600
1005.942600
1005.986600
1006.002500
1006.100100
1006.107500
1006.174900
1006.308400
1006.318100
1006.389500
1006.450000
1006.457500
1006.502200
1006.710700
1006.821500
1006.836600
1007.054700
1007.176300
1007.191400
1007.236000
1007.248400
1007.296700
1007.353300
1007.714200
1007.723300
1007.964300
1007.970700
1007.994200
1008.005000
1008.082800
1008.265400
1008.377300
1008.503600
1008.966000
1009.098800
1009.160800
1009.453200
1009.514800
1009.532600
1009.618500
1009.721100
1009.732800
1009.855000
1010.067100
1010.078700
1010.381100
1010.387700
1010.702200
1010.872300
1010.942700
1010.987800
1011.303400
1011.310700
1011.320300
1011.343600
1011.471000
1011.489400
1011.722100
1011.729400
1011.739000
1011.795400
1011.978400
1011.988800
1011.998400
1012.033700
1012.291800
1012.325900
1012.342500
1012.363600
1012.681700
1012.694700
1012.719800
1012.728300
1012.738100
1012.756100
1012.820100
1012.855800
1012.864900
1012.956000
1012.992800
1013.010500
1013.020500
1013.327100
1013.355800
1013.373600
1013.567200
1013.822400
1013.846300
1014.320200
1014.375500
1014.392000
1014.721500
1015.108900
1015.121400
1015.146400
1015.155800
1015.246400
1015.271400
1015.307500
1015.828900
1015.880200
1015.891500
1015.905300
1015.946400
1015.953500
1015.985000
1016.170300
1016.185000
1016.399600
1016.411100
1017.119000
1017.130200
1017.149800
1017.162000
1017.172800
1017.575700
1017.601600
1017.629900
1017.639500
1017.834500
1018.182900
1018.206200
1018.537300
1018.564600
1018.585800
1018.679300
1018.687400
1018.698700
1018.725100
1018.789100
1019.168100
1019.186900
1019.216000
1019.231500
1019.246100
1019.546900
1019.907300
1019.990100
1020.146100
1020.731200
1020.738600
1020.772500
1020.875400
1021.308200
1021.712400
1021.753400
1021.770600
1022.348800
1022.412500
1022.421900
1022.551800
1022.607600
1022.653200
1022.789500
1023.020600
1023.429600
1023.813700
1023.840400
1023.876800
1023.903000
1024.372800
1025.034500
1025.044200
1025.277800
1025.285500
1025.299100
1025.314300
1025.398700
1025.579000
1025.596800
1025.896600
1025.918600
1026.006700
1026.443100
1026.621000
1026.887400
1026.903900
1027.467100
1027.564400
1027.644300
1027.661700
1027.705000
1027.716400
1028.393700
1028.462300
1028.474300
1028.870500
1029.223700
1029.890900
1029.897700
1029.918100
1029.997400
1030.651200
1030.659600
1030.673500
1031.448800
1031.929100
1032.502800
1032.528300
1032.570500
1033.488300
1033.598000
1034.312400
1034.324800
1034.367100
1034.375800
1034.384700
1034.689900
1034.734900
1034.850200
1035.188300
1035.204300
1035.231900
1035.307700
1035.481000
1035.803800
1035.822400
1035.829400
1035.839100
1035.865400
1036.139800
1037.354200
1037.492900
1037.877100
1037.899900
1038.318300
1038.546000
1038.563400
1038.986300
1039.008800
1039.642800
1040.291600
1040.354300
1040.373100
1040.383000
1040.438100
1041.412100
1041.437200
1041.449400
1041.814900
1041.889300
1042.278400
1042.594300
1043.079300
1043.420800
1043.740400
1044.204700
1044.992400
1045.420300
1045.436400
1045.523900
1045.947800
1045.976700
1046.419500
1046.434600
1046.562200
1047.079300
1047.089600
1047.387500
1047.522300
1047.726200
1047.773900
1047.788700
1047.814100
1047.892800
1048.751400
1048.759300
1049.176800
1049.534000
1049.548300
1049.679900
1050.026200
1050.123800
1050.349500
1050.357700
1050.371000
1051.569400
1051.731400
1052.102400
1052.849800
1054.063400
1054.103300
1054.116300
1054.633700
1054.644000
1055.176400
1055.617700
1056.162600
1056.344400
1056.358000
1057.610400
1057.826200
1058.642200
1058.663000
1059.430000
1059.452700
1060.771200
1060.778800
1060.818900
1060.907000
1061.805500
1061.831400
1061.933200
1062.080200
1062.093300
1062.104900
1062.478200
1062.620200
1062.628700
1063.264500
1064.416400
1064.431300
1065.161400
1065.215300
1065.832000
1066.067500
1066.080400
1066.595800
1066.942600
1066.951400
1066.975400
1067.957300
1067.972600
1069.143200
1069.721000
1070.094400
1070.644500
1070.664000
1070.681000
1071.210900
1071.824900
1071.836100
1072.273400
1072.573000
1073.216700
1073.266600
1074.354400
1074.756800
1074.770200
1074.930700
1074.946000
1076.204100
1076.325500
1076.339300
1077.036200
1077.045600
1077.762600
1078.041800
1078.053200
1078.064000
1078.087400
1078.481900
1078.916400
1078.938100
1078.950200
1079.719800
1079.838100
1079.851400
1080.198200
1080.735800
1081.169100
1081.505500
1081.524500
1081.584600
1081.897500
1081.910500
1082.503500
1082.846000
1083.066900
1083.577100
1084.051000
1084.341100
1084.353200
1084.496100
1085.514400
1085.526700
1085.605100
1085.894200
1085.901800
1085.912000
1085.922300
1086.796300
1086.826000
