spike times
3.410200
12.648500
12.675300
12.724600
12.740400
15.155700
17.781600
17.811800
17.850900
17.870100
17.956700
21.716500
21.730000
25.416400
30.044200
30.054200
30.059900
30.064600
30.070600
30.075400
30.081100
30.085400
30.090000
30.095600
30.103400
30.108900
30.113600
30.122100
30.129300
30.138100
30.144700
30.153400
30.192900
30.201200
30.230300
32.309000
32.327500
38.327700
41.505600
46.144500
53.240200
53.253300
60.456400
60.473800
63.435300
66.291800
66.336400
68.922900
69.869500
69.896900
69.934300
69.945200
70.631900
74.201100
74.211100
81.502300
86.404100
90.801800
90.815800
90.838400
90.867600
92.070300
99.876700
99.890200
103.708000
109.064900
109.074500
109.091300
116.955900
116.965400
119.983000
119.990100
122.937600
127.399700
130.623200
131.628300
132.630600
133.794800
140.835400
140.890500
140.904000
141.369000
141.398400
150.252700
150.258200
150.265000
150.271000
150.276500
150.281500
150.288500
150.296100
150.311900
150.320600
150.524500
164.561800
164.646600
164.660300
172.252200
172.265200
173.676700
173.702400
190.486900
190.510400
190.521500
190.533100
190.585300
190.675800
192.366200
197.293900
197.309300
197.329000
197.342700
199.742700
200.720500
202.988600
203.026700
203.045500
203.063300
203.215000
208.507400
210.139800
212.046600
212.056000
215.742300
215.761500
218.230800
222.305300
224.899100
224.912000
224.982500
226.518900
233.429100
233.450100
233.477600
233.501800
241.897800
247.511900
247.520700
249.109400
249.400700
251.188200
251.198800
259.059500
259.089700
259.103800
263.146200
263.333800
263.357100
263.388800
264.918300
264.939200
266.158000
266.178500
266.431600
270.286400
270.292500
270.299500
270.303700
270.308300
270.313100
270.317800
270.322200
270.326200
270.330600
270.335100
270.340500
270.345400
270.350200
270.355700
270.366900
270.412800
270.418100
270.424700
270.429500
270.437000
270.450800
270.456800
270.483400
270.516800
270.546000
270.621700
270.637100
270.647900
270.656300
270.680800
270.709700
270.786300
270.824800
270.833400
270.849200
270.924000
270.967100
270.975700
270.984000
271.020700
271.050700
271.184500
271.246100
271.253600
271.271500
271.280900
271.334000
271.388900
271.463300
271.504900
271.513500
271.524700
271.536800
271.567400
271.608800
271.617700
271.628700
271.659800
271.763200
271.803900
271.968000
271.978000
271.989100
272.054200
272.134400
272.141900
272.153800
272.163700
272.222900
272.983100
272.997400
273.406500
273.418800
273.431400
274.477900
274.488000
274.501100
277.146600
277.161400
277.205000
277.534700
277.605500
278.923700
278.939400
280.907800
281.193800
281.209100
281.249700
283.031700
283.056700
292.778600
292.791400
293.437300
293.757000
304.418900
304.428100
304.443100
304.533100
307.477100
307.487300
307.500600
315.070800
315.100100
315.168600
317.252700
319.565500
319.575600
322.116600
322.164100
322.330400
327.129000
330.130300
334.098500
334.113000
334.128700
334.140900
340.037900
340.060700
340.068600
340.096600
345.675300
345.684300
345.703200
353.413200
353.438000
353.469900
354.071700
373.445400
381.006200
392.270600
392.274800
392.278200
392.281600
392.284900
392.288200
392.291600
392.295000
392.298400
392.301800
392.305400
392.309300
392.313400
392.317100
392.321400
392.326100
392.330900
392.335700
392.341000
392.346800
392.352400
392.358800
392.364800
392.371100
392.379500
392.387500
392.400800
392.407000
392.421400
392.433100
392.444800
392.451500
392.480500
392.918800
392.926500
392.932200
392.943400
393.307200
393.524200
393.531200
394.086000
394.097100
394.112100
394.128700
394.136800
394.152300
394.165100
394.182600
396.994500
397.011300
400.097200
401.944600
401.981300
414.684400
414.693000
414.709000
416.265000
418.711700
424.524200
424.562000
436.323000
437.281000
437.695100
438.163600
443.478800
443.509000
443.522900
443.536900
443.626700
449.971700
452.489700
452.500500
452.511200
453.897800
469.624400
469.649900
469.661500
469.675500
478.037500
478.049800
478.060800
478.070800
478.845400
496.675000
498.090200
498.103500
499.348100
499.363500
501.570900
501.603000
501.623800
501.639500
501.697300
504.079700
504.100300
504.113200
504.747000
512.471100
512.475200
512.479200
512.482500
512.485700
512.489300
512.493000
512.497300
512.501200
512.505000
512.508800
512.513500
512.518500
512.523700
512.529900
512.536600
512.544500
512.560600
512.567400
512.578100
513.237700
513.454500
513.465200
513.612400
517.719700
517.732800
517.744600
519.185300
519.200200
520.896900
526.489900
526.502100
526.542800
526.746000
527.648300
528.655300
528.685400
528.701700
528.716900
541.981300
542.002600
542.015500
544.580000
544.594900
547.899500
547.954700
547.967200
558.373900
559.273800
559.286400
559.326600
562.667400
562.693100
562.711400
578.284800
580.766700
580.807700
586.347000
586.357900
590.869200
596.416100
597.045100
597.058200
597.147500
606.307000
606.345300
606.365400
606.376200
606.389500
617.097300
621.459300
621.507100
627.668200
628.315400
628.599000
628.611100
631.261000
631.482600
631.495100
632.497500
632.502200
632.506200
632.509500
632.513300
632.516800
632.520300
632.523700
632.526800
632.530700
632.534600
632.538300
632.542100
632.545900
632.550100
632.553800
632.557500
632.562600
632.567200
632.571800
632.576600
632.582600
632.589000
632.595300
632.600800
632.607400
632.613200
632.619600
632.625200
632.633200
632.646400
632.656700
632.663700
632.685300
632.693100
632.715500
632.722000
632.730100
632.746600
632.756300
632.780100
632.796000
632.802900
632.830600
632.847400
632.853800
632.861500
632.872500
632.906800
632.927900
632.941600
632.988500
633.023300
633.071500
633.081300
633.091500
633.100200
633.117200
633.154300
633.186400
633.193700
633.242500
633.261400
633.296600
633.309700
633.368500
633.400900
633.410100
633.456600
633.469400
633.494800
633.516700
633.534800
633.546900
633.565300
633.582800
633.602700
633.692300
633.706700
633.714000
633.738800
633.745900
633.761000
633.802400
633.814800
633.879300
633.891600
633.903800
634.029700
634.042300
634.050500
634.060600
634.071800
634.112700
634.146200
634.157700
634.167000
634.194300
634.217100
634.322400
634.330200
634.343400
634.366100
634.376000
634.423100
634.433600
634.443000
634.456800
634.464400
635.083700
635.093000
635.485700
635.495300
635.772900
636.208400
636.222500
636.522400
636.529300
636.545300
636.570100
636.585600
636.764200
636.980800
637.086100
637.509200
637.518300
637.530200
637.540900
637.663100
637.754100
637.775900
637.912900
638.092400
638.104000
638.206400
638.591600
638.606800
639.162800
639.381600
639.618500
639.640500
639.658700
639.688500
639.735400
639.864700
639.873700
639.883300
640.067100
640.449000
640.472100
640.700500
641.450000
641.461300
641.613500
641.759300
641.775900
641.790200
642.064400
642.087500
642.575500
642.676000
643.046500
643.062900
643.971600
643.985200
643.996600
644.432900
644.623900
644.672300
645.449800
645.780400
646.137500
646.818200
646.880700
646.889200
648.130900
648.217800
648.909300
649.403200
651.265100
651.869500
651.880800
651.916100
652.468500
653.003200
653.708300
654.815900
656.103900
656.116200
656.127600
656.140900
657.119000
657.162200
659.181900
659.916000
660.236200
660.250600
661.794000
661.871500
662.015100
662.028800
662.057500
662.076400
662.299500
663.731300
664.522900
664.536700
664.549400
664.569400
665.071700
666.166500
666.201600
666.235700
666.556200
666.564900
666.662200
670.473900
670.890300
672.914100
672.927100
673.426200
673.477000
673.503100
674.535400
677.097800
677.173700
677.188500
677.608000
679.156600
679.367800
679.387400
680.658300
680.678900
681.597700
686.167400
686.190100
687.579100
687.597300
687.629200
690.240700
690.262300
694.539600
694.548100
694.558800
694.581900
695.382800
695.450200
698.089300
698.106800
699.948300
700.032700
701.334500
703.324900
703.334500
703.347700
703.357500
705.756200
705.771200
705.781100
714.407800
715.218100
715.257900
716.524100
716.583500
720.102200
721.045400
721.062100
723.522400
726.619500
726.631000
726.643700
729.484700
729.497600
731.528200
731.555900
731.569300
731.597900
732.913000
732.936600
732.951000
733.021100
735.970000
735.989200
736.032800
736.825700
736.843400
740.616100
740.628100
740.685500
743.717800
743.728300
743.772200
744.340800
744.357700
744.378400
746.411400
748.909500
753.061700
753.073200
753.104800
753.124200
754.182000
754.497900
754.501200
754.504500
754.507700
754.510600
754.513400
754.516400
754.519200
754.522200
754.525100
754.528100
754.531300
754.534700
754.537700
754.540900
754.544200
754.547700
754.551000
754.554800
754.558300
754.562300
754.566500
754.570700
754.575200
754.579200
754.583500
754.588500
754.592900
754.597400
754.602400
754.607800
754.612800
754.619100
754.625200
754.631600
754.638800
754.645000
754.651700
754.659300
754.666300
754.673200
754.679200
754.687400
754.693500
754.702100
754.714600
755.168700
755.181300
755.456900
755.464900
755.580900
755.591300
755.608500
755.877900
755.889300
756.085100
756.567900
756.589500
756.606600
756.765300
756.960100
756.974900
757.227800
757.820700
757.905700
758.208200
758.237200
758.244900
758.434600
759.064300
759.107000
759.188300
759.824700
759.832800
759.843800
759.982200
760.165500
760.202100
760.213400
760.232200
761.129100
762.316900
762.326700
763.037000
763.709300
763.719100
764.195900
764.497800
766.074900
766.789700
768.485100
768.513600
771.626800
771.636600
771.648300
771.681300
772.224700
772.242800
772.261000
772.852000
772.871100
772.906800
773.168200
780.445300
781.901900
781.931200
782.185100
782.522400
789.048300
789.826400
792.597500
794.348000
796.626200
796.821400
798.845100
798.853700
798.883000
801.539100
801.547200
801.557900
801.565800
801.575100
801.598300
802.319100
802.361600
803.622700
803.634400
804.773100
805.280700
805.317200
807.935300
807.946800
807.965400
810.332300
810.346700
810.363300
810.375900
813.060300
813.072800
814.403900
814.940600
814.982100
817.266500
817.310200
817.340800
828.503300
828.559200
829.971500
830.458700
830.492100
832.224700
832.633500
832.669700
832.718300
832.807500
835.154500
838.620900
838.631300
838.656100
838.682500
840.403800
840.413500
841.308600
844.170700
847.426000
848.122300
848.151700
848.293700
848.827100
850.033200
850.782000
852.975500
852.994200
854.895300
859.217800
859.277500
859.669000
859.683100
859.696800
859.968500
862.039100
862.304100
865.177000
865.189000
865.199900
866.056400
868.456500
868.504800
874.620600
874.699300
874.702500
874.705500
874.708200
874.711100
874.713800
874.716600
874.719500
874.722500
874.725400
874.728400
874.731600
874.735000
874.738300
874.741800
874.745600
874.749600
874.753500
874.757600
874.761900
874.766600
874.772000
874.777700
874.783100
874.789400
874.803200
874.815500
874.849200
875.433600
875.440500
875.451600
875.462100
875.549800
875.756400
875.971800
876.265800
876.518800
877.791900
878.146200
878.187300
878.202500
878.435800
881.180400
882.077900
882.110700
882.129700
882.140700
883.800300
890.550400
890.598900
891.051000
891.068900
892.595800
892.677000
898.599200
901.416800
906.214600
906.223600
908.597700
916.588800
925.514100
926.645300
929.114300
929.490700
929.523700
931.665500
931.679800
938.728100
938.835400
945.607000
945.619900
945.634600
945.662700
946.213400
946.239100
948.483600
948.495000
948.505400
948.521800
948.562000
955.974400
955.990500
956.008300
956.499900
966.626600
966.650200
966.670100
967.262400
969.935100
969.976300
969.993100
971.235200
972.363200
973.572100
973.596200
973.612000
974.144500
977.579900
977.590100
980.525000
980.543800
982.023900
982.032700
982.049000
985.970000
985.980900
991.322500
991.348000
994.724900
994.727900
994.730700
994.733500
994.736300
994.739100
994.741800
994.744800
994.747500
994.750200
994.753100
994.755900
994.758700
994.761700
994.764700
994.767900
994.771200
994.774600
994.778200
994.781500
994.784900
994.788500
994.792100
994.796100
994.800200
994.804200
994.808200
994.812900
994.816900
994.821000
994.825500
994.830300
994.835000
994.840300
994.845500
994.850500
994.855700
994.861600
994.867500
994.874000
994.880400
994.886800
994.893100
994.900400
994.909200
994.919600
994.929200
994.939700
994.948900
994.956800
994.965700
994.975800
994.986900
994.994200
995.005900
995.026500
995.033400
995.046300
995.055700
995.063300
995.069800
995.082000
995.091400
995.109100
995.125200
995.153300
995.163000
995.174600
995.185700
995.201500
995.238900
995.245800
995.257400
995.275000
995.287900
995.310400
995.317400
995.327100
995.348200
995.381200
995.394900
995.404700
995.429200
995.449100
995.460700
995.471700
995.481900
995.495400
995.509100
995.531500
995.557200
995.569700
995.580700
995.607200
995.617800
995.636300
995.646900
995.665300
995.682900
995.707100
995.730100
995.753600
995.764000
995.783700
995.794400
995.805300
995.834000
995.846900
995.872300
995.885100
995.899900
995.918300
995.964700
995.977500
995.989000
996.003500
996.016900
996.045000
996.059100
996.080300
996.101500
996.138600
996.148400
996.167200
996.176600
996.198800
996.243700
996.253100
996.267300
996.302200
996.321500
996.356200
996.369000
996.383300
996.404100
996.423300
996.435400
996.451800
996.469600
996.490500
996.518300
996.538300
996.567200
996.582000
996.606400
996.634300
996.674000
996.684900
996.704800
996.714600
997.274300
997.348400
997.364300
997.647300
997.798300
997.900800
997.909700
998.023000
998.164300
998.180800
998.324700
998.332600
998.536500
998.544800
998.557100
998.742500
998.766100
998.898800
998.907100
998.915200
999.035500
999.043500
999.051600
999.127000
999.275700
999.371500
999.395200
999.419600
999.550600
999.566900
999.662000
999.690500
999.990400
1000.382200
1000.519800
1000.528400
1000.623400
1000.634700
1000.665600
1000.786000
1000.879200
1000.966600
1001.026400
1001.039600
1001.048500
1001.168800
1001.293900
1001.308100
1001.628800
1001.638900
1001.649000
1001.661600
1001.841300
1001.849500
1001.924600
1002.144000
1002.230800
1002.335600
1002.359800
1002.588500
1002.601300
1002.786400
1002.809600
1003.097200
1003.164300
1003.180700
1003.220400
1003.387300
1003.396400
1003.408500
1003.507300
1003.807300
1003.947700
1004.102100
1004.111100
1004.220100
1004.232700
1004.408200
1004.423500
1004.431700
1004.530700
1004.541100
1004.562300
1005.023900
1005.031900
1005.171300
1005.289100
1005.477000
1005.488000
1005.634900
1005.652900
1005.660900
1005.669500
1005.682500
1005.802000
1006.400000
1006.537500
1006.687800
1006.696400
1006.791800
1007.134300
1007.141600
1007.173700
1007.380100
1007.388900
1007.455700
1007.466400
1007.664300
1007.856000
1007.864500
1007.878100
1008.088500
1008.370800
1008.581600
1008.661300
1008.758500
1008.869900
1009.059600
1009.073000
1009.124500
1009.186500
1009.249000
1009.295400
1009.424000
1010.083100
1010.111800
1010.118900
1010.151400
1010.372200
1010.381000
1010.898000
1010.910100
1011.329700
1011.356900
1011.378400
1011.385400
1011.736800
1011.787100
1011.923500
1011.939900
1012.121000
1012.347500
1012.643400
1012.694800
1013.128000
1013.143200
1013.552500
1013.698100
1014.244300
1014.253500
1014.262700
1014.274800
1014.511600
1014.527800
1014.545400
1014.888600
1014.899200
1014.935800
1015.143100
1015.151100
1015.207600
1015.771000
1015.779800
1015.878900
1015.920600
1015.935700
1015.959000
1015.966500
1015.977900
1016.484800
1016.495900
1016.508000
1016.627100
1017.071100
1017.194200
1017.281700
1017.500900
1017.514100
1017.705700
1017.878000
1017.901700
1018.103600
1018.304400
1018.740700
1018.755300
1018.779000
1019.114000
1019.124300
1019.298700
1019.580500
1019.787700
1019.804600
1020.055800
1020.066300
1020.107900
1020.231000
1020.547500
1020.906000
1021.022200
1021.034100
1021.047700
1021.065900
1021.112200
1021.363100
1021.371000
1021.449600
1021.760400
1021.803900
1021.900500
1021.908900
1022.769200
1023.249200
1023.367600
1023.466200
1023.868700
1024.339900
1024.475400
1024.495000
1024.885500
1024.899400
1024.963200
1025.350200
1025.364900
1025.377400
1027.153100
1027.161300
1027.176600
1027.191700
1027.343900
1027.359600
1027.589600
1027.602100
1027.638000
1027.815600
1027.822100
1027.878100
1027.893900
1028.325200
1028.361300
1028.626800
1028.635600
1029.185300
1029.979900
1029.999300
1030.179200
1030.400900
1030.434700
1030.757800
1030.776500
1030.895200
1030.914600
1030.925000
1031.425900
1031.454000
1031.652800
1031.829000
1031.841600
1031.851500
1032.065900
1032.187700
1032.235000
1032.585300
1032.864800
1032.886000
1033.024100
1033.034400
1033.455500
1033.924800
1034.002200
1034.010800
1034.027500
1034.041900
1034.091500
1034.117400
1034.475700
1034.493900
1035.053000
1035.068400
1035.083300
1035.454200
1035.852300
1035.869300
1035.887600
1035.900200
1035.915200
1036.121100
1036.576500
1036.633900
1036.753400
1036.778800
1037.047500
1037.071900
1037.805600
1038.200700
1038.667800
1038.681900
1038.879700
1039.626000
1039.642300
1039.913300
1040.204000
1040.933400
1040.954100
1040.973700
1041.182000
1041.192200
1041.433300
1042.029200
1042.609500
1042.640400
1042.945900
1043.181800
1043.229800
1043.705000
1043.724100
1043.737600
1045.398600
1045.414100
1045.477200
1045.965600
1045.985100
1046.161700
1046.402800
1046.415100
1046.735200
1046.749800
1047.224400
1047.705200
1048.093400
1048.107000
1048.115200
1048.123700
1048.646100
1048.657600
1049.672000
1049.874800
1050.336400
1050.478700
1050.852800
1051.050700
1051.399700
1051.409900
1051.440300
1051.508000
1052.099100
1052.571500
1052.591200
1052.623600
1053.626700
1053.769800
1053.781700
1054.533600
1054.710400
1054.867300
1055.278800
1055.286900
1055.296200
1055.304500
1055.791100
1055.804400
1056.612300
1057.079000
1057.091500
1057.141700
1057.284300
1057.473500
1057.632600
1058.422400
1058.439400
1058.456000
1058.465400
1058.473400
1058.665100
1059.051900
1059.103200
1059.819200
1059.835200
1059.847800
1060.331400
1060.340300
1060.688900
1061.066100
1061.505200
1062.258600
1062.272200
1062.870500
1062.879900
1062.889100
1063.216100
1063.240800
1063.286600
1063.439700
1063.811900
1063.917700
1063.931800
1063.961200
1063.976100
1064.015700
1064.049000
1064.422000
1064.470700
1065.288300
1065.425800
1065.439600
1065.919900
1065.943800
1066.304200
1066.596800
1066.622900
1066.737900
1066.984600
1067.822700
1068.227200
1068.554900
1068.573300
1068.588100
1068.615400
1069.236100
1069.245500
1069.650800
1069.668400
1069.682400
1070.972500
1071.460400
1071.469800
1071.479400
1071.722000
1071.947900
1071.955700
1072.018700
1072.340300
1072.594400
1072.730900
1072.747100
1072.780400
1073.198800
1073.407600
1073.833000
1074.282900
1074.302000
1074.724700
1074.735500
1074.748000
1074.917200
1075.319200
1075.801700
1076.515000
1076.532800
1077.704100
1078.151300
1078.161800
1078.177300
1078.229000
1078.250700
1078.260900
1078.291300
1078.614900
1079.019000
1079.033200
1079.664200
1079.803300
1079.813000
1079.823400
1079.832600
1079.847400
1080.476100
1080.558200
1081.147100
1081.422200
1082.075900
1082.157500
1082.173200
1082.196400
1082.244300
1082.559100
1082.574400
1083.141900
1083.820900
1083.835200
1083.855000
1084.166300
1084.465500
1084.823600
1085.034600
1085.239400
1085.735600
1085.795000
1085.809500
1085.825400
1086.299700
1086.326100
1086.803500
1086.844500
