spike times
0.386800
0.405000
1.271200
1.499200
1.525400
2.500100
2.526300
3.051200
3.841100
4.932900
4.948000
4.971300
6.275200
6.294600
6.861800
10.752400
11.947500
13.558100
14.011100
15.323500
15.753700
15.769100
15.940200
16.066000
16.082100
18.040800
18.118500
18.807400
19.543100
19.827900
20.433300
23.756000
25.580600
25.658700
26.075000
26.095900
26.689500
27.096700
28.508600
28.517300
28.524100
28.534800
28.551700
28.951700
28.967900
30.078000
30.094500
30.112900
30.123000
30.138700
30.179700
30.198400
30.208100
30.222700
30.318300
30.526600
30.705700
31.161400
31.316100
32.741100
32.912700
33.028500
33.874100
33.892500
34.558000
36.404400
37.097000
37.847500
38.142600
39.203300
39.475700
39.493300
41.091700
42.973400
43.074500
43.912200
43.940000
44.107700
44.579300
44.961300
45.304900
45.885100
49.223400
49.251500
49.440400
51.899200
52.623000
54.659900
55.112400
55.416800
56.831700
56.881000
57.714700
58.276900
58.295000
58.997300
59.903800
60.174800
60.497900
63.295600
66.724000
67.016800
68.112700
68.885000
68.940400
69.092600
70.255300
70.324400
70.766800
72.672000
72.705600
72.869300
72.882800
73.042600
75.287900
75.508900
78.881500
78.924200
79.752200
80.150100
80.164900
80.908500
81.655700
81.674200
84.070200
86.063400
86.581600
86.946600
86.992500
87.462200
90.023000
90.286600
91.275400
91.971600
91.979200
92.076800
92.821700
93.168100
93.668700
93.732700
94.637600
94.679700
94.710200
95.420300
97.215900
99.535600
99.714300
100.225500
100.246600
100.849200
102.676600
102.689600
103.643000
103.657200
105.474600
105.505700
106.220200
106.236800
106.277500
106.286800
107.385000
108.305700
111.367600
111.735700
111.764100
112.168200
112.615500
115.581900
117.927400
117.941400
117.957100
117.992500
119.422100
119.431100
123.071600
123.576600
123.591700
123.842700
125.662700
126.101800
126.121400
126.134600
128.038000
128.332100
128.850900
128.872800
128.897000
129.006100
129.187800
129.203800
129.212400
129.544300
131.066600
131.077100
131.706800
131.730900
131.911700
131.924100
132.572800
132.583800
133.620800
133.645700
135.736200
135.762800
136.441500
137.493100
137.509900
137.527900
138.180800
139.848300
140.581800
144.613600
144.951800
146.660800
148.392200
148.407900
150.110500
150.280500
150.288800
150.303900
150.325500
150.335400
150.345000
150.367700
150.376100
150.382900
150.419500
150.524300
150.534100
150.542100
150.560000
150.573100
150.612400
150.669300
150.690800
150.713900
150.725000
150.754700
150.778600
150.786200
150.818300
150.826300
150.988100
151.015800
151.079000
151.116300
151.138600
151.150000
151.257500
151.344700
151.354900
151.418800
151.431000
151.560500
151.566300
151.575300
151.607700
151.643800
151.682900
151.756300
151.763500
151.771000
151.783600
151.799400
151.959800
151.972600
151.991100
152.140900
152.149500
152.215600
152.222400
153.101800
153.109400
154.344300
154.358600
154.814300
154.830000
156.231900
156.406600
157.521500
157.584800
158.107900
158.477000
160.150400
160.203200
161.673900
161.688200
161.809800
162.076200
163.200200
163.218600
163.292700
163.306800
164.318100
164.337900
165.602800
166.263900
166.338300
166.484100
166.497500
169.923800
170.255800
171.621400
171.673700
171.719800
172.132700
173.799400
174.330400
174.672000
174.689200
175.828000
178.986900
179.678300
180.105900
180.586300
180.908200
181.441800
182.271000
183.149000
183.176900
183.668500
183.938900
184.018200
185.706600
185.746300
185.906200
189.824200
190.293900
190.313700
193.705900
193.736500
193.852600
196.202400
196.994500
197.007600
198.903800
200.096200
200.116100
201.794400
202.084300
202.696000
203.343000
205.400900
206.169900
206.314400
208.180400
210.460300
211.410000
212.231500
212.244600
212.257400
212.909400
212.930000
213.856000
216.369600
216.829400
216.861200
219.412300
221.831700
221.948700
223.071300
224.587800
224.608100
224.875500
229.677300
231.963500
233.633500
233.645600
233.794400
233.990200
237.517400
240.677200
241.360500
241.369800
241.748900
243.089800
243.101700
244.396400
247.952400
247.965600
248.475200
250.603000
251.543100
252.137700
261.238400
263.014200
263.535800
263.874000
264.162700
268.448900
268.814500
268.947900
269.179000
270.081400
270.593400
270.631000
270.646000
271.409600
271.710800
272.270500
272.330400
274.829400
274.845700
275.181000
276.341800
279.197700
279.266500
280.492400
281.322400
286.170200
289.079500
289.627800
289.666200
290.147100
290.256500
290.278700
294.431200
294.445300
294.872600
295.441600
296.303000
296.550100
296.573700
296.587600
298.965300
306.567100
309.197000
310.870300
314.724800
314.731900
314.995500
315.590800
315.676000
317.139800
317.199300
317.941400
320.174000
320.182600
321.669300
323.806500
326.035000
326.153900
326.594200
327.245100
327.257900
330.089300
331.348000
331.370100
331.387400
337.118700
337.567900
341.841800
341.868000
344.576400
344.720400
346.484700
349.191000
359.859900
359.872700
359.892100
360.087000
364.787000
365.651300
368.657900
369.083500
369.099200
369.115900
379.015000
381.512100
381.528400
382.578800
383.246800
383.257800
383.623200
383.648100
383.728300
389.199800
392.307100
392.318700
392.330400
392.336600
392.342700
392.348600
392.355900
392.364800
392.376100
392.384700
392.436200
392.447600
392.526700
392.852500
392.867100
393.209100
393.472500
393.953400
394.688600
394.989000
401.028400
405.626400
406.967400
413.131400
417.048900
420.326000
430.448100
430.479100
431.138300
432.680500
434.613100
434.659500
442.126300
443.989900
446.795700
450.944100
457.998300
461.308600
461.326800
464.292900
465.481400
477.840700
480.617400
491.118000
491.139700
491.541100
502.978700
505.236100
505.252100
505.266000
512.492700
512.503800
512.514500
512.519800
512.526500
512.533100
512.538900
512.545000
512.563700
512.625200
512.647600
512.655500
512.675500
512.683300
512.691400
512.731800
512.752500
512.760200
512.817500
512.833000
512.846300
512.922300
512.940300
512.956900
513.073400
513.124100
513.161900
513.171200
513.180200
513.189300
513.257400
513.277900
513.331200
513.343300
513.361400
513.547100
513.557100
513.570100
513.675400
513.688700
513.695300
513.783800
513.836600
513.894400
514.067400
514.077600
514.094400
514.112500
514.190400
514.286900
514.324100
514.399200
514.487600
514.499600
514.950000
516.026300
518.060100
518.071800
518.104400
518.246100
520.578800
522.199200
522.896200
522.915900
523.869500
526.512600
530.504700
530.513400
533.138500
535.156300
536.203000
537.450200
538.912100
541.060300
541.645100
542.382000
547.631000
548.125700
556.377400
559.252700
562.661700
563.444800
564.748100
569.316100
572.581900
586.475400
589.201400
605.314800
612.942100
614.734400
623.449400
631.139900
631.153700
634.503900
634.536200
634.554700
634.821600
636.426000
643.530100
646.137300
647.395900
650.711700
661.590000
662.836600
666.711900
668.737400
671.560800
671.568200
672.649000
672.775500
672.781400
672.788500
698.578500
704.635800
705.133500
705.150300
712.105700
716.689000
719.439500
719.457200
721.529100
730.938200
730.967600
736.872600
738.718200
738.808200
748.640600
750.631300
754.525900
754.533600
754.539200
754.545400
754.552400
754.558200
754.563600
754.570900
754.582700
754.593000
754.602600
754.615800
754.624200
754.639900
754.659600
754.674700
754.684700
754.775400
754.844600
755.262000
755.277900
756.197300
756.997800
759.396700
761.675900
761.706100
764.360100
770.034700
777.790500
778.689400
780.970600
782.661800
788.808700
793.877200
794.328100
796.360500
814.160600
821.264400
827.899200
829.203600
852.348700
852.370500
862.218300
863.874200
863.892500
874.725700
874.732600
874.739200
874.744700
874.749400
874.753900
874.758800
874.764600
874.770900
874.776400
874.787200
874.795800
874.803700
874.838900
874.859000
874.869300
874.879100
874.890600
874.905700
874.925800
874.959100
874.996700
875.006500
875.026900
875.036600
875.047300
875.059400
875.072400
875.088700
875.132400
875.161900
875.187700
875.225700
875.263800
875.294000
875.303200
875.311600
875.331000
875.348200
875.401000
875.431000
875.441100
875.472000
875.534700
875.569100
875.578200
875.655700
875.665800
875.751100
875.791700
875.833500
875.863400
875.879600
875.892200
875.985200
876.008800
876.050900
876.094900
876.118100
876.127000
876.195900
876.236600
876.275700
876.287400
876.410600
876.439800
876.465700
876.474500
876.530900
876.545500
876.563300
876.688100
876.702100
876.849800
877.892500
877.909000
878.010000
878.290100
878.470600
878.939600
879.462400
879.473100
879.657800
879.675700
880.082900
881.208500
881.479100
882.407800
883.149300
883.603500
883.683600
884.491700
884.979300
884.995200
886.015800
887.038400
887.454000
887.566300
888.937800
888.957000
890.316300
892.594800
892.634800
894.165700
896.968200
897.228000
897.738700
899.585800
899.623600
900.461900
902.050900
903.501500
905.776400
907.121400
907.139300
908.259400
910.403300
910.424900
911.466600
911.951300
919.199500
920.005600
920.018500
920.033000
922.134600
922.140900
922.331900
922.477300
925.076800
932.586400
934.774100
934.783800
935.888700
937.121600
943.478800
945.383100
949.208200
950.563100
954.761700
954.774900
955.211600
956.837200
957.204700
957.443700
964.155500
964.167200
964.321200
964.573800
965.020000
965.680600
970.687300
970.698000
975.149700
977.345300
980.381800
982.590600
986.627300
986.641100
987.464100
991.966100
992.392100
996.724900
996.731400
996.739000
996.746700
996.754300
996.761600
996.772100
996.782800
996.797400
996.893100
997.187700
997.214100
997.331300
998.358500
1001.082400
1003.409100
1003.427900
1006.419000
1007.143000
1008.113900
1009.131400
1018.134400
1023.863500
1031.053100
1034.352700
1039.739900
1041.324400
1046.451800
1046.482700
1046.499700
1050.551900
1054.366700
1057.424400
1062.431300
1062.442500
1062.933700
1068.538100
1070.095300
1070.103400
1070.113600
1072.209000
1072.224300
1073.151300
1079.485300
1080.746100
1082.288600
