spike times
0.647000
1.246700
1.258500
4.553800
6.182000
6.633100
6.674100
10.104000
11.681500
12.447200
12.623000
13.631100
13.642600
13.980200
14.013700
14.026200
17.364600
17.378500
17.389200
17.804800
17.819900
17.837900
17.850500
18.662900
21.777600
21.819100
21.832900
21.847400
21.862600
23.188100
23.212700
24.486400
24.517300
26.340800
27.980700
28.288000
28.304100
29.832600
30.007800
30.668800
30.684900
30.698800
32.068100
32.080800
32.671900
32.687000
32.754300
33.732500
33.751100
34.430800
37.295900
37.304200
37.317400
37.344500
37.826100
37.851000
38.269500
39.126400
41.982800
42.857400
43.617800
43.639800
44.268500
45.576600
46.120400
48.193700
48.589300
48.603700
48.958300
49.605000
50.166900
50.200900
50.765000
53.094300
53.106100
54.421000
55.637400
55.687700
55.699200
56.472600
57.757000
57.813400
58.965700
58.986700
60.442600
60.509300
60.547900
61.548200
62.469000
69.334600
69.489800
71.185700
72.035000
72.048000
72.074700
72.092400
72.526900
72.551700
72.653200
74.349600
75.545800
75.584000
77.925400
78.228300
79.016200
79.043400
79.053400
79.085300
79.114100
79.943000
81.116100
81.981000
83.059100
83.068600
83.083000
83.090600
85.878800
86.213400
86.227800
88.510500
88.526200
88.534700
89.188200
89.333300
89.356200
92.183500
92.220400
92.475600
92.734800
92.746500
92.773100
93.050200
94.885600
94.904400
94.934800
95.452200
95.479900
98.121100
99.756400
100.840800
101.351500
101.365500
101.895200
101.917100
103.435600
103.473100
105.838000
105.846900
106.671400
106.685300
107.289500
108.650500
109.669600
109.684200
111.199200
111.213300
111.300000
112.078100
112.091100
112.688800
115.898900
115.914000
115.927000
115.937300
117.479600
119.309100
119.317100
119.362700
120.579000
120.597700
124.130500
127.657000
128.182900
129.918000
131.163800
131.175100
131.946300
133.259400
133.709200
134.346300
134.360100
136.022100
136.046500
137.526500
139.775100
140.725700
140.891700
140.902200
141.556800
142.902000
142.909000
142.920900
142.931000
143.951900
145.065300
145.558600
145.572800
148.043400
148.058300
148.074700
149.402000
150.194900
150.291000
150.334000
150.418200
150.425700
150.431600
150.443100
150.528100
150.536300
150.543800
150.550500
150.565600
150.744600
150.759900
150.799700
150.813400
150.853500
150.862800
150.961000
150.972400
150.989000
151.190500
151.541100
151.568600
151.578700
151.587900
151.599200
151.638400
151.800900
151.959700
152.091800
152.750900
152.762100
152.771700
153.506200
154.771900
154.783200
155.708300
155.727100
155.916700
157.534600
157.546200
157.639800
157.843300
158.669800
159.609500
159.620700
160.105200
160.128900
162.024300
162.037900
163.222300
163.332700
163.868600
163.913700
164.574300
164.594200
164.629300
164.640900
164.653900
169.095300
169.175500
169.764800
169.813500
170.129100
170.148500
170.865500
170.968600
171.219600
172.233400
173.081000
174.588400
174.605600
175.234800
175.263900
175.376000
175.427500
178.132200
178.532400
179.130000
179.744500
181.388500
181.407000
181.521600
181.529400
181.535900
181.967200
182.253600
182.260900
182.900700
182.919200
186.457200
186.476700
186.485800
186.492700
186.500100
186.519800
188.355800
190.968100
190.984400
191.000300
191.010600
192.494600
192.668000
192.872000
193.447700
194.633600
195.747400
197.273000
197.299900
197.314800
197.683700
197.702000
199.250000
201.883600
201.905900
201.923500
202.424900
202.434300
202.442400
202.685100
202.695000
204.951100
205.104700
205.113100
205.854500
207.013400
207.240200
207.409300
207.919800
207.932900
208.547600
210.298700
211.450200
211.462900
211.477400
211.491600
216.079300
216.882300
217.175400
217.184800
217.284800
217.442600
217.649600
217.750200
218.546500
220.631900
221.123900
221.782900
222.111400
222.140500
222.522700
224.371700
224.385200
224.584400
228.692800
230.289100
231.959600
231.986600
235.875300
235.901700
236.327600
240.304300
241.081400
241.092300
241.856500
242.175600
242.191300
244.559400
244.679500
245.120200
245.129800
245.142600
247.353900
247.368700
247.414200
247.926500
247.935600
247.953500
247.992300
250.337500
250.416600
250.824800
252.742700
252.750900
252.981700
253.426400
254.037900
254.901000
255.305100
256.764100
256.792100
257.720700
257.737400
257.747700
257.772200
257.784800
258.119100
258.694400
258.704100
258.712500
260.482800
260.491800
260.506200
260.514400
261.128000
261.172400
261.431300
261.982600
265.307500
265.318900
265.384100
265.414800
267.175600
270.296500
270.310400
270.861000
270.980000
271.212700
271.227300
271.394400
272.139900
272.148600
272.156100
272.164000
272.174500
272.284600
273.479000
273.491000
273.782300
275.496900
275.506300
275.525400
277.282800
277.315000
278.636500
278.764100
278.791200
278.903800
279.197700
279.708100
279.884600
279.892800
279.904100
279.912600
279.937100
279.949200
283.236300
287.007200
287.705300
288.111000
289.078800
289.665900
290.606800
291.836000
292.898900
293.116200
293.148400
294.463800
294.481100
294.493500
294.504700
295.517200
297.822000
299.398700
299.420600
304.560200
304.577100
304.588800
304.602100
304.614200
305.832100
305.857400
305.877600
305.892700
306.513600
306.943000
308.645700
309.112000
309.126000
310.057000
311.246600
311.270400
311.876000
312.613800
312.625600
312.639200
312.652600
312.686100
316.091200
316.470700
316.511500
316.956500
317.361300
319.927700
322.952000
323.002900
324.522300
324.545200
325.341100
325.367200
325.880000
326.547300
327.576900
329.866700
329.880800
330.284200
330.606600
333.594200
333.605300
333.688300
335.895500
335.905400
336.072700
336.089200
336.414800
336.426700
336.446200
336.457300
338.199700
338.228700
338.407400
339.771200
341.731500
341.747300
342.833800
342.864100
346.243100
346.574900
347.494200
347.517500
348.195800
348.213400
348.560200
348.574100
348.611300
350.237600
353.210300
353.239600
353.252400
353.379400
353.390700
353.873100
353.885800
355.525800
357.756900
358.407200
359.832600
364.338400
365.008700
365.018500
366.561800
366.580800
367.383600
367.400700
369.109900
369.250500
369.264600
369.873400
369.888400
370.364500
372.925600
373.000800
373.011200
373.127800
373.150700
373.582700
373.601400
373.646900
378.984900
379.559100
379.609800
379.619000
380.675500
381.669100
381.701300
381.710700
381.720100
383.661000
383.670300
383.676900
383.689300
383.836900
383.853300
383.863400
385.574900
386.099800
386.110900
386.671900
390.601200
390.611700
390.622400
390.665100
392.288000
392.298400
392.492700
392.767800
393.105800
395.654300
396.401600
396.436200
400.082300
401.464600
402.611800
405.577400
406.004600
406.017100
406.459800
407.172300
412.787400
412.817400
413.571600
414.875400
415.275300
417.265600
417.738700
418.007000
419.101400
419.117300
419.322000
421.180100
421.263500
423.051400
423.065000
424.179300
424.239300
424.996000
427.120100
428.260700
428.270400
428.305100
428.776100
429.481900
429.930500
430.248500
430.781900
432.267700
432.292500
434.239000
434.868300
434.896200
436.948400
437.911100
440.573700
443.213800
444.701500
444.739000
444.772700
444.788400
447.384400
447.396900
447.405400
447.414000
447.507000
448.956800
450.112700
450.498300
451.051900
453.089100
453.095900
453.128300
455.117700
456.792600
457.548000
460.971100
460.989100
461.186500
461.862000
463.124400
463.156500
465.146000
465.171300
465.808100
465.815500
467.071200
467.092700
467.211200
467.596000
467.867900
468.745700
468.801800
471.010600
471.023000
471.111600
472.679100
472.694600
473.043500
473.461300
474.259900
478.323300
478.957500
480.498400
480.506000
480.511600
480.519800
480.535200
481.038100
481.046800
485.537300
485.754600
485.766100
486.787100
491.845100
491.876200
492.357100
495.165500
497.340500
498.306600
499.145900
500.037600
501.343400
505.757400
505.839600
505.846000
505.860200
505.928100
506.210900
507.461300
507.472200
507.480100
507.494400
507.801500
508.303100
508.576100
509.398300
510.461100
510.470900
512.298300
512.307200
512.314500
512.320400
512.325800
512.330600
512.334900
512.339600
512.344000
512.349300
512.355800
512.362600
512.368900
512.374900
512.381600
512.393200
512.403100
512.411800
512.418400
512.426900
512.433600
512.444400
512.464900
512.476200
512.483700
512.502900
512.517600
512.536700
512.547400
512.563800
512.575900
512.593300
512.631100
512.661300
512.669700
512.685700
512.693600
512.724700
512.787700
512.794300
512.804800
512.827900
512.834300
512.848200
512.880900
512.921900
512.949600
513.003600
513.030700
513.038300
513.044900
513.052600
513.081800
513.150800
513.173000
513.182800
513.206200
513.247000
513.265700
513.274300
513.292400
513.324800
513.334300
513.345900
513.370600
513.429100
513.476600
513.511800
513.542400
513.553000
513.592500
513.603400
513.638900
513.649100
513.668500
513.732600
513.742900
513.863100
513.901700
513.933600
513.941400
513.954900
513.973900
514.027700
514.046400
514.080100
514.101300
514.133900
514.151900
514.228100
514.254600
514.265200
514.291000
514.812900
515.471900
515.668900
515.845100
515.922900
515.931800
515.940600
515.949800
516.198400
516.611600
516.724300
516.768900
517.498500
517.525000
517.577900
517.594100
517.983800
518.228500
518.506200
518.599200
519.300600
519.767400
519.788100
519.967400
519.988700
520.009600
520.341700
520.355300
520.454800
520.470700
520.779300
521.104400
521.370900
521.392000
521.871600
522.163700
522.183400
522.195000
522.267700
522.573700
522.585500
522.785400
523.073700
523.099800
523.344500
523.517400
523.526600
523.568500
524.023100
524.036900
524.512900
525.146100
525.158200
525.361800
525.526300
525.617700
526.115800
526.218700
526.252400
526.330300
526.793800
527.036600
527.232400
527.243700
527.255900
527.467400
527.697200
527.999400
528.413900
528.428400
528.438000
528.932300
529.185600
529.191800
529.198900
529.210800
529.682200
529.697300
529.708400
530.078300
530.344100
530.356900
530.405000
530.413100
530.465400
531.761200
531.907200
531.962100
532.050300
532.158600
532.844900
532.863800
533.140100
533.160300
533.175700
533.746600
534.189600
534.239200
534.265300
534.637800
534.733400
534.820100
534.842900
535.196800
535.210200
535.957000
536.200100
536.586000
536.789500
536.867300
536.894600
536.912200
537.171700
537.179400
537.220700
537.621700
537.935800
537.950400
538.148100
538.169400
538.491400
538.504400
538.570300
539.234100
539.247600
539.449600
539.777100
539.785100
539.944100
540.289800
540.833400
541.112100
542.120800
542.345600
542.812500
542.832300
542.860200
542.869600
542.882600
543.204100
543.604100
543.622500
543.751200
543.766800
543.785800
543.893600
544.090900
544.304900
544.408700
544.821500
544.831700
545.503800
545.843100
545.866300
545.882500
545.894600
545.907300
545.955100
546.735500
546.749700
548.094200
548.318600
548.602600
549.575800
549.587500
550.243600
551.183500
551.588500
551.740900
551.756600
552.203400
553.167400
553.946900
553.963700
553.985900
554.375300
554.719900
554.942800
555.323100
555.347200
555.798600
556.390200
556.405700
556.491700
556.563900
556.586000
556.594300
557.616200
557.631200
557.652700
558.060500
558.072600
558.083800
558.803600
559.221800
559.236700
559.256300
559.268000
559.279700
559.368400
559.379300
559.622400
559.773700
560.822600
561.060900
561.487700
561.521100
561.672100
561.679200
561.690000
561.729500
561.772300
561.788000
562.415400
562.425900
563.115300
563.403100
563.419300
563.798300
564.471400
564.478000
564.505000
564.811800
564.972700
565.115200
566.710200
566.732900
566.761100
567.088400
567.581600
567.606500
567.622800
567.832300
567.845700
570.139000
570.461000
570.474200
571.398900
571.411000
572.667100
572.678400
573.007900
574.235300
574.246300
574.276300
574.381200
576.005700
577.023500
577.627100
578.433700
578.618800
578.627200
578.838700
579.615500
579.736500
579.751500
580.626300
581.349200
581.848400
581.869300
581.888200
582.320300
583.017600
583.047100
583.984600
584.455500
585.059900
585.174600
585.185200
585.858200
586.284300
586.294600
586.302400
586.313500
586.732100
587.452000
587.636900
587.670600
588.779500
588.794100
588.805100
589.620400
589.943500
589.986000
590.554300
590.571100
590.615700
590.962500
591.105300
591.836400
592.241800
592.492700
592.505700
592.521300
593.788300
598.164700
598.178600
598.189400
600.406600
600.423300
600.438000
600.753000
601.371300
601.388800
602.237200
602.851500
602.878800
603.129200
603.166300
603.636000
603.886700
604.708400
604.741900
605.169000
605.756700
605.866600
605.876300
607.576600
607.609000
607.995400
608.019900
608.029600
609.206900
609.220200
610.209500
611.322900
611.341100
611.961400
612.133900
612.147500
612.165100
612.174300
612.190300
612.342400
612.763700
613.927300
613.985900
613.994900
614.007500
614.022800
614.403800
614.761300
615.183800
615.499000
615.616600
615.626400
615.857600
615.873800
615.889000
616.629100
616.644800
616.690000
617.763700
617.865400
618.633400
620.510200
620.540000
623.741700
624.466700
625.101300
625.971900
625.990700
626.017900
627.375100
627.393700
627.411200
627.426000
627.442100
628.268700
628.898000
628.933500
628.946400
629.947900
630.388700
630.660600
630.674200
630.805300
630.818500
631.442000
631.580300
631.601400
632.070100
632.498200
632.507500
632.536100
632.544500
632.575700
632.721000
632.752300
633.027200
634.290500
634.297600
634.302500
634.306900
634.311200
634.314900
634.319000
634.323100
634.327300
634.331700
634.337500
634.342500
634.348400
634.353600
634.358800
634.365100
634.371000
634.378800
634.388100
634.395300
634.404100
634.412200
634.420700
634.433200
634.446200
634.455100
634.467400
634.478500
634.502000
634.547300
634.565100
634.898900
635.109100
635.450200
635.457600
635.703100
635.714100
635.724900
636.155500
636.165400
636.186200
636.197600
636.204800
636.713600
636.724800
637.025000
637.132400
637.145400
637.163700
638.633300
638.643300
638.753900
639.063000
639.286200
640.238700
640.258000
640.542500
640.555200
641.071100
641.125300
641.146000
641.155200
641.699900
641.713100
641.726800
642.142000
642.388500
642.395600
642.827700
643.204500
643.402800
643.922600
643.932600
643.948100
645.312100
645.320800
645.329000
645.339100
646.056100
646.068900
646.289000
647.247700
647.736000
648.136100
648.614300
650.141500
650.159400
650.206000
651.775500
651.783700
652.404900
652.421100
652.437000
653.427200
653.444500
653.452500
653.463100
653.484200
653.495900
653.516700
653.719800
653.801900
654.212300
654.806500
654.833500
654.843000
654.857100
655.681300
656.094400
656.355000
656.868100
656.879300
656.887000
656.924100
657.595200
657.619200
658.264200
658.281600
658.923600
658.933400
658.976100
659.705200
662.549800
662.566400
662.867300
662.893800
662.905200
663.625800
663.933600
663.946400
664.566900
664.772600
665.320800
665.660400
665.676400
665.840200
666.432400
666.442400
666.467400
666.487600
667.303900
667.575100
668.228600
668.241400
668.251100
668.259500
668.285100
668.536300
668.748200
668.757400
668.773600
669.793000
669.841300
670.192200
670.221200
670.278000
670.687800
670.721400
670.732100
671.683400
671.761600
671.815200
672.027300
672.042200
672.052300
672.880500
673.716200
674.095000
674.109700
674.437200
675.649800
676.681800
676.690800
677.055500
677.068700
677.330100
677.764700
678.157600
678.611300
679.331200
680.026700
680.061700
681.392500
681.500500
681.514800
681.535600
681.546700
681.556400
681.574600
681.750500
684.322800
684.801800
684.815000
684.890300
685.090100
685.445700
685.647600
686.886800
686.915600
687.992500
688.007300
688.281400
688.296700
688.318000
688.607000
689.280700
690.361500
690.782600
692.779000
692.786400
692.961400
692.969100
692.979500
694.054900
694.087000
694.098200
696.261300
696.320200
696.388500
697.084500
697.096500
697.105100
697.121500
697.133200
697.337500
697.542900
697.558800
698.708000
698.728200
698.901700
698.915900
699.663900
699.684400
699.697900
700.016700
700.342200
700.920000
702.235800
702.251000
703.662600
703.682800
703.701500
703.850600
703.869200
705.163100
705.174900
707.991200
708.003800
708.017000
708.435800
708.442200
708.799400
709.497700
709.819800
711.778300
712.235200
712.247200
712.690900
712.841300
713.339500
713.376200
713.416600
713.434800
715.194700
715.237300
715.551800
716.064500
716.105800
716.567300
717.613300
717.625100
718.039200
718.270900
718.447100
718.460200
718.667400
718.847200
719.099700
719.672500
719.689000
720.568600
720.583600
721.591900
722.225000
722.964500
723.328200
724.140900
724.163400
724.546800
726.578700
726.761500
726.771400
726.778500
727.505100
727.520200
727.533100
727.544200
727.553700
727.571600
728.660100
728.672600
729.064800
729.877700
731.368800
731.379900
731.786500
732.828000
732.999200
733.195500
733.207500
734.141900
734.828900
734.854800
735.615300
736.321900
736.348100
736.622500
736.636500
736.681000
736.831800
737.573600
739.550400
740.409900
740.425500
740.811400
741.219700
741.701000
742.381400
744.934100
744.943800
744.953900
745.264200
745.694600
745.709000
745.979800
747.852400
747.868900
748.962100
749.297900
750.308100
750.318700
750.357800
750.387900
750.540600
750.844200
751.368200
752.429600
754.170200
754.180300
754.491500
754.495200
754.498900
754.502300
754.505700
754.509100
754.512900
754.516600
754.520400
754.524700
754.529100
754.533600
754.539500
754.545500
754.552800
754.568900
754.768300
755.501500
755.534100
755.934900
755.964200
756.264600
756.615600
756.876800
756.885200
757.123100
757.210500
757.712900
758.732600
759.325100
759.340300
759.839400
759.847300
759.881200
760.847800
760.934800
762.093200
762.448100
762.474500
762.488500
763.022900
764.544500
764.561600
765.243400
766.474900
766.486600
766.499200
766.517300
766.531500
767.171600
767.187600
767.729800
768.094800
768.106200
768.597200
768.837900
769.102100
769.116000
769.260200
770.116600
770.445900
770.569200
770.842600
770.864600
770.983100
770.992300
771.017900
772.800600
773.202100
773.215700
774.484600
774.504400
775.008500
776.597500
777.742100
777.752500
777.786700
777.893200
779.057000
781.177000
781.192600
781.553500
781.574600
782.207700
782.216900
783.117000
783.151700
783.166400
784.120100
784.443700
784.489700
786.838000
786.846800
786.864000
786.876200
787.524200
787.531900
787.538800
787.817700
787.853700
788.579800
789.722700
789.738300
790.775800
793.634400
793.652200
794.531900
794.547700
795.946400
795.988200
796.057500
796.066600
796.079600
796.419600
796.967900
796.978400
797.003000
797.014800
797.105700
797.457600
797.471100
797.480500
800.354000
800.799100
801.491900
801.976200
801.996100
802.560200
802.663200
803.670900
803.711800
804.618200
804.626000
804.637100
805.531600
805.841500
806.994500
808.099100
808.483400
808.860100
808.874000
809.615400
809.797800
809.809600
809.828400
809.926400
809.962000
810.537900
810.559900
810.568600
810.853400
811.019300
811.813700
812.183300
812.921800
813.154000
814.760100
816.145700
816.744600
816.760300
817.054200
817.065600
817.083000
817.242100
817.496600
817.523600
817.541100
817.562100
819.032500
819.052800
819.065200
819.091900
819.495000
820.468900
820.751100
820.788600
821.882700
822.532900
823.814000
823.843300
824.417900
824.431200
825.992000
826.051100
826.071400
826.731900
826.746100
826.760500
827.208100
827.230800
827.706700
828.325700
829.158400
829.174800
829.241500
830.191400
830.487900
831.434700
831.444000
831.452000
831.463800
831.581400
831.589100
832.753900
832.768300
833.932200
833.946300
833.954600
834.418700
834.438800
834.957300
834.969100
834.989000
835.011100
835.054400
835.343800
836.130900
836.996600
837.065800
837.409600
837.436300
837.447800
838.875900
838.884600
838.895100
838.920000
839.102500
839.109200
839.506800
842.529200
842.681000
842.721600
842.735300
842.784300
844.281600
844.294200
844.317600
845.024300
845.032900
845.045600
845.058900
845.755000
845.770700
846.001700
846.416100
847.024300
848.605800
848.724200
848.995900
849.290500
849.299300
849.701000
850.435200
850.825200
851.800600
851.812200
851.822300
852.137300
852.436900
852.453800
852.470900
852.487400
852.505300
853.020500
853.600500
855.036300
855.045700
855.138300
855.159000
855.320600
856.477900
856.500400
857.115200
857.135800
857.321400
857.867900
858.145500
858.219700
858.433800
859.613100
859.630600
859.642300
860.625700
860.635100
860.647500
861.087100
861.182400
861.309900
861.322600
861.894700
861.916900
861.934800
864.007400
864.018300
864.042500
864.589800
864.861500
865.648700
866.705100
866.716600
866.741400
866.908600
866.931900
867.927500
867.997800
868.918600
868.936900
869.508300
869.600300
869.609500
869.623100
869.635700
869.659000
870.396800
870.555400
873.135800
873.147100
873.182800
873.195900
874.516200
874.520100
874.524000
874.527300
874.530700
874.533800
874.536900
874.540200
874.543600
874.547200
874.550700
874.554400
874.558000
874.562300
874.566400
874.570500
874.574900
874.579200
874.583800
874.589100
874.593700
874.599100
874.603400
874.608200
874.613300
874.619000
874.624000
874.629500
874.635200
874.642000
874.647100
874.652900
874.659000
874.665200
874.671000
874.677600
874.683600
874.690100
874.696900
874.703800
874.710900
874.719800
874.729100
874.737900
874.746200
874.756300
874.763400
874.771900
874.780700
874.791400
874.798900
874.808000
874.818000
874.827600
874.844000
874.856600
874.866000
874.873500
874.882000
874.894800
874.906300
874.917600
874.925800
874.934800
874.949800
874.956100
874.965700
874.974600
874.982700
874.997600
875.007500
875.018500
875.027900
875.044900
875.059000
875.069800
875.077000
875.087500
875.099300
875.114100
875.124600
875.134400
875.149600
875.159200
875.172800
875.184400
875.196500
875.206100
875.225300
875.241100
875.257000
875.266700
875.292400
875.315900
875.324500
875.335300
875.347700
875.355400
875.369500
875.382400
875.396700
875.419500
875.447100
875.477000
875.502000
875.518900
875.535100
875.545000
875.572700
875.580500
875.601800
875.614400
875.625400
875.635200
875.648400
875.680000
875.709300
875.725300
875.736300
875.753900
875.767400
875.783300
875.796000
875.820000
875.847300
875.868900
875.887600
875.905900
875.930300
875.958100
875.981000
876.008200
876.026400
876.059300
876.094200
876.105800
876.132300
876.184300
876.198100
876.218500
876.230900
876.278000
876.298100
876.325400
876.333800
876.380000
876.393600
876.416600
876.424400
877.049200
877.057100
877.110600
877.119900
877.212500
877.225700
877.235400
877.410300
877.420700
877.572100
877.655800
877.699600
877.822900
878.149800
878.159000
878.167200
878.181400
878.189600
878.197100
878.511900
878.517500
878.524800
878.670000
878.677700
878.689300
878.698600
878.893300
878.917200
879.107700
879.228500
879.234200
879.361100
879.378000
879.451800
879.499200
879.639200
879.785500
879.794000
879.910300
879.934800
879.961900
880.131200
880.137400
880.320700
880.483100
880.491500
880.664100
880.702500
880.717500
880.847900
880.860200
880.880500
880.984300
880.997200
881.011500
881.226400
881.356400
881.362800
881.370800
881.378700
881.384700
881.400900
881.410600
881.434600
881.447500
881.455500
881.625300
881.954300
881.963600
881.971300
881.981300
881.987400
882.067200
882.078500
882.088900
882.112700
882.152500
882.166900
882.180800
882.356900
882.372200
882.602700
882.612400
882.619100
882.718000
882.750700
882.903800
882.912000
882.917300
882.924100
882.945900
882.953600
882.967500
882.974600
883.130400
883.173000
883.186000
883.287200
883.292500
883.299500
883.308700
883.320800
883.376200
883.526700
883.610000
883.621200
883.632400
883.645100
883.886500
883.898900
883.922900
883.932300
883.942000
883.949900
884.076200
884.115300
884.355000
884.367300
884.386400
884.401700
884.415300
884.440100
884.451700
884.568300
884.594100
884.605500
884.928600
885.177600
885.286900
885.295600
885.303700
885.311400
885.320500
885.530300
885.696000
885.820600
885.829000
885.841200
885.922900
886.093200
886.113700
886.120100
886.140400
886.485300
886.494700
886.532700
886.797700
886.805600
886.813800
886.976400
886.989100
887.106900
887.175100
887.181900
887.258300
887.476000
887.617400
887.646600
887.653400
887.663600
887.839300
887.849600
887.863600
887.982700
888.003300
888.010600
888.225500
888.268500
888.276500
888.381900
888.389300
888.563500
888.574300
888.582900
888.592300
888.602800
888.625300
888.723900
888.732100
888.827600
888.835000
888.846100
889.044000
889.049200
889.055000
889.112600
889.550900
889.729700
889.737500
889.849500
889.904400
890.179500
890.190700
890.384200
890.431300
890.629900
890.683800
890.691600
890.701100
890.709800
890.853000
890.923800
890.950900
890.968600
891.098500
891.164500
891.278100
891.376600
891.383400
891.413300
891.460400
891.468400
891.632200
891.661300
891.905400
891.917700
891.929500
891.969100
891.986400
892.153100
892.254100
892.260600
892.267400
892.274900
892.429000
892.435600
892.443400
892.668100
892.943900
892.985300
892.991800
893.000500
893.199200
893.217000
893.274900
893.283700
893.295200
893.414600
893.432100
893.444400
893.452300
893.465500
893.475500
893.737000
893.754600
894.066600
894.102100
894.120200
894.158100
894.198400
894.208600
894.440500
894.452300
895.115300
895.155500
895.161700
895.254000
895.262900
895.288500
895.348900
895.709400
895.727700
895.747300
895.809200
895.963600
895.972400
896.234600
896.391900
896.400800
896.407200
896.422200
896.432500
896.446700
896.452900
896.668100
896.812300
897.026100
897.157700
897.164800
897.174200
897.287900
897.318200
897.374000
897.384700
897.401500
897.407900
897.622700
897.716500
897.751300
897.841400
897.853700
897.869600
897.889400
898.116300
898.197900
898.312900
898.537700
898.642600
898.653500
898.669400
898.683300
898.730600
898.745900
898.864900
898.875800
898.885600
898.895200
898.921700
899.242600
899.256100
899.318100
899.326700
899.353800
899.371100
899.512600
899.525500
899.532300
899.539800
899.546200
899.564100
899.647600
899.684700
900.144500
900.150300
900.162100
900.247700
900.302600
900.313100
900.424400
900.435500
900.626300
900.838100
900.857400
900.868900
901.220400
901.228800
901.263900
901.278200
901.309200
901.314900
901.320300
901.331100
901.428100
901.437800
901.444600
901.454900
901.932000
901.942400
901.961500
902.013900
902.034400
902.044700
902.053000
902.062700
902.153500
902.185000
902.362500
902.565500
902.595000
902.604200
902.679100
902.936200
902.945200
903.107600
903.210600
903.246400
903.420400
903.588500
903.743300
903.985800
904.000500
904.127300
904.327200
904.336500
904.357700
904.380400
904.531600
904.683400
905.041700
905.055300
905.068100
905.078100
905.091000
905.576900
905.591100
905.602000
905.609700
905.644400
905.661400
905.674200
905.951300
906.057300
906.081400
906.157100
906.335000
906.344700
906.354900
906.611700
906.677700
906.845500
906.855800
906.899500
906.906200
906.914500
906.923600
907.013700
907.058900
907.200400
907.616600
907.631200
907.681200
907.696300
907.705800
907.731200
907.747800
907.757600
907.810500
907.819300
907.887600
908.004100
908.011700
908.019200
908.369100
908.398700
908.420500
908.446600
908.472200
908.486100
908.568200
908.881400
908.898300
908.909500
908.939400
909.030200
909.037900
909.052400
909.301500
909.404700
909.431600
909.618300
909.624400
909.632500
909.646900
909.801700
909.811700
909.852500
910.283800
910.302400
910.413500
910.479300
910.513800
910.524500
910.601300
910.862800
911.045300
911.050700
911.061600
911.069500
911.083500
911.315000
911.324100
911.344700
911.352100
911.362200
911.384500
911.575400
911.640700
911.674700
911.812900
912.518700
912.638100
912.773100
912.780800
912.808900
912.816200
912.870500
912.970100
913.003500
913.014200
913.021800
913.341600
913.350600
913.359400
913.378400
913.400000
913.410600
913.583000
913.635600
913.650400
913.808500
913.819500
914.045900
914.239900
914.512900
914.518600
914.527200
914.652500
914.693000
914.706400
914.805400
914.887500
914.896500
914.911700
914.922200
915.473300
915.482400
915.523100
915.573600
915.747100
915.831900
915.840100
915.852800
916.087900
916.272400
916.282400
916.297600
916.407400
916.601800
916.845400
916.852400
917.056100
917.154700
917.175100
917.185400
917.198600
917.214300
917.339600
917.397900
917.561200
917.568100
917.606900
917.624300
917.674500
917.681900
917.688700
917.694800
917.714600
918.195800
918.218000
918.345800
918.355400
918.374900
918.533600
918.749000
918.887300
919.043800
919.055800
919.113900
919.129700
919.308400
919.319800
919.902200
919.910700
919.922100
920.050700
920.066400
920.160700
920.311100
920.393400
920.410800
920.428300
920.595800
920.678600
920.868100
920.880000
920.887900
920.895000
921.099400
921.288600
921.388100
921.622400
921.700700
922.113200
922.131100
923.019400
923.037900
923.050300
923.072900
923.107200
923.282000
923.398800
923.406600
923.520200
923.690400
923.870400
923.881100
924.042000
924.134700
924.183700
924.569800
924.578300
924.685400
924.696700
924.727900
924.736600
924.951800
925.016200
925.021800
925.032500
925.040800
925.163000
925.247400
925.637100
925.645700
925.657700
925.796300
925.806300
925.815800
925.827300
925.840200
925.896100
925.916300
925.940500
925.951200
926.172700
926.363600
926.445400
926.612300
926.639200
926.647800
926.664100
926.965700
927.090100
927.151800
927.442400
927.606400
927.754300
927.762100
927.768300
927.784800
927.796300
927.803000
928.062500
928.076600
928.220300
928.227100
928.466400
928.478400
928.502600
928.614100
928.627200
928.876100
929.129900
929.141600
929.210300
929.399100
929.473800
929.771400
929.782400
929.788300
929.795100
930.171100
930.177000
930.187100
930.196200
930.203100
930.363900
930.372000
930.556400
930.733200
930.957000
931.069700
931.254300
931.260300
931.270000
931.288500
931.306100
931.867900
932.036100
932.147400
932.178300
932.213200
932.226800
932.406500
932.435400
932.454900
932.775700
932.786100
932.795600
932.821400
932.829200
933.272700
933.280200
933.362400
933.370100
933.376900
933.662100
933.674200
933.912400
933.936000
934.138200
934.172300
934.179600
934.389000
934.408500
934.416900
934.445300
934.451300
934.460400
934.526200
934.536900
935.225400
935.235000
935.249000
935.263400
935.306000
935.342400
935.351500
935.592200
935.915700
936.372900
936.379700
936.384500
936.391500
936.615100
936.886300
936.917500
937.231000
937.550800
937.963900
937.974000
938.308800
938.322300
938.336200
938.343400
938.361600
938.455600
938.781600
939.057500
939.073700
939.184700
939.198000
939.215600
939.433900
939.816200
939.864200
939.980500
940.016500
940.188100
940.425500
940.523800
940.540600
940.714500
940.897500
940.919600
940.935400
940.947000
941.209600
941.224400
941.241600
941.448400
941.462000
941.753000
941.955900
941.976900
942.118800
942.136200
942.148400
942.178200
942.373500
942.533200
942.545000
942.595500
942.939900
942.949100
943.188000
943.272500
943.306700
943.320900
943.683900
943.747500
943.757600
943.797000
943.813600
943.843600
944.029000
944.043300
944.114300
944.141900
944.149300
944.158700
944.171700
944.178700
944.185600
944.577200
944.613600
944.698200
944.705100
944.717900
944.883500
944.996300
945.589800
945.905200
945.919000
946.110900
946.139900
946.154600
946.870500
946.879000
946.886000
946.899600
947.008100
947.017200
947.071100
947.084600
947.091000
947.111700
947.288400
947.468400
948.154000
948.162400
948.171500
948.201400
948.217000
948.302400
948.311200
948.430300
948.438900
948.672700
948.682400
948.699000
948.844800
948.854900
949.444500
949.618000
949.799700
949.823700
949.830800
949.851800
949.864600
949.877600
949.891800
949.961700
950.093400
950.552300
950.562500
950.872100
950.881000
950.898700
950.923100
950.929500
950.943800
950.951900
951.169100
951.278300
951.501900
951.516400
951.530300
951.537400
951.545600
951.576300
951.808900
951.875300
951.918500
952.482000
952.488900
952.496300
952.507100
952.543500
952.886500
952.893400
952.908200
952.916500
952.928000
952.937800
952.945100
952.959700
952.969300
953.125400
953.133400
953.386900
953.394400
953.671000
954.004200
954.013600
954.137900
954.311100
954.325000
954.335500
954.343400
954.355700
954.371200
954.405900
954.415800
954.424100
954.434500
954.825200
954.837000
954.848900
954.855400
954.866800
955.269100
955.283100
955.605700
955.639600
955.647400
955.783400
956.094700
956.165800
956.290400
956.376300
956.438300
956.613100
956.621600
956.669300
956.676700
956.909100
957.091900
957.475900
957.494700
957.504400
957.511500
957.520100
957.932700
957.982900
957.992300
958.002900
958.025700
958.043100
958.524900
958.723600
958.737100
959.075400
959.082200
959.092900
959.209300
959.218300
959.226100
959.261200
959.444500
959.454900
959.814700
959.826800
959.896800
959.944500
960.257400
960.517100
960.536900
960.588900
960.603100
960.612000
960.626400
960.643500
960.800700
960.827000
961.247100
961.254700
961.268600
961.301100
961.442800
961.449400
961.459600
961.567800
961.863200
961.942000
962.015600
962.286000
962.292600
962.302100
962.441200
962.474100
962.709900
962.732000
962.778500
962.786400
962.933400
962.944900
963.317700
963.631100
963.685600
964.266500
964.278100
964.311600
964.477000
964.760900
964.777500
965.241500
965.308200
965.694400
966.093100
966.102000
966.262100
966.270200
966.282100
966.296700
966.309600
966.442900
966.634600
966.643000
966.652800
966.663000
967.173500
967.357300
967.650200
967.686500
967.711300
967.962500
967.980100
967.987200
967.993600
968.018400
968.028200
968.039100
968.190000
968.203800
968.218300
968.393000
968.577200
968.622900
968.631100
968.974000
968.985400
969.620300
969.634300
969.766100
970.020800
970.367400
970.384200
970.394000
970.408000
970.415800
970.425600
970.436900
970.852800
970.921100
970.929100
970.940600
970.949100
970.970000
971.075300
971.095700
971.491000
971.515000
971.668500
972.401400
972.409700
972.427300
972.444800
972.944000
973.007600
973.024500
973.317100
973.350900
973.756700
973.775200
973.809100
973.817400
974.136000
974.144300
974.156200
974.227900
974.238900
974.264500
974.541900
974.632600
975.011900
975.019300
975.027100
975.259800
975.331400
975.339800
975.573800
975.585100
975.594500
975.602300
975.610300
976.136300
976.207800
976.426100
976.445800
976.463600
976.473700
976.699200
977.102400
977.746300
978.595300
978.916300
978.970000
979.111400
979.124500
979.174500
979.183300
979.302600
979.310000
979.316500
979.324700
979.361000
979.369900
979.716600
979.875200
980.834000
980.851000
980.867400
981.418800
981.462200
981.834400
981.970100
982.091200
982.103100
982.113300
982.585600
982.650600
982.664000
982.802300
982.854500
983.035900
983.043300
983.359200
983.429100
983.470800
983.869800
983.880800
983.888600
983.895700
983.901800
983.911200
983.986200
983.998500
984.029800
984.491400
984.732900
984.986800
985.181600
985.572200
985.583700
985.724300
986.116100
986.155000
986.186200
986.210300
986.410700
986.420900
986.534700
986.541600
986.678200
986.894100
986.902300
987.341100
987.578800
987.590400
987.788300
987.795500
987.804400
987.819500
988.150400
988.164100
988.744400
988.980000
989.002000
989.103800
989.549900
989.670000
989.682100
990.407600
990.416700
990.429700
990.440200
990.523200
990.586700
990.607300
990.619300
990.636700
990.801300
990.811400
990.831900
990.839800
990.866300
991.151300
991.161000
991.168200
992.890700
992.901500
992.908500
992.918500
992.932700
993.091400
993.101400
993.111000
993.584200
993.598000
993.609600
993.808800
993.927700
993.950300
993.957300
993.971100
994.057000
994.075500
994.496900
994.738200
994.775400
994.781100
995.140600
995.267800
995.545100
995.558900
995.889400
995.897500
995.973700
996.515000
996.518800
996.522300
996.525600
996.528700
996.531900
996.535100
996.538300
996.541700
996.545100
996.548700
996.552000
996.555500
996.559200
996.562600
996.566500
996.570400
996.574100
996.578200
996.582100
996.585900
996.589800
996.593900
996.598700
996.603200
996.607300
996.611700
996.617000
996.622300
996.627500
996.633500
996.638700
996.644600
996.649900
996.655700
996.661400
996.667000
996.672900
996.678900
996.686700
996.693000
996.699500
996.706500
996.713700
996.721900
996.730300
996.739700
996.749300
996.757100
996.769400
996.791700
996.819500
996.933800
997.074900
997.081800
997.147500
997.160400
997.264800
997.285500
997.417100
997.424600
997.433000
997.747600
997.809100
997.814300
997.823600
997.833200
997.841300
997.849200
998.115100
998.136600
998.144400
998.287300
998.313800
998.324700
998.337200
998.482200
998.837100
998.999800
999.006900
999.013200
999.025700
999.039300
999.052400
999.539800
999.548000
999.987600
999.997000
1000.012500
1000.288500
1000.306300
1000.518700
1000.529300
1000.539700
1001.081500
1001.094500
1001.102200
1001.174800
1001.354100
1001.364400
1001.466500
1001.558000
1001.570300
1001.576400
1001.582600
1001.646700
1002.085900
1002.102300
1002.110200
1002.182800
1002.380500
1002.389800
1003.279300
1003.287600
1003.295700
1003.458500
1003.851400
1003.958500
1004.124100
1004.129900
1004.139300
1004.156500
1004.253700
1004.268000
1004.332300
1004.409700
1004.420000
1004.429300
1004.510900
1004.668100
1005.105500
1005.139100
1005.144300
1005.152200
1005.159000
1005.180900
1005.204500
1005.210800
1005.321600
1005.331300
1005.340600
1005.408300
1005.419100
1005.426800
1005.561800
1005.672800
1006.271000
1006.284700
1006.310300
1006.324700
1006.458200
1006.469700
1006.901800
1006.917500
1006.937300
1007.276400
1007.284400
1007.421800
1007.505800
1007.522700
1007.897700
1007.996800
1008.017900
1008.051000
1008.825400
1008.853400
1008.879500
1008.888300
1009.128600
1009.139900
1009.207800
1009.337000
1009.727500
1009.740900
1009.764500
1009.895200
1010.459400
1010.476000
1010.893400
1011.242000
1011.270400
1011.457600
1011.881600
1011.910200
1011.919600
1011.996900
1012.195300
1012.254300
1012.521900
1012.534200
1012.697500
1012.704800
1012.719900
1012.730700
1012.745700
1012.774400
1012.781000
1012.789900
1012.797400
1012.974200
1012.984700
1013.365900
1013.512200
1013.526200
1013.532600
1013.538900
1013.937900
1013.953400
1013.973200
1014.313300
1014.716400
1014.724100
1015.189200
1015.278600
1015.597900
1015.920900
1016.136600
1016.152400
1016.469000
1016.932000
1016.987700
1016.995200
1017.187900
1017.520000
1017.540500
1017.548100
1017.630300
1017.654200
1017.724400
1017.736700
1017.750500
1018.065500
1018.078200
1018.246000
1018.519200
1018.536100
1018.683600
1018.690300
1018.699600
1019.116000
1019.131000
1019.146600
1019.157700
1019.228700
1019.250000
1019.296900
1019.313100
1019.634000
1019.669700
1019.676900
1019.688200
1020.220100
1020.235400
1020.246100
1020.368000
1020.375300
1020.658900
1020.676500
1020.689500
1020.761800
1020.919100
1020.939800
1021.214100
1021.225800
1021.264500
1021.374400
1021.380500
1021.388200
1021.398200
1021.509600
1021.931400
1022.223800
1022.233800
1022.239700
1022.248000
1022.365100
1022.373700
1022.383000
1022.578300
1022.910700
1022.972000
1023.137500
1023.150700
1023.262400
1023.277800
1023.577700
1023.602000
1023.622500
1023.901100
1024.245800
1024.466900
1024.702800
1024.717600
1024.909500
1025.363200
1025.679700
1025.699800
1026.015700
1026.078500
1026.087700
1026.120700
1026.363900
1026.375700
1026.394500
1026.407700
1026.628700
1026.974700
1026.984600
1026.993500
1027.096400
1027.105800
1027.113500
1027.136800
1027.145500
1027.182000
1027.193300
1027.746800
1028.023400
1028.220200
1028.227000
1028.235000
1028.300400
1028.737000
1029.097700
1029.112300
1029.704700
1029.714700
1029.933400
1029.943900
1029.958500
1029.967600
1030.387700
1030.437300
1030.579400
1030.592500
1031.117800
1031.137400
1031.170900
1031.429900
1031.443000
1031.778600
1031.789400
1031.861000
1032.105200
1032.388800
1032.402700
1032.823100
1032.913200
1033.076600
1033.628900
1033.805900
1033.860400
1033.886900
1034.149900
1034.221800
1034.261600
1034.273100
1034.311000
1034.320500
1034.338300
1034.829300
1034.910400
1035.080200
1035.089300
1035.242500
1035.251700
1035.279000
1035.288600
1035.307800
1035.333000
1035.342600
1035.376400
1035.779400
1035.804300
1036.107300
1036.126000
1036.262300
1036.279300
1036.289900
1036.435600
1036.448100
1036.459900
1037.182800
1037.395300
1037.406300
1037.442900
1037.950400
1037.970700
1037.980300
1037.988800
1038.795500
1038.803600
1038.811200
1038.835900
1038.844600
1039.122200
1039.319600
1039.327200
1039.749500
1039.760200
1039.767600
1039.836500
1039.865100
1039.882600
1040.422500
1041.005000
1041.014000
1041.021400
1041.029500
1041.146100
1041.493700
1041.504900
1041.735200
1041.748700
1041.984800
1041.993000
1042.015300
1042.340500
1042.465500
1042.499300
1042.510700
1042.855900
1042.864000
1042.878400
1043.002600
1043.011600
1043.358200
1043.368700
1043.384700
1043.395300
1043.585500
1043.598900
1043.614500
1043.639200
1043.799100
1044.010600
1044.032400
1044.065800
1044.111300
1044.435500
1045.023800
1045.047700
1045.071800
1045.079900
1045.293200
1045.323300
1045.491000
1045.496800
1045.505700
1045.524600
1045.532100
1045.541300
1045.548200
1045.558600
1045.810400
1045.818400
1045.828700
1046.564300
1046.573100
1046.586000
1046.976600
1047.441200
1047.451900
1047.458700
1047.639500
1047.650900
1047.657500
1047.674300
1047.718500
1048.671600
1048.919200
1048.931500
1048.965800
1049.093100
1049.171800
1049.881700
1050.528100
1050.579600
1050.722000
1050.752000
1050.927200
1050.936800
1051.178600
1051.543900
1051.696600
1051.830200
1051.915400
1051.988200
1052.002200
1052.456900
1052.471600
1052.946000
1052.961800
1052.968700
1052.976900
1052.985100
1052.998700
1053.075900
1053.114300
1053.126800
1053.138300
1053.327700
1053.335000
1053.584900
1053.755000
1053.802800
1054.072500
1054.124600
1054.132200
1054.138300
1054.144600
1054.153300
1054.161100
1054.402000
1054.408300
1054.683400
1054.691200
1054.776600
1055.422000
1055.433000
1055.441700
1055.477500
1055.485100
1055.770100
1055.779700
1055.829600
1055.839100
1055.847600
1055.857600
1056.491700
1056.504400
1056.664200
1056.699100
1056.808200
1056.834200
1056.993800
1057.003800
1057.012000
1057.122800
1057.261700
1057.280300
1057.503700
1057.574200
1057.731400
1057.743400
1057.755700
1057.798500
1058.166600
1058.439700
1058.456000
1058.467800
1058.480000
1058.490200
1058.751800
1058.964400
1058.973500
1059.376300
1059.582600
1059.590100
1059.597300
1059.604300
1059.614200
1060.811100
1060.838600
1060.845900
1060.853500
1061.009300
1061.021800
1061.034300
1061.118800
1061.465800
1061.472100
1061.489100
1061.500700
1061.506600
1061.659600
1061.926900
1061.936100
1062.438400
1062.449500
1063.412600
1063.448400
1063.600200
1063.620100
1063.653300
1063.726300
1063.734400
1064.709100
1064.727400
1064.738400
1064.776200
1065.160400
1065.168200
1065.201900
1065.265600
1065.744100
1065.752800
1065.804400
1065.821300
1067.777700
1067.785000
1067.792900
1068.046500
1068.093600
1068.100900
1068.387100
1068.853900
1068.869400
1069.003600
1069.068100
1069.137500
1069.151200
1069.168400
1069.176800
1069.237000
1069.517000
1069.633600
1069.908400
1069.925600
1069.932200
1070.232800
1070.263800
1070.393500
1070.401700
1070.414700
1070.431200
1070.442000
1070.522500
1070.981600
1070.988200
1070.999300
1071.258600
1071.393600
1071.410100
1071.422200
1072.428300
1072.581500
1072.588700
1072.853800
1073.008400
1073.103700
1073.113500
1073.120900
1073.270600
1073.278700
1073.291900
1073.300900
1073.324500
1073.497300
1073.515300
1073.643200
1073.654100
1073.661600
1073.669500
1073.675600
1073.965500
1073.981300
1074.329300
1074.476500
1074.747500
1075.283700
1075.294800
1075.319500
1075.351300
1075.463800
1075.477700
1075.486500
1075.605600
1075.998100
1076.570900
1076.581700
1076.756700
1076.981700
1077.160100
1077.175800
1077.454600
1077.462500
1077.476700
1077.493000
1077.503100
1077.524300
1077.848800
1077.998400
1078.207700
1078.628700
1078.793700
1078.921600
1078.963300
1079.158500
1079.169500
1079.179900
1079.506300
1079.648800
1079.944500
1079.974100
1080.195600
1080.232400
1080.659400
1080.676500
1080.749600
1080.756800
1081.208300
1081.221600
1081.239500
1081.248900
1081.257300
1081.264500
1081.402300
1082.518300
1082.724700
1083.638300
1083.668500
1084.070300
1084.079000
1084.476900
1084.499500
1084.515500
1084.659000
1084.947900
1084.963600
1084.984800
1084.994400
1085.323900
1085.563000
1085.873100
1086.159000
1086.603800
