spike times
1.800600
1.808700
1.833700
1.846700
2.145000
2.171000
2.214000
3.124700
3.141800
3.157000
5.146600
5.211400
7.296500
7.307600
10.450900
10.457900
10.469200
10.481900
10.515000
14.808400
14.821000
14.836000
14.862500
15.097800
15.106600
15.134700
15.325500
15.339800
18.909300
18.915500
18.949000
18.958100
18.966800
18.974700
19.048500
19.088900
19.850400
28.700300
28.715000
28.722300
28.730700
28.743600
30.048400
30.060300
30.068100
30.075100
30.081700
30.092900
30.102100
30.118600
30.128800
30.135800
30.142200
30.148000
30.154800
30.160100
30.166400
30.172600
30.178300
30.186000
30.195900
30.205700
30.224200
30.264800
30.923600
33.648700
33.668500
33.880500
33.887600
33.900900
34.120100
37.521600
37.577600
38.356900
40.080500
43.768700
43.790800
43.808900
43.828800
43.843400
44.294100
44.318400
45.216900
45.804700
47.498300
60.156700
63.216100
63.224400
63.244900
65.459500
66.977900
67.967700
69.290400
69.301900
69.350400
69.381400
70.849700
70.887000
70.908900
71.998000
72.008200
72.022800
72.031100
74.830500
75.128000
76.572200
76.586200
80.708900
81.596800
81.605500
81.622100
81.912900
82.837900
83.264000
83.315500
87.371800
87.380400
87.388100
87.396200
87.404500
87.438100
87.869800
87.878000
87.887700
88.528400
91.507800
91.516000
91.542700
91.550600
92.509800
92.516500
92.531200
92.541600
92.550600
93.001100
93.007600
97.375900
97.388400
97.396300
97.404200
97.414600
102.863800
102.876300
104.543700
105.942400
107.256300
107.285200
107.309000
109.431700
109.442900
110.978900
110.990000
116.999800
118.169400
118.396400
118.403800
118.432900
118.445300
121.369600
121.377100
121.385100
121.822000
121.829000
121.837800
128.943200
128.951900
131.249200
131.257600
131.264800
131.272400
131.730300
138.939400
140.168200
140.180700
141.432200
141.444000
143.659400
145.023100
145.038900
145.047800
145.058800
145.085200
147.585400
150.251900
150.256400
150.261600
150.267900
150.273700
150.277900
150.282600
150.286700
150.294200
150.300000
150.308100
150.316800
150.349500
150.354800
150.379500
150.389600
150.438200
150.443400
150.449300
150.460500
150.493400
150.506700
150.527800
150.535800
150.553200
150.558700
150.573500
150.582900
150.598900
150.608300
150.633100
150.671100
150.802200
150.808500
150.815400
150.824000
150.840100
150.865500
150.873900
150.940500
150.946300
150.995200
151.000000
151.010700
151.021800
151.032700
151.078100
151.144400
151.186700
151.199400
151.207300
151.214000
151.225200
151.243700
151.257100
151.262600
151.273400
151.279600
151.290100
151.299300
151.303800
151.308600
151.317300
151.477000
151.484800
151.492800
151.497500
151.503000
151.517700
151.555800
151.563800
151.572700
151.582400
151.689300
151.713100
151.719500
151.725600
151.748700
151.766200
151.776900
151.889900
151.896600
151.906600
151.926500
151.940900
151.951400
151.958600
152.041100
152.048700
152.066900
153.004200
153.053600
153.400700
153.689300
153.700700
153.761100
154.151900
154.259100
154.324000
158.543800
159.342600
159.828400
159.837000
159.899400
160.490200
160.498000
160.517400
161.416500
161.429700
161.445100
163.953200
163.984300
166.248200
166.293300
166.307900
168.110900
168.118300
168.127100
170.432500
170.451200
170.460300
170.499100
171.094200
171.107700
171.117200
171.139700
171.563300
171.602300
172.648100
172.727000
172.739600
172.752900
174.915100
178.507100
182.025200
182.323500
182.703100
182.710200
182.721100
182.810700
183.234700
183.252000
183.269800
184.284300
184.293200
184.309300
184.317600
184.372100
185.038400
185.951500
186.347600
186.371400
186.379300
186.391300
186.413700
188.444100
188.451600
189.386500
189.394200
189.401800
189.410000
189.425600
189.435900
202.034400
206.834400
206.843600
206.862000
206.885400
209.018800
214.912400
214.920000
215.006800
216.398400
217.020600
217.030900
217.056400
218.868500
218.886300
220.799000
220.808400
220.828500
221.355100
221.373900
221.381700
221.838000
221.894300
222.523400
222.537000
229.916100
229.926200
229.934000
229.945600
229.956600
230.431800
234.359900
234.439700
236.882000
238.622500
238.645600
238.772900
241.585200
245.781800
245.794500
245.828900
245.849000
245.860800
246.559800
246.568200
246.656700
246.680900
248.534400
248.604100
248.616500
249.971200
249.993000
250.862900
250.869600
250.898200
253.541600
253.554300
253.562800
254.789100
254.796000
254.802000
256.440500
257.859800
257.879900
257.895200
257.929600
257.937200
259.463700
259.806200
259.839400
262.017700
262.031400
262.039800
262.058500
265.689400
265.701600
270.486400
272.254100
272.260800
272.267300
272.272900
272.278300
272.283000
272.290400
272.295700
272.301100
272.311300
272.323100
276.574400
276.585300
276.624500
282.367300
282.377700
282.385800
282.405400
282.412200
283.394100
283.402900
283.411000
283.487400
285.579700
285.597600
285.724600
285.735200
288.098800
294.406100
294.411500
294.417500
294.425000
294.493800
298.085500
298.093900
298.099900
298.109600
299.743400
299.805600
301.423500
303.554400
303.562200
303.629000
310.928400
310.934300
310.942300
310.949800
310.959600
310.967200
316.444600
322.551500
322.562600
322.572800
322.582700
322.594600
322.606400
325.439700
325.733400
325.825700
330.267900
330.342300
331.043300
331.059900
331.176300
331.239600
338.094500
344.434500
344.445500
345.006800
346.699300
348.262700
348.271900
348.283300
348.295600
350.792600
350.801700
350.810200
350.827500
350.849800
352.879100
355.286300
355.296200
355.319200
356.059200
356.066700
356.074200
357.475700
358.940400
358.952800
358.964000
361.170800
361.178500
361.185900
361.196700
361.205100
362.476600
362.483400
362.503500
362.518100
368.218000
368.225000
368.235000
369.657600
369.750500
370.043700
370.052100
370.732100
370.738300
371.246400
372.802700
376.494600
376.503000
377.198000
377.230600
377.417100
378.338500
378.355300
378.371600
378.728300
378.737800
378.745700
378.757100
384.293000
392.275100
392.279600
392.283700
392.287000
392.290100
392.293200
392.296600
392.300100
392.303600
392.306700
392.310000
392.314300
392.318200
392.321900
392.325600
392.329900
392.334200
392.338500
392.343200
392.347800
392.352800
392.357900
392.362900
392.368300
392.372800
392.378100
392.382800
392.389100
392.393500
392.398000
392.403300
392.410000
392.417000
392.423400
392.430600
392.436200
392.450100
392.456200
392.463200
392.469800
392.476500
392.488000
392.497900
392.998200
393.011900
393.030300
393.907200
393.917700
394.219900
394.228400
394.241100
394.517200
396.917000
396.926500
396.941400
397.723800
400.282700
400.339200
400.353700
400.673100
400.686400
400.914300
402.272900
402.941200
402.975100
402.997100
403.009100
405.915500
405.924700
407.769700
407.812400
408.893400
410.247400
410.258900
410.291100
410.298900
413.026100
414.711700
421.310200
421.637500
426.853700
426.862100
426.868900
426.876300
428.631800
428.965300
428.980200
430.285500
430.294200
430.306300
436.209100
436.269700
437.328100
437.336600
437.346100
441.937300
441.946300
441.954200
441.962300
444.595800
444.604600
444.613700
444.627900
446.068700
453.247300
456.233800
456.257200
456.277700
459.009500
459.021700
466.655400
466.662100
467.363100
476.179500
476.661600
476.669800
476.735800
479.729000
479.759100
479.980100
483.418100
483.427200
483.435800
483.444400
488.103000
492.696300
494.634500
494.645800
494.684100
494.690700
494.773100
494.781100
494.826000
494.839100
496.957300
496.977500
496.985000
497.009300
497.117400
497.362800
497.453000
508.115500
510.203500
510.992000
511.000000
511.164600
512.278800
512.284800
512.475900
512.479000
512.482000
512.484800
512.487400
512.490300
512.493300
512.496500
512.499900
512.503100
512.506300
512.509800
512.513200
512.517000
512.520500
512.524000
512.527900
512.531600
512.535400
512.539500
512.544800
512.548900
512.553200
512.557800
512.562900
512.568100
512.572900
512.577500
512.582800
512.588300
512.593900
512.599500
512.604800
512.609800
512.617800
512.624200
512.634900
512.641600
512.647000
512.654200
512.659400
512.666400
512.678800
512.684900
512.691400
512.697800
512.704600
512.712400
512.718000
512.724900
512.733300
512.743000
512.749400
512.761200
512.771900
512.778100
512.784300
512.790900
512.796700
512.813900
512.831800
512.840700
512.872500
512.880500
512.886200
512.907900
512.916200
512.922800
512.930900
512.939700
512.951400
512.958000
512.968000
512.979900
512.989800
512.996900
513.009800
513.030000
513.055400
513.107200
513.122400
513.129600
513.148900
513.156200
513.172000
513.183300
513.199000
513.211300
513.219100
513.225000
513.234400
513.255100
513.264000
513.273900
513.279500
513.287900
513.297200
513.303700
513.314300
513.323400
513.338600
513.364300
513.384300
513.396700
513.406800
513.423700
513.431800
513.438900
513.447000
513.468000
513.476900
513.507300
513.513300
513.540300
513.548600
513.559000
513.568400
513.586100
513.596300
513.604500
513.615700
513.626600
513.661400
513.695300
513.702400
513.712900
513.722500
513.769800
513.803800
513.819200
513.837800
513.851400
513.885600
513.901300
513.908600
513.917900
513.934900
513.950300
513.979300
514.001000
514.010800
514.020000
514.035500
514.043200
514.076500
514.092800
514.103200
514.114000
514.148200
514.162100
514.193400
514.208600
514.226600
514.233700
514.245400
514.256600
514.281000
514.292700
514.315600
514.336200
514.369100
514.391300
514.410000
514.437900
514.466800
514.894100
514.902200
514.912400
515.477800
515.611600
515.621200
515.673400
515.683100
515.919000
515.937900
515.957000
515.975100
516.042600
516.078600
516.407200
516.422800
516.437300
516.698400
516.713900
516.720400
516.728000
516.736000
517.163100
517.168700
517.175200
517.183200
517.188700
517.193900
517.201800
517.615000
517.630000
517.637000
517.643700
517.652900
517.665200
517.788800
517.818900
518.013100
518.030400
518.238100
518.449800
518.458100
518.480000
518.673100
518.684900
518.780900
519.044200
519.264100
519.417600
519.483800
519.493900
519.510300
519.952100
519.961800
519.976500
520.132000
520.140400
520.244100
520.970100
520.977200
521.013000
521.019900
521.282600
521.293900
521.304300
521.490400
521.501800
521.649600
521.659900
522.035400
522.045100
522.051500
522.058200
522.069600
522.254300
522.263800
522.276100
522.522600
522.533600
523.698500
523.713200
523.800900
523.810500
523.829900
524.160200
524.182200
524.371300
524.382100
524.482000
524.800500
524.806800
524.816500
524.827700
524.847300
525.756800
525.987900
526.228000
526.334400
526.348000
526.996000
527.052700
527.060700
527.087000
527.426200
527.435000
527.442500
527.450700
527.819800
527.840500
527.858200
528.286000
528.708500
528.715600
528.722400
528.734800
529.603700
529.891200
529.906200
531.478000
532.231200
532.243800
532.252300
532.273100
532.281700
532.459200
532.476000
532.493700
532.783000
532.796400
533.433800
533.443000
533.453100
533.463800
533.863000
533.875900
535.053200
535.062500
535.071900
535.081600
536.601000
536.626900
536.668900
537.229300
537.678800
539.601200
539.607200
539.613000
539.634000
539.649300
539.723000
540.938200
541.031200
541.845600
542.469100
542.481200
542.611600
543.547400
543.560100
543.580100
543.595000
543.797300
543.809300
543.819500
545.402700
545.412200
545.426800
545.436200
545.602300
545.619500
546.183000
546.190900
547.318900
547.330800
547.643900
547.651800
547.681800
548.878100
549.578400
549.594000
551.228900
552.519100
552.941500
552.950400
553.842800
556.721900
556.737900
556.767000
556.778600
558.028600
558.039000
558.260400
558.292600
558.514800
558.703400
558.755400
558.766700
559.811300
563.626000
563.641600
563.912500
563.926900
564.365900
564.694900
564.714000
564.727500
565.030600
565.036300
566.162800
566.169500
566.176400
566.184700
566.532600
566.541300
566.550500
567.136800
568.585500
568.967700
568.976100
569.927200
570.623000
571.848700
572.495100
572.504900
572.525700
572.539600
572.549300
572.900300
572.921200
573.242100
573.249800
573.256900
573.942500
573.950200
573.958800
574.939400
574.948200
574.957800
575.521600
575.530400
576.050000
576.191400
577.696700
577.705600
577.712600
577.723100
577.732800
579.233900
579.278900
579.285500
579.294200
579.940800
581.542000
581.549600
582.198100
582.512400
582.519800
583.243800
583.251400
583.260500
583.282900
584.076800
584.084600
584.094300
584.103200
585.842000
585.867400
587.413800
587.422800
589.480900
589.494300
592.029200
592.414500
592.423100
592.446700
592.459400
593.400800
593.418900
593.445400
594.810900
595.385600
595.399400
595.427900
596.119800
596.156000
596.888800
596.900100
596.908300
596.917300
597.956100
597.971600
597.979300
598.577200
598.633700
598.652400
598.917400
599.932900
599.966100
600.863700
601.860900
602.045400
602.068200
602.105700
603.269700
603.280000
603.427200
603.434600
603.441800
603.474500
604.036200
604.047700
604.062100
604.431300
604.498100
605.387000
605.393500
605.405700
605.415700
606.269300
606.280000
606.290000
606.304000
609.713200
609.736400
610.379300
610.384900
610.393000
610.408700
610.417500
610.427300
610.437500
612.700000
613.099400
613.159700
613.440700
614.197900
614.214500
614.223900
615.323800
615.359600
616.882200
616.904300
617.181600
618.300000
618.360100
618.369000
618.379100
618.388700
618.404700
619.264100
621.979300
621.988200
621.997700
622.348300
622.354200
622.364500
622.374000
623.477500
625.577000
625.595300
630.103600
631.266500
631.276700
631.478000
631.490500
632.819800
632.829100
632.838400
632.846200
634.401700
634.476500
634.480200
634.483200
634.486100
634.489000
634.491800
634.494600
634.497500
634.500400
634.503400
634.506700
634.510300
634.513900
634.517900
634.521800
634.527000
634.531600
634.536700
634.544100
634.581700
634.625700
634.671800
634.785800
634.870600
635.426400
635.433600
635.441800
635.761800
637.014600
637.023200
637.162400
637.794300
637.859100
638.161400
638.847900
640.810400
640.819800
640.919400
641.362500
641.368500
641.380000
641.387600
642.323600
642.334900
642.377700
642.388200
643.485200
645.463300
645.549900
645.562600
647.291200
648.244100
648.254000
648.260400
648.266100
648.272500
648.278400
649.907200
652.337000
653.393800
656.023900
657.181200
657.191200
658.686200
658.695400
660.097400
660.107700
660.115000
660.124100
660.146000
662.674500
664.879200
665.779900
665.800600
665.821300
665.829200
665.839600
665.854600
668.413000
668.472400
670.630000
670.642800
670.651000
670.659100
673.487600
673.493700
675.389500
675.519800
675.533000
676.434000
676.441300
676.453200
676.468300
680.894800
680.905500
680.916300
680.943700
681.437100
681.444800
681.459600
681.696100
683.143000
683.151000
683.164000
683.496500
683.511800
684.568700
684.576800
689.770300
690.802800
690.811000
690.820000
690.831400
690.839500
692.355000
694.749300
695.931000
696.665800
696.679600
696.705800
696.714900
696.967800
697.765000
697.780000
697.823500
700.317300
700.324000
700.588800
700.597200
701.948800
701.957200
701.970700
702.023600
702.044500
706.290600
706.337700
707.800700
707.809600
708.345000
708.355900
708.376800
710.531500
710.550100
710.561900
710.985500
710.997800
711.006700
712.270500
712.286100
712.295000
712.303400
712.313100
712.866100
713.591500
713.595900
713.601200
713.607100
713.611600
717.850200
717.874800
717.881700
717.903700
717.969700
720.756400
720.765700
720.781800
720.802200
722.431800
729.486000
729.495800
730.186500
730.841600
730.849600
731.546200
731.556300
732.458100
732.471200
732.494300
732.503200
732.513000
732.520600
735.412700
735.423500
735.434000
735.441800
735.454200
735.492900
735.676600
735.687200
736.162600
736.172500
737.375400
738.016300
738.032400
741.561900
741.569900
741.578000
741.588900
742.766200
745.579300
745.597600
749.230100
749.869500
749.896100
749.906300
749.921200
749.940200
751.221800
751.234600
751.241300
751.286700
753.488100
753.494900
754.496300
754.499400
754.502400
754.504900
754.507500
754.510100
754.512600
754.515400
754.518000
754.520600
754.523300
754.526000
754.528700
754.531600
754.534300
754.537300
754.540400
754.543600
754.546800
754.550100
754.553500
754.556800
754.560200
754.563800
754.567400
754.571000
754.574600
754.578000
754.581500
754.584900
754.588500
754.592000
754.595900
754.599600
754.603400
754.607200
754.611300
754.615300
754.619000
754.622700
754.626500
754.631100
754.635000
754.639500
754.643600
754.648100
754.652500
754.657100
754.661500
754.666600
754.670800
754.675500
754.679900
754.684700
754.689600
754.695000
754.700600
754.707100
754.713300
754.719300
754.731700
754.760600
754.945300
755.297100
755.367400
755.375200
755.381000
755.387400
755.632700
755.644800
755.724600
756.194500
756.211200
756.541500
756.915500
756.941900
757.175200
757.360800
757.965600
758.158200
758.164000
758.170900
758.181300
758.332100
758.461900
758.470600
758.482900
758.489900
758.498100
758.506300
758.518100
759.122900
759.147800
759.438700
759.447600
759.656800
759.662600
759.668400
759.674900
759.688500
759.703200
760.104600
760.563500
762.487500
762.495600
762.829500
762.885900
762.896500
762.908400
763.498700
763.505900
763.513100
763.534300
763.690500
763.699000
763.708600
763.719200
763.734800
763.754000
764.483000
764.612600
765.653000
765.675800
766.393800
766.406000
766.415100
767.365400
767.874700
768.039300
768.046800
769.764300
769.775100
769.784400
771.904600
771.915700
772.264200
772.652400
773.014400
773.021300
773.129200
773.142000
773.172000
777.282300
777.884600
777.893700
778.675500
779.046000
779.253300
779.262400
781.247600
781.265900
782.171300
782.180400
782.193200
782.399400
784.329300
784.345000
785.057200
785.065200
785.072900
785.101700
785.106800
785.116500
785.145500
789.161800
789.173300
790.501200
790.540900
790.906300
791.178500
792.237300
792.349800
792.621900
792.630500
795.953300
795.964100
795.984800
795.994200
796.001500
796.012200
796.021000
798.019500
798.067400
798.133300
798.157800
801.047800
803.601400
803.735600
804.287600
804.303200
804.311900
804.319700
804.334900
804.858200
805.036200
805.043400
805.900500
805.926500
807.768600
807.791100
807.800100
808.382900
812.083800
812.091200
812.100500
812.109200
812.118800
812.398000
812.417000
812.441400
815.006500
815.021400
815.383300
815.393000
817.070100
817.077300
817.084900
817.713900
817.723900
818.267500
818.276400
818.289300
819.089100
819.497600
819.517500
819.526800
819.535100
819.542200
819.556000
820.375000
820.382800
820.393700
822.325200
822.332100
822.347100
822.354800
822.368300
822.698600
826.075000
828.649600
828.661300
828.934700
829.413500
829.426300
831.017800
831.032000
831.054400
832.723500
833.865600
833.882600
833.898300
835.174900
835.183100
835.190400
835.201300
835.312500
836.632800
836.640500
836.652100
836.676200
837.034300
837.732000
837.740400
837.751400
842.296700
842.304500
843.145700
844.104900
844.143300
844.158400
847.027400
847.034800
847.282400
847.293000
849.426400
849.517400
850.314200
851.025600
851.037300
851.059400
851.194200
851.630500
851.641000
852.356400
852.365000
852.373100
852.818400
853.335700
854.301900
854.533900
854.546600
854.568300
858.086200
858.093500
858.103300
858.114300
858.125600
858.133300
861.281300
861.311300
861.635300
861.643900
861.655300
861.662600
865.074700
865.086200
865.718100
865.729100
865.738800
865.746600
867.233600
867.241500
867.547600
867.560700
870.431500
870.439300
870.449600
870.462900
870.473600
870.485000
871.593000
873.815400
873.832500
873.895900
874.701600
874.704300
874.706900
874.709300
874.711600
874.713900
874.716100
874.718400
874.720600
874.722900
874.725300
874.727900
874.730400
874.733000
874.735500
874.738100
874.740900
874.743600
874.746400
874.749200
874.752300
874.755200
874.758300
874.761500
874.764800
874.768000
874.771300
874.774800
874.777700
874.781300
874.785000
874.788300
874.791800
874.795700
874.799200
874.802900
874.806700
874.810400
874.814200
874.818100
874.822000
874.825400
874.829900
874.834100
874.838000
874.842400
874.846400
874.850400
874.854700
874.859400
874.863400
874.867700
874.871900
874.876200
874.880700
874.885200
874.889600
874.894400
874.899000
874.903900
874.908200
874.912800
874.917100
874.921600
874.926100
874.932200
874.937100
874.941900
874.946500
874.951400
874.956800
874.962600
874.967600
874.972000
874.977800
874.982600
874.988100
874.993600
874.999300
875.005200
875.010900
875.016200
875.021800
875.026900
875.031300
875.036100
875.041800
875.047500
875.054800
875.062000
875.067000
875.074100
875.080700
875.086300
875.092500
875.097400
875.103300
875.107900
875.114000
875.120200
875.125100
875.133200
875.138800
875.144900
875.152200
875.159500
875.167100
875.174900
875.183400
875.189100
875.197000
875.204300
875.210100
875.219500
875.227700
875.233200
875.239900
875.245700
875.252900
875.262500
875.270900
875.277200
875.283700
875.289800
875.296900
875.302900
875.311600
875.317700
875.324000
875.332400
875.340700
875.351100
875.361300
875.370100
875.379200
875.386000
875.393800
875.400800
875.409800
875.415900
875.424100
875.435200
875.442100
875.449400
875.457200
875.468900
875.478200
875.485300
875.495100
875.503900
875.511100
875.522000
875.531500
875.537900
875.546300
875.552500
875.562900
875.576400
875.585600
875.591600
875.600600
875.612900
875.623700
875.633300
875.641500
875.656100
875.666400
875.672800
875.685400
875.694900
875.708300
875.715600
875.724000
875.736100
875.747300
875.761200
875.773100
875.783600
875.793700
875.804300
875.814900
875.833400
875.841300
875.858100
875.871700
875.879600
875.887400
875.907600
875.917100
875.929100
875.937000
875.955000
875.963400
875.972300
875.983400
875.995100
876.004900
876.013400
876.022000
876.036500
876.048000
876.058600
876.075800
876.089100
876.098900
876.119400
876.128200
876.140700
876.153400
876.162200
876.176900
876.194100
876.205800
876.222900
876.239200
876.249600
876.268800
876.300300
876.327800
876.349900
876.374400
876.388700
876.402800
876.433100
876.450000
876.460700
876.479100
876.494200
876.568900
876.581900
876.601500
876.629100
876.667800
876.689600
877.193700
877.235900
877.253300
877.276400
877.472200
877.551500
877.741300
877.835300
877.856200
877.865200
877.910200
877.919300
877.934800
878.050200
878.105800
878.116200
878.123400
878.155100
878.163200
878.240500
878.423800
878.436100
878.442800
878.673000
878.841400
878.851200
878.873100
878.922000
879.047200
879.059200
879.178400
879.184200
879.199500
879.215900
879.225400
879.278700
879.284400
879.295200
879.450900
879.572700
879.698200
879.768300
879.782600
879.865500
879.873600
879.881800
879.927700
880.082800
880.330900
880.380400
880.399200
880.417100
880.430800
880.549000
880.555000
880.687300
880.702000
880.774700
880.794900
880.806900
880.901500
880.907600
880.918600
880.925100
880.935700
880.948100
881.014700
881.150900
881.195500
881.205500
881.218000
881.346900
881.510300
881.530000
881.565700
881.571600
881.577900
881.971900
881.983900
882.059200
882.068500
882.134700
882.208400
882.239000
882.249600
882.471600
882.481800
882.600100
882.672900
882.737300
882.914800
882.926300
882.960700
882.966500
882.972700
883.068000
883.074900
883.568200
883.586100
883.594100
883.685600
883.880100
883.893600
883.900200
883.910800
884.022600
884.125500
884.209400
884.215800
884.224800
884.236200
884.284400
884.333400
884.342800
884.941700
884.971300
885.039600
885.045100
885.053100
885.060900
885.112700
885.160700
885.616700
885.842600
885.855000
885.877400
885.883800
885.889600
885.894100
885.900200
885.909300
886.066500
886.074300
886.095800
886.241300
886.254400
886.490400
886.554700
886.561700
886.570200
886.584000
886.711100
886.723700
886.736000
886.842600
886.851400
886.859500
887.044000
887.193900
887.398900
887.537800
887.728300
887.736000
887.888500
888.180100
888.189900
888.208900
888.255400
888.340900
888.704100
888.712800
888.723100
888.743800
888.756900
888.764600
888.826700
889.189300
889.198000
889.351100
889.667500
889.674000
889.680000
889.699300
889.749400
889.764800
889.775000
890.183900
890.280800
890.486700
890.726500
890.758400
890.982800
890.996700
891.041900
891.084100
891.092000
891.276700
891.284300
891.292800
891.342300
891.361000
891.370600
891.377500
891.389900
891.448100
891.946600
892.010500
892.201100
892.411700
892.435700
892.442400
892.618800
892.635800
892.651700
892.659400
892.931400
892.941500
892.953400
892.963300
893.362000
893.368900
893.375900
893.393300
893.532800
893.542600
893.623000
893.635100
893.758300
893.765700
893.780500
894.184000
894.201200
894.216000
894.420300
894.572900
894.939500
895.011100
895.031000
895.364800
895.371600
895.384900
895.444100
895.907300
895.971500
896.143100
896.151800
896.162200
896.182000
896.192700
896.204900
896.212600
896.482100
896.949900
896.956700
896.964700
896.975500
896.983100
897.049000
897.490400
897.530300
897.610100
897.617500
897.625900
897.636700
897.645700
898.195300
898.206000
898.245800
898.405700
898.600200
898.607800
899.070700
899.203700
899.435200
899.750600
899.769600
900.005000
900.014600
900.023600
900.032900
900.041100
900.050800
900.085800
900.099600
900.275000
900.405900
900.660400
900.848000
900.860500
900.933500
901.164000
901.176400
901.190500
901.198500
901.418700
901.430200
901.437000
901.444400
901.450700
901.616700
901.886300
901.969400
901.979800
902.381400
902.452600
902.615700
902.630100
902.659800
902.668800
902.974300
903.009600
903.162900
903.184700
903.368900
903.377300
903.385600
903.393000
903.398700
903.403300
903.411300
903.613100
903.801800
903.809200
903.818400
903.825700
904.175100
904.180800
904.188700
904.197600
904.209100
904.298200
904.307300
904.509000
904.529300
904.537500
904.546600
905.027800
905.033400
905.038800
905.046200
905.503800
905.513400
905.538900
905.550300
905.569300
906.011300
906.021000
906.136400
906.290400
906.604000
906.921700
906.929600
906.939800
907.166200
907.571200
907.770800
907.801200
907.813000
908.219500
908.342800
908.356500
908.508500
908.516700
908.524200
908.531600
908.540000
908.910700
909.094700
909.102700
909.162500
909.189000
909.335300
909.546700
909.815300
909.827600
909.924300
909.935900
910.172800
910.355800
910.482200
910.497400
910.770200
910.777400
910.783000
911.139300
911.258500
911.270700
911.479300
911.485500
911.492900
911.605300
911.917100
911.922800
911.928600
911.942500
911.961700
911.969200
912.147700
912.168500
912.181700
912.189200
912.199600
912.210600
912.949100
913.152400
913.159500
913.265300
913.270600
913.650100
913.771500
913.834900
913.843800
913.862200
913.904100
914.129300
914.143200
914.228800
914.238500
914.444500
914.456500
914.462900
914.604200
914.708000
914.715600
915.026900
915.044500
915.177400
915.440300
915.837800
916.010500
916.131500
916.197600
916.691300
916.894600
917.008100
917.015100
917.089800
917.100300
917.282600
917.291600
917.318300
917.500200
917.595700
917.754600
917.779200
917.790700
918.240600
918.252500
918.262500
918.483400
918.669600
918.692200
918.847100
918.853100
918.884200
918.894100
918.901900
918.948400
919.008400
919.016300
919.484400
919.550500
919.564600
919.734900
919.992600
920.225600
920.253700
920.618000
920.639500
920.685700
920.755400
920.910600
921.084000
921.498500
922.226100
922.303500
922.453200
922.459500
922.465500
922.488300
922.498400
922.508500
922.555700
922.992700
923.000600
923.080200
923.202500
923.504900
923.514400
923.545100
923.820000
924.003500
924.130700
924.225300
924.232200
924.452100
924.459900
924.466800
924.516900
924.640200
924.654100
924.862500
924.869500
924.882300
925.213800
925.223000
925.404300
925.456900
925.486200
925.503100
925.516000
925.679800
925.686900
925.692500
925.703800
925.711100
925.718900
925.940100
925.948600
925.955000
925.966600
926.333700
926.341100
926.347200
926.356800
926.382800
926.388700
926.556700
926.572700
926.692600
926.759900
926.772300
927.094900
927.278000
927.353500
927.379600
927.443200
927.736300
928.170900
928.190800
928.198000
928.336200
928.346100
928.444500
928.460000
928.593300
928.599200
929.011600
929.018900
929.048100
929.064900
929.085800
929.095800
929.375800
929.382500
929.392600
930.035100
930.042200
930.053000
930.062000
930.526700
930.602800
930.674500
930.683400
930.698500
930.925200
931.046300
931.354100
931.360800
931.461000
931.472600
931.481100
931.487900
931.495100
931.605100
931.617500
931.624000
931.692400
932.242200
932.469700
932.611200
932.695900
932.716500
932.984200
933.258800
933.362500
933.387600
933.659200
933.668000
933.677100
933.687300
933.697100
933.706300
933.713700
933.802200
933.908000
933.921300
934.592900
934.631400
934.811200
934.823400
934.931200
934.937700
934.947800
934.959600
935.839700
935.846600
935.854300
935.861600
935.869100
935.881200
935.892100
935.958900
936.214000
936.227800
936.240900
936.362300
936.463300
936.589500
936.976800
937.192700
937.220900
937.495200
937.642300
937.649900
937.881000
937.890100
938.221300
938.238800
938.315500
938.623200
938.809200
938.845100
938.927300
939.000000
939.011400
939.306500
939.318800
939.587000
939.594400
939.606300
939.770800
939.777100
939.782700
939.890200
940.514600
940.553300
940.770800
940.785900
940.920300
940.925400
940.932100
940.950900
940.969800
940.979000
941.376500
941.503500
941.712300
941.724600
941.734500
942.144900
942.427300
942.433600
942.439400
942.630000
942.636100
942.642000
942.933900
942.940400
943.054700
943.061300
943.185400
943.591700
943.602800
943.623300
944.003100
944.117800
944.124300
944.161000
944.337300
944.391700
944.834500
944.854300
944.859200
944.863300
945.476700
945.627000
945.641100
945.657300
945.990600
946.005200
946.275000
946.501300
946.512200
946.547800
946.671300
946.757900
947.020700
947.242800
947.849500
947.876200
947.953800
948.124200
948.232900
948.531600
948.561300
948.656600
948.689800
948.694900
948.700800
948.725100
949.155000
949.382600
949.388600
949.393700
949.402000
949.408200
949.442100
950.125300
950.139200
950.150500
950.166600
950.268700
950.277700
950.293400
950.302800
950.660200
950.667600
950.777200
950.792600
950.803400
951.169000
951.179600
951.201900
951.304200
951.315900
951.511300
951.525500
951.964700
951.974700
952.034400
952.380700
952.388300
952.395800
952.407100
952.417800
952.534200
952.563200
952.698800
952.718700
952.900500
952.907700
952.919800
953.183200
953.205700
953.216100
953.250500
953.364000
953.376300
953.932000
954.218200
954.482800
954.493500
954.498200
954.502500
954.511000
954.517700
954.984900
955.000100
955.382200
955.391700
955.397700
955.405300
955.425500
955.792500
955.816000
955.830700
955.855100
955.862400
955.873700
956.025100
956.619700
956.669800
957.508600
957.519400
957.733000
957.759000
957.851700
957.947400
957.960300
958.147100
958.300200
958.964500
959.712600
959.728100
959.736500
959.742600
959.747600
959.756900
959.765000
960.204200
960.313700
960.321400
960.458600
960.872200
961.010500
961.267200
961.366300
961.374500
961.388900
961.899200
961.914600
961.924800
961.954600
961.960100
961.988700
962.000900
962.200300
962.212400
962.221100
962.274600
962.550500
962.564900
962.976800
963.001100
963.416400
963.524100
963.534200
963.546300
963.609200
963.728800
963.741600
963.812000
963.844100
964.811600
964.818600
964.827700
964.836100
964.842500
964.849600
965.016200
965.029000
965.039000
965.193900
965.451900
965.458000
965.465200
965.639700
965.753700
966.626500
966.643200
966.779600
967.405600
967.605300
967.654300
968.177200
968.185300
968.191200
968.211200
968.219300
968.230800
968.660900
968.670900
968.996100
969.008400
969.021900
969.047300
969.161600
969.252500
969.379600
969.577600
969.718900
969.927700
969.935200
969.942400
969.948700
970.202900
970.387000
970.753300
971.424100
971.431600
971.441500
971.508900
971.517700
971.547700
971.638300
971.647800
971.660200
972.413100
972.426200
972.505100
972.624700
973.197600
973.202600
973.212300
973.219400
973.313400
973.323200
973.368500
973.685400
973.694600
973.818400
974.029000
974.290400
974.344600
974.571700
974.580700
974.770700
974.790000
974.875200
974.883700
975.176600
975.197000
975.210200
975.361800
975.651000
975.660300
975.675400
976.074400
976.084600
976.257600
976.315400
976.333500
976.353200
976.591100
976.599900
976.610900
976.771500
976.776600
976.788600
976.794500
976.821000
977.015200
977.305500
977.314500
977.618800
977.625900
977.722900
977.729900
977.759700
977.912100
977.926200
978.003800
978.241200
978.247900
978.258000
978.263900
978.269700
978.275500
978.285700
978.485500
978.699100
978.715700
979.023200
979.030500
979.038400
979.047500
979.056600
979.069000
979.144500
979.515600
979.821600
979.832900
979.905600
979.959300
980.145600
980.168700
980.236900
980.575300
980.584300
980.611700
980.936100
981.250100
981.481600
981.610200
981.622400
981.995000
982.000400
982.007400
982.222200
982.230100
982.240500
982.684300
982.691500
982.711600
983.002200
983.256900
983.264600
983.293100
983.315000
983.558100
983.871000
984.027200
984.325600
984.335400
984.345500
984.857400
984.866500
984.893500
984.899500
984.906700
984.942400
985.172200
985.182700
985.464800
985.473000
985.724600
985.736000
985.742000
985.919800
986.237400
986.246200
986.362800
986.375900
986.401100
986.513300
986.546700
986.657800
987.121800
987.134300
987.225200
987.233900
987.324200
987.337900
987.567300
987.608600
987.621100
987.644000
987.781300
987.801400
987.809900
987.817200
987.829800
988.140900
988.412200
988.420400
988.851200
988.860200
988.916900
988.926300
988.933700
989.336600
989.606400
989.612400
989.618500
989.896000
989.904200
990.216800
990.253400
990.797300
990.806300
990.819100
990.831200
991.279000
991.575700
991.720600
991.732300
991.749700
991.759400
992.032500
992.169900
993.004400
993.027600
993.044300
993.439000
993.451500
993.739600
993.750600
993.761800
993.815900
994.266800
994.274600
994.706900
994.792400
994.907300
994.913400
994.927800
994.936400
995.592000
995.908200
995.947000
995.965100
996.342500
996.351800
996.557900
996.565400
996.572600
996.584300
996.596500
996.609200
996.702800
996.705500
996.708000
996.710400
996.712800
996.715200
996.717400
996.719700
996.722000
996.724400
996.726800
996.729300
996.731800
996.734300
996.736800
996.739700
996.742600
996.745600
996.748800
996.752000
996.755200
996.758500
996.761800
996.765500
996.769200
996.773000
996.776900
996.780600
996.784900
996.789600
996.793700
996.798100
996.802700
996.807600
996.813000
996.818000
996.823500
996.833800
996.841800
996.846900
996.863400
996.872200
997.173600
997.287800
997.296500
997.492800
997.952600
998.438700
998.470800
998.480700
998.537000
998.642900
998.684100
998.720400
998.925400
999.038000
999.148800
999.399900
999.407900
999.845600
999.855900
999.867900
1000.018800
1000.027100
1000.035900
1000.330500
1000.344800
1000.363700
1000.501300
1000.589100
1000.986300
1000.992700
1001.127200
1001.936600
1001.943400
1001.952700
1002.357300
1002.708600
1002.717300
1002.726800
1002.734000
1002.784900
1002.795200
1003.366100
1003.444400
1003.453900
1003.696400
1003.723300
1003.895100
1004.029900
1004.205800
1004.638400
1004.670800
1004.679200
1005.097500
1005.106800
1005.122500
1005.275900
1005.682100
1005.730500
1005.740000
1005.753000
1005.983000
1005.999900
1006.007800
1006.015800
1006.582100
1006.591300
1006.598500
1006.620400
1006.625900
1006.633500
1006.661400
1006.672000
1006.886500
1006.986800
1007.239400
1007.381300
1008.045700
1008.054000
1008.066600
1008.129200
1008.267700
1008.592800
1008.601900
1008.612600
1008.629600
1008.643100
1008.655600
1008.979900
1008.995800
1009.758200
1009.765700
1009.783700
1010.475600
1010.486500
1010.500000
1010.533500
1010.668000
1010.679900
1010.687500
1010.694800
1010.702200
1010.710800
1010.718100
1010.956700
1010.967600
1010.975400
1010.995000
1011.032000
1011.045300
1011.355400
1011.765900
1012.066500
1012.233400
1012.241800
1012.258200
1012.312900
1012.330100
1012.804900
1012.814800
1012.828000
1013.101300
1013.108400
1013.114900
1013.120300
1013.127100
1013.184300
1013.501500
1013.518500
1013.539800
1013.547700
1013.732000
1013.740400
1013.973200
1013.987200
1014.044500
1014.472300
1014.479200
1015.119000
1015.125400
1015.134100
1015.223300
1015.229200
1015.237600
1015.245100
1015.719000
1015.745000
1016.065800
1016.075700
1016.084900
1016.096200
1016.108000
1016.117900
1016.406100
1016.520300
1016.579000
1016.808500
1016.840500
1016.847400
1017.183900
1017.192800
1017.202300
1017.212300
1017.679500
1018.174200
1018.184000
1018.469300
1018.482400
1018.490500
1019.006700
1019.246800
1019.253100
1019.270200
1019.474900
1019.642400
1019.662400
1019.819200
1019.839400
1019.852600
1019.860000
1019.869500
1020.084300
1020.114100
1020.722300
1021.133200
1021.179800
1021.311900
1021.321900
1021.334400
1021.345200
1021.392500
1021.481700
1021.514200
1021.523700
1021.602100
1021.823500
1021.830800
1021.854100
1021.859300
1021.865600
1022.112100
1022.475000
1022.488800
1022.644700
1022.678600
1023.507200
1023.539500
1023.573100
1023.585600
1023.697400
1023.703300
1023.967700
1024.142800
1024.154900
1024.168300
1024.624200
1025.158000
1025.168700
1025.181200
1025.313600
1025.986000
1025.994300
1026.003900
1026.013600
1026.222600
1026.303400
1026.364000
1026.739400
1027.073800
1027.089200
1027.097300
1027.211400
1027.226900
1027.236200
1027.952900
1027.964900
1028.058600
1028.427900
1028.433600
1028.441700
1028.511700
1028.551500
1028.619600
1028.935600
1028.953100
1029.172500
1029.186700
1029.988400
1030.050900
1030.073600
1030.489600
1030.497000
1030.815700
1030.835400
1030.841900
1030.857200
1031.518400
1031.580400
1032.009200
1032.396300
1032.721100
1032.727200
1032.752200
1033.190000
1033.203100
1033.286600
1033.565100
1033.579100
1033.648700
1033.922200
1033.928800
1033.937000
1033.945100
1033.955100
1034.316000
1034.808400
1034.817000
1035.037100
1035.047000
1035.090800
1035.100600
1035.427400
1035.453300
1035.465500
1035.476600
1035.613300
1035.625400
1035.942200
1035.954500
1036.156700
1036.653600
1037.669500
1037.678800
1038.266500
1038.308700
1038.318500
1038.678900
1038.688100
1038.856500
1039.146900
1040.009100
1040.016200
1040.022500
1040.381800
1040.427900
1040.443100
1041.011900
1041.517900
1041.527100
1041.649900
1041.800400
1041.855500
1041.865800
1041.963500
1041.969900
1041.980300
1042.372300
1042.558300
1042.579600
1042.863200
1042.873100
1042.881500
1042.890900
1042.904700
1043.128800
1043.189000
1043.197200
1043.459400
1043.469000
1043.487000
1043.495300
1044.168500
1044.189600
1044.211900
1044.233500
1044.367600
1044.491500
1044.505900
1044.517200
1044.535500
1044.721400
1045.418700
1045.855000
1045.862900
1045.869900
1045.880400
1045.893600
1045.908400
1045.988100
1046.156700
1046.170300
1047.033300
1047.039900
1047.047400
1047.177900
1047.187900
1047.480800
1047.497200
1048.005600
1048.015400
1048.022400
1048.095300
1048.104200
1048.116600
1048.206200
1048.324700
1048.726100
1049.481100
1049.493300
1049.673900
1049.682400
1050.113000
1050.464400
1050.482800
1050.496200
1050.517700
1050.800700
1050.819300
1050.848300
1051.241200
1051.775200
1051.819400
1051.900800
1052.024000
1052.080700
1052.415500
1052.423900
1052.741300
1052.754100
1052.763400
1053.283000
1053.360900
1053.918700
1053.926500
1053.935600
1054.008500
1054.448700
1054.598100
1054.904000
1054.911500
1054.921800
1055.416500
1055.750800
1055.774500
1056.067500
1056.103700
1056.145200
1056.241800
1056.256000
1056.785600
1056.792200
1057.095300
1057.153400
1057.313200
1057.336600
1058.090900
1058.095600
1058.128900
1058.145600
1058.210500
1058.244100
1058.494600
1058.502500
1058.846000
1059.341800
1059.360400
1059.371300
1059.382400
1059.410300
1059.621600
1059.633700
1059.888000
1060.530800
1060.546300
1060.582800
1060.592900
1060.602800
1060.972600
1061.399800
1061.497600
1062.184400
1062.192100
1062.472400
1062.546700
1062.901400
1062.913200
1062.920900
1063.623800
1063.860500
1063.877500
1064.617400
1065.126600
1066.190800
1066.296900
1066.372500
1066.803700
1066.811700
1066.894200
1067.155700
1067.160900
1067.166500
1067.173600
1067.191300
1067.490200
1068.509200
1068.515900
1068.523800
1068.758300
1068.769000
1068.791300
1069.255100
1070.581000
1070.589600
1070.607400
1070.869000
1071.069400
1071.084100
1071.133600
1072.202100
1072.216800
1072.226300
1072.527300
1072.534900
1072.543900
1072.591300
1072.599900
1072.614900
1073.006200
1073.014200
1073.023800
1073.043800
1073.058300
1073.528900
1073.754100
1073.961700
1073.966500
1073.976100
1073.986900
1073.995200
1074.003400
1074.015500
1074.024200
1074.031300
1074.038100
1074.087100
1074.334200
1074.591600
1074.630900
1074.824400
1074.834000
1076.093800
1076.101700
1076.123400
1076.808200
1077.450800
1077.459100
1077.471100
1077.560100
1077.570500
1077.872400
1077.880800
1077.995600
1078.003900
1078.047200
1078.055100
1078.062600
1078.114400
1078.395800
1078.403400
1078.880900
1078.895700
1078.905700
1079.234300
1079.253300
1079.309100
1079.322900
1079.640400
1079.649900
1079.771300
1079.780100
1079.788900
1079.897800
1079.906200
1079.917100
1080.315800
1080.324600
1080.333000
1080.340200
1080.359200
1080.509800
1080.516100
1080.522800
1081.201800
1081.369900
1082.086200
1082.092600
1082.100200
1082.106300
1082.112400
1082.118400
1082.124800
1082.280500
1082.339400
1083.016700
1083.571400
1083.654900
1083.676500
1083.688900
1084.274900
1084.303700
1084.316800
1085.684400
1086.218400
1086.228300
1086.243700
1086.258500
1086.394100
1086.784000
1086.799300
1086.869800
