spike times
3.220700
6.422900
6.454700
8.460300
8.505700
9.550100
9.568200
9.629300
12.851200
12.916500
20.965000
20.980200
21.010100
24.104100
24.373400
25.154800
25.174700
25.604600
29.572100
29.594400
30.064100
30.207400
31.969700
32.018700
33.294800
33.314900
33.373600
34.760700
35.068500
35.083500
35.112400
35.154300
42.192200
46.039500
46.057300
47.135900
48.910900
62.842400
62.860500
65.449600
65.470700
67.125400
67.176100
67.194200
72.050600
72.070000
72.193500
94.550500
97.581300
99.684200
113.121000
115.836200
115.856700
115.997800
123.156900
143.519300
144.469300
150.159100
150.187500
150.204300
150.236300
150.257600
150.555700
150.739100
150.762300
152.427000
152.460600
158.683200
161.895800
161.920400
166.308800
180.998500
185.522900
185.589700
185.860600
186.117300
186.462200
186.745800
187.618200
188.561700
188.585300
188.602700
189.275700
207.740700
207.773700
207.811300
208.061300
208.097600
208.112700
212.750500
214.091100
226.397400
228.858800
228.886900
229.250400
236.112700
237.388000
237.444500
238.590300
238.644400
259.022400
263.352800
263.399000
270.275400
270.293900
270.392300
270.409400
270.585400
270.598500
270.675900
270.687700
270.709700
270.836900
270.855500
270.884200
270.906000
270.981000
270.997900
271.098800
271.219300
271.256700
271.307500
271.570000
271.755800
271.791000
271.891600
272.080600
272.092400
272.247200
272.261800
272.280700
272.617300
272.859900
272.868900
272.977900
273.293300
273.466400
273.816800
273.824500
274.377400
274.538900
274.551900
274.831300
274.849500
274.914100
275.266000
276.123100
276.434500
281.308400
281.595000
289.955200
290.570300
290.726000
295.140000
295.242500
296.712800
298.306700
298.517300
298.779400
298.908900
299.277300
300.298400
300.711600
301.232900
301.519200
302.071900
302.424700
302.724500
302.950200
303.225100
304.114900
304.448700
305.505900
305.695600
306.253100
306.846800
307.304200
307.327900
308.397200
308.460000
308.656000
309.149000
309.255100
309.445300
311.281400
311.294800
314.229900
314.624300
315.866200
319.935200
320.439500
326.653800
329.731700
342.355300
342.365900
342.381500
345.699800
347.096800
351.867900
354.151100
354.166100
354.182500
354.350700
354.510900
354.624000
354.662000
355.083300
355.448400
355.473000
355.981900
355.998700
356.066700
356.103600
356.171100
356.958400
357.018400
364.346500
377.008900
392.277800
392.287300
392.301700
392.322300
392.339200
392.350800
392.363100
392.673300
392.892400
392.908200
393.027700
393.048100
393.475400
393.494700
393.510600
395.266300
395.475700
402.124300
402.653100
403.362000
403.373700
404.440500
404.456500
407.817400
408.145600
408.163100
408.186200
416.182600
423.162100
424.323100
424.395700
430.202200
430.857500
433.268800
439.732000
439.746500
439.814000
447.254700
447.274600
447.927500
447.951500
447.972600
448.004100
448.240600
449.003100
449.568000
449.986500
450.761700
450.903100
451.030600
451.067500
451.295800
451.674300
452.258000
452.377200
453.888300
453.906400
454.070400
454.233000
454.253500
454.496900
454.679200
454.977700
455.615100
456.189200
456.286300
456.459500
456.494900
457.192200
457.450900
457.466500
457.610300
457.911100
457.942400
458.152200
458.450200
458.779000
459.400500
460.080100
460.288400
460.788000
460.895800
460.921000
461.789200
462.267100
462.478000
462.791500
463.023000
463.419400
463.677400
463.990400
464.472700
464.699200
465.300500
465.340700
465.715300
466.074500
466.807700
467.127900
467.720600
467.742600
467.758100
468.527400
468.655900
469.308800
469.328900
470.208300
470.281500
470.893300
471.472800
471.598000
472.230500
472.260600
473.007800
473.475500
473.706600
474.186700
474.968100
475.504300
475.747400
476.442800
476.516800
477.573700
477.857000
478.262200
479.129000
479.176800
479.378800
479.779900
480.253800
480.451600
481.196900
481.499500
481.624600
481.869100
482.430400
483.057000
483.257400
483.806500
483.826700
484.021400
484.462000
485.069000
485.500900
485.902500
486.117900
487.719000
487.751000
488.253100
488.507500
489.196200
489.995100
490.271400
490.771500
491.098200
491.752900
491.770700
492.118500
492.786500
493.576500
494.353900
494.615000
495.186400
495.280400
495.585900
496.136300
496.542500
496.550300
496.715800
497.067600
497.795600
498.094000
498.851600
499.623500
499.768500
499.777700
499.986200
500.014800
500.895100
501.039300
501.291000
501.566200
502.868700
502.884200
505.520500
505.731700
506.368700
506.724600
507.230800
507.256000
507.287100
507.489600
507.671300
507.900200
508.382200
508.398700
508.430400
508.444100
509.043800
509.107700
509.496200
509.665800
510.132400
510.503100
510.534900
510.800000
512.050600
512.302700
512.311300
512.345700
512.366900
512.377100
512.383300
512.391200
512.412200
512.446400
512.475900
512.485100
512.502200
512.513400
512.716400
512.867900
513.214300
513.475600
513.884600
513.919200
514.052600
514.066100
514.161600
514.180500
514.215500
514.651900
514.680800
515.263900
515.283400
515.511200
515.609100
515.821600
515.845500
516.607300
517.496000
517.782600
518.563200
518.595000
519.763400
520.308300
520.342900
520.592400
521.035700
521.054600
521.509600
522.256900
522.442800
522.999900
523.052500
523.358900
523.794200
523.834200
524.461800
530.924600
532.235900
532.282000
538.410300
538.435800
538.628400
539.220900
546.883100
551.300400
551.332300
558.992800
571.490300
571.518400
571.634600
573.713300
573.733000
573.751900
576.143700
576.173900
578.478200
578.489600
579.522500
579.543200
579.597900
581.240100
581.620400
582.052000
582.837400
582.858800
583.198200
583.690700
584.062500
584.901900
584.914200
585.130500
585.470900
585.786800
586.294000
586.470700
586.493400
586.625200
586.959900
587.774500
587.797500
588.984100
589.358900
589.390800
589.658400
590.352900
590.378200
590.730900
590.966700
591.016200
593.961800
593.987000
594.084700
594.496000
594.700500
594.831400
594.893200
594.910600
595.091200
595.173100
595.417300
595.743000
595.911400
596.469500
596.634900
597.717600
597.741800
597.801500
599.412100
599.438400
600.184100
603.955200
603.971100
604.166900
604.188500
604.711500
604.737000
604.883700
605.141400
605.441100
605.687000
605.731300
605.898000
606.436200
606.720800
606.889200
606.903300
607.202200
607.354500
607.869700
608.015700
608.468500
609.369400
609.392100
609.569600
609.595500
610.012600
610.459300
610.869100
611.246000
611.664600
611.801600
612.287300
612.308800
612.586500
612.864700
612.974000
613.242300
613.275900
614.430100
614.443100
614.458400
614.476400
614.501400
614.680000
614.708000
615.312800
615.339200
615.381300
616.362300
616.383000
616.412500
616.468600
616.674400
617.363600
618.013200
618.040700
618.063400
618.154000
618.327100
618.597700
618.715400
618.851700
618.867500
619.138900
619.285900
619.520300
619.533500
619.595900
619.795300
620.114900
620.300000
620.442700
620.462800
621.570500
621.609500
622.857000
622.989100
623.031000
623.511100
623.921500
624.018300
624.165800
626.945300
626.999700
627.879100
628.041000
628.195500
628.370400
629.408700
629.433700
629.462800
629.659000
632.523400
632.535600
632.542100
632.549800
632.556000
632.564400
632.576300
632.584200
632.599900
632.634800
632.648000
632.694200
632.737800
632.783700
632.798400
632.807300
632.850100
632.864300
632.873500
632.897100
632.923400
632.981100
633.053500
633.068000
633.077600
633.084700
633.164300
633.192000
633.269700
633.316000
633.442000
633.450800
633.467000
633.498700
633.539400
633.578900
633.600800
633.628300
633.655400
633.778400
633.801200
633.810900
633.822400
633.948500
633.962100
633.980500
634.084800
634.149100
634.156900
634.181300
634.299900
634.341200
634.403800
634.427200
634.439600
634.484900
634.574600
635.178400
635.239300
635.275600
635.293500
635.524000
635.535400
635.739300
635.766700
636.098600
636.108500
636.122500
636.137600
636.256700
636.347300
636.413500
636.636500
636.643200
636.715600
636.771800
636.790600
636.811000
637.054500
637.065500
637.092000
637.108800
637.146800
637.387100
637.727700
637.809000
638.122300
638.143900
638.433800
638.480500
638.570800
638.838100
638.943800
639.263500
639.285400
639.312300
639.500600
639.892000
639.925100
640.664200
640.713700
640.880700
641.108900
641.423200
642.010800
642.024200
642.063700
642.508200
642.793200
643.100800
643.112800
643.532100
643.549700
643.916100
644.203400
644.215600
644.263900
644.280500
645.917500
646.892900
647.115100
647.150600
648.278200
648.293300
648.324100
648.340800
648.691500
650.123900
650.886200
651.733000
651.756700
651.820800
652.398600
653.967300
655.262000
657.460000
657.845800
657.867600
660.257400
660.275000
660.331300
660.360400
660.750400
661.544500
661.559700
662.024200
662.037900
663.680800
664.092800
664.110000
664.680700
664.818900
665.891400
666.684100
668.926900
668.942500
668.958300
669.602500
671.759000
671.770900
673.052300
674.270200
676.728800
677.005800
677.025000
677.268800
677.291700
678.427900
678.438500
678.452600
679.849000
679.900500
679.938200
679.987100
680.013600
680.312200
680.324800
680.355200
680.406600
681.262900
682.840400
683.019200
685.664200
685.692100
688.092700
688.116900
689.400200
690.997700
691.507200
692.115100
692.192400
698.462500
698.513200
698.544000
698.792100
700.145200
700.157100
701.703600
701.930900
701.987600
702.011100
705.425600
705.764200
706.078400
706.568400
708.068000
710.078000
710.091900
711.470000
711.479300
712.548800
712.562900
713.244500
713.260200
713.285400
713.314500
718.011400
720.640800
720.652800
721.262400
722.048400
722.072800
722.110000
722.868600
722.888500
723.279300
723.317100
725.716100
725.743100
726.308000
726.846300
726.868300
726.884200
726.934800
728.405000
728.619800
730.636500
730.838600
730.849500
732.015400
732.079400
732.871600
733.971500
733.985800
733.998200
734.018000
738.937000
738.952400
739.758000
739.885300
739.910800
740.164600
