spike times
4.461900
4.471700
4.480300
4.495900
4.783800
4.795400
4.803400
4.817400
4.874300
4.904100
4.909200
5.313800
7.960600
11.264700
12.528700
12.545500
12.553800
12.564900
16.236000
16.264100
25.375700
30.078500
30.089800
30.110000
30.224900
30.307800
30.445900
30.678400
30.686800
30.696800
31.093000
31.125200
31.231300
31.368000
31.805800
31.931500
32.494400
32.563500
32.572200
32.583900
33.535500
33.554200
33.590100
33.793500
35.061200
35.082200
35.617000
35.732000
35.767100
36.250300
37.214700
37.223000
37.241600
37.252400
37.621000
38.317100
38.328200
39.446600
39.466000
40.268900
40.280800
41.663800
42.101100
42.544900
42.560300
43.256400
43.266600
43.282100
43.552200
43.564000
43.578400
44.711300
45.518900
45.761500
45.791400
46.017300
46.415400
46.428100
46.438000
47.159700
47.178100
48.468800
49.028500
49.054900
50.651900
52.144700
53.023500
53.250000
53.282900
54.728000
55.520700
55.736100
56.015500
56.276200
57.402400
58.245000
59.200700
59.236800
59.966300
61.301300
61.488000
61.908500
62.326600
63.155600
63.519700
65.103800
65.130000
66.132900
67.640600
67.657600
69.211500
69.237400
69.569000
70.275000
70.829300
71.289500
71.548300
72.141700
72.153500
73.649200
74.626500
74.916800
75.504000
78.581300
79.284900
79.588700
81.796000
82.923100
83.692000
85.589300
85.610800
87.956800
87.967100
88.807700
90.128400
90.596800
92.189700
94.199100
94.544000
94.552800
96.480800
96.952200
96.963300
99.900600
100.982600
101.177900
101.686500
102.736400
102.747500
105.151200
107.295100
107.323200
109.522300
109.850300
109.860200
110.914000
110.937100
114.971800
114.996400
116.410000
116.794900
118.614200
118.625000
119.029500
119.772200
119.784400
120.222900
122.774900
124.853800
124.866200
125.439000
126.060400
126.077800
126.162600
127.672400
128.206900
131.527400
136.268500
136.302200
136.755200
138.165000
140.700000
141.352100
143.991900
144.018100
147.043100
147.059200
147.103100
147.114900
147.391800
150.188200
150.624800
150.884700
151.004900
152.088000
153.990800
154.658700
158.223700
158.238600
158.835400
158.914300
158.939200
158.966400
158.977200
159.333800
159.342800
160.828400
160.860300
162.091600
162.109400
163.179300
164.086800
166.385700
166.406600
169.976500
170.814800
170.827500
170.851300
171.744900
171.756300
176.707300
176.722800
177.774900
179.098300
179.135100
182.929700
183.177700
184.183200
184.218400
186.244300
189.773900
189.785800
193.408000
193.540300
194.444400
195.424300
195.432900
197.926900
198.905300
198.933600
199.169500
205.488600
207.503100
207.914800
207.928700
208.295900
209.452800
210.506300
211.698500
211.719400
214.779500
215.921600
216.720000
217.111600
217.130900
217.567700
217.580600
218.019800
219.088500
219.925100
220.916400
223.956000
223.966000
223.979500
223.995700
227.613000
227.627900
230.815100
230.825600
233.160700
235.702100
235.888300
235.955700
236.319300
236.678000
237.468100
243.026100
245.547500
246.542200
247.667700
247.681500
248.143500
249.560500
251.596900
251.925600
251.935900
252.123900
255.520100
256.741600
256.894300
256.906600
257.506900
257.537100
259.036800
259.047200
259.594300
261.177800
261.361600
264.921500
264.927700
264.938400
266.305300
266.835100
266.994700
267.007800
268.759200
269.285400
269.748200
270.409200
270.435400
271.745500
272.102800
272.111200
272.121700
272.128200
272.144400
272.153700
272.211300
272.219600
272.227300
272.237500
272.261700
272.795200
272.877600
272.886500
273.102300
273.132000
273.207600
273.234600
273.524400
273.645300
273.898000
274.261800
274.273900
274.496100
274.513200
274.548600
274.952100
274.960900
274.979200
274.997900
275.802200
276.569400
277.143400
277.494000
277.500800
277.519500
277.832300
277.845900
278.035700
278.523500
278.534100
278.725300
279.009600
279.041200
279.202700
279.983100
280.184100
280.214300
280.360700
280.372300
280.482200
280.757800
282.854300
283.031500
283.535200
283.547200
283.798400
284.125100
284.570600
285.014900
286.288300
286.463400
287.403300
288.411800
289.189200
289.657000
289.671800
289.689100
290.327600
290.372100
290.867200
291.745200
291.857200
293.469400
294.664500
294.680000
296.743100
297.080600
297.116300
297.924100
298.856900
298.878300
299.437000
299.449800
299.458000
300.250600
301.488300
303.789200
303.981100
303.996000
305.361400
305.380800
306.281600
306.293600
306.475000
307.484600
307.496000
307.864100
307.874500
308.626500
308.648000
309.461100
309.473200
309.757700
309.962900
310.273000
310.461400
311.689400
312.398200
312.922700
312.941700
313.126300
313.660100
315.998200
316.015400
316.551300
316.906200
317.309600
317.755500
319.567500
320.974900
321.835900
322.993800
328.090300
328.139200
328.349700
328.641500
330.431000
331.598700
331.620500
332.366000
332.844600
333.090000
334.423200
337.432900
337.451500
337.474300
339.062100
339.073100
339.163800
341.423600
341.436200
341.451100
341.915700
341.961300
341.974800
344.194200
344.908300
344.921200
344.932600
347.570700
348.156700
348.181300
349.088400
351.633700
353.265900
355.068900
355.097800
355.539100
357.676100
358.549900
358.569700
359.862700
359.904500
359.953300
360.053400
360.063000
360.761100
361.529700
363.360100
363.815300
363.824000
364.783100
365.428600
366.614300
366.626900
368.779200
369.255800
369.628400
371.094300
371.110100
372.299300
372.308700
372.854000
372.964800
373.410700
373.724600
376.148500
378.670300
378.680800
378.741400
379.883500
383.651900
385.364000
385.861100
385.883700
390.292200
390.531000
390.544500
392.296600
392.304200
392.311600
392.316600
392.320700
392.325200
392.329700
392.334100
392.338500
392.343600
392.349300
392.355400
392.362400
392.370800
392.383000
392.415300
392.421200
392.432100
392.463800
392.476600
392.484200
392.494200
392.552000
392.567500
392.612700
392.635300
392.663000
392.735400
392.803300
392.848700
392.869400
392.886800
392.974000
393.002100
393.182300
393.189500
393.203600
393.231800
393.248000
393.305100
393.342700
393.436000
393.459000
393.508200
393.515200
393.545000
393.741300
393.750900
393.765500
393.775400
393.796100
393.818100
393.833600
393.863100
393.914600
393.930000
394.001800
394.041300
394.053700
394.135100
394.216700
394.324500
394.544700
394.557100
394.822600
394.885200
394.910900
394.926100
395.013900
395.160100
395.230900
395.249300
395.280800
395.290200
395.469300
395.610200
395.700100
395.838100
396.113800
396.139000
396.265900
396.414800
396.503400
396.608700
396.793900
397.039100
397.071800
397.160900
397.172900
397.350600
397.372200
397.414300
397.522800
397.639300
397.653200
397.788700
397.911500
398.088000
398.100700
398.313600
398.345800
398.422100
398.473800
398.502600
398.512900
398.740200
398.782900
398.964700
399.028100
399.039600
399.049000
399.361900
399.480400
399.548100
399.629400
399.639900
399.723200
399.791300
399.801800
399.842000
399.978600
400.103100
400.119900
400.556400
400.571000
400.580100
400.591300
400.668100
400.690100
400.948300
400.973200
400.987000
400.997500
401.035000
401.126000
401.249700
401.320000
401.328600
401.528500
401.652200
401.667300
401.828300
401.957100
401.967200
402.012400
402.153700
402.195900
402.213900
402.298200
402.336500
402.599700
402.773400
402.784600
402.862700
403.018000
403.202700
403.394300
403.404700
403.570900
403.579600
403.595000
403.846800
404.119400
404.158200
404.307400
404.445200
404.471500
404.538800
404.700400
404.791800
404.814900
404.834500
405.175100
405.183300
405.205900
405.400900
405.413700
405.779600
405.868300
405.955600
405.966600
406.074000
406.232300
406.541200
406.552400
406.568800
406.823800
406.833300
406.876900
406.889000
406.903000
407.017000
407.157000
407.170300
407.256800
407.292300
407.300000
407.476100
407.539300
407.584300
407.706900
407.721400
408.033600
408.150300
408.342300
408.353200
408.479100
408.620000
408.633700
408.945500
408.954300
409.192900
409.204300
409.539900
409.997200
410.010000
410.019000
410.030500
410.247600
410.492200
410.796900
410.803800
410.819100
410.854300
410.946700
411.251700
411.543200
411.933600
411.971100
412.073600
412.217200
412.276400
412.412500
412.704000
412.759200
413.063400
413.197000
413.225700
413.235400
413.502500
413.536000
413.708900
413.902400
413.910900
413.927400
414.240800
414.338700
414.373300
414.935800
414.968800
415.327400
415.338100
415.346900
415.366500
415.378200
415.393300
415.844400
415.872900
416.285600
416.344300
416.353500
416.361700
416.606200
416.651600
416.756600
416.843700
417.285200
417.849200
417.963300
417.974600
417.994900
418.063700
418.496900
418.515000
418.533100
418.550800
418.719700
418.790100
418.797100
418.809200
419.029000
419.324600
419.341200
419.353700
419.600300
419.728600
419.859200
419.871300
419.894800
420.421000
420.462300
420.672900
420.753900
421.236700
421.318100
421.367000
421.374900
421.383300
421.808400
421.831400
421.844800
421.867900
422.059300
422.463600
422.492300
422.759500
422.914000
423.123800
423.135900
423.408800
423.418700
423.437600
423.485400
423.823900
424.206700
424.522100
425.130400
425.143700
425.449700
425.618800
425.736600
425.928500
425.943900
425.959900
426.666800
426.824600
426.900500
427.062900
428.317400
428.333500
428.392900
428.832700
428.844500
428.883100
428.895100
429.173600
429.359400
429.509600
429.872900
429.879900
429.887700
429.975200
429.986100
430.604700
430.617200
430.969000
431.013200
431.032600
431.379400
432.069000
432.562100
432.718000
432.732800
433.187000
433.409700
433.633800
433.999600
434.356200
434.633300
434.644400
434.658200
435.102200
435.149000
435.740900
436.048600
436.058000
436.198900
436.215000
436.308400
436.565100
436.822500
437.631000
437.647800
438.226000
438.391900
438.898900
438.920700
438.998100
439.023200
439.743400
439.847800
439.877900
440.313100
440.593300
440.987200
441.252900
441.268000
441.282800
441.554400
442.816300
442.827900
442.886200
443.348500
443.360900
443.760400
444.015500
444.438900
444.451800
444.491500
444.784100
444.947500
445.858500
445.875300
445.885400
445.894600
446.273200
447.099400
447.354600
447.393000
447.653700
447.716600
448.536600
448.547100
448.568900
449.231600
451.425700
451.465600
451.982900
451.997800
452.195400
452.204200
452.501800
452.516500
452.938700
453.191600
453.296900
453.478000
454.746200
454.759200
456.670400
456.688500
456.702400
456.850500
456.881100
456.886900
457.985800
458.005000
459.702500
460.073800
460.216600
461.050800
462.500300
462.749900
463.391100
463.765400
464.014100
465.593100
465.904100
466.859600
466.873600
468.953000
468.969200
470.804600
471.876500
471.909100
473.724600
473.977900
475.137600
476.171700
477.545600
477.552000
477.562900
478.039200
478.053400
478.952600
479.445300
479.452600
479.461000
479.470300
479.843400
480.063600
481.152400
481.163600
481.894600
481.902900
482.022800
482.618600
482.630500
482.972600
484.361100
484.371200
484.390400
484.815800
485.293200
485.493900
485.510100
485.660500
485.685500
486.290400
486.348400
486.363100
486.788900
487.682700
488.172300
488.187200
488.322100
488.444400
488.460000
489.182600
489.371200
489.942900
490.166300
490.191400
491.741800
491.764900
491.804500
492.100400
492.115000
493.796800
494.422000
494.429200
494.838000
495.724800
495.742600
495.751800
496.019800
496.479000
496.486900
496.512800
496.525300
497.419300
497.447600
497.702000
498.639700
499.776300
500.421000
500.798600
501.662400
502.402600
506.388200
506.527700
506.913500
506.923700
507.218100
507.615200
509.146800
510.430200
510.438100
512.455100
514.286900
514.294000
514.300400
514.308600
514.315200
514.325800
514.336300
514.724100
514.730400
514.737600
515.234500
515.348000
516.203100
516.420400
516.771400
516.782900
516.892500
516.914800
517.068400
517.115200
517.123700
517.133000
517.157100
517.468700
517.537600
518.019300
518.041700
518.052800
518.974800
519.982900
520.303500
520.324000
520.872400
520.893000
521.563400
521.574400
521.585600
521.599900
522.228200
522.553300
522.918500
523.390800
523.403300
523.584800
523.618200
523.916500
524.026300
524.047400
524.331700
524.342300
524.678700
524.693200
525.410500
525.432800
526.609800
526.625100
526.800400
527.392300
527.404300
527.417900
527.896200
528.147500
528.565700
528.573600
529.500800
529.524000
530.130200
531.156800
531.480500
531.820900
531.834200
531.843400
531.857000
531.867600
531.982300
531.990900
533.189200
533.201600
533.317300
533.634400
533.645500
533.660800
534.639900
535.200000
535.211900
536.269600
536.309000
537.321000
537.347500
537.566600
537.907300
537.922500
537.943600
538.376500
538.856700
539.295100
540.392200
540.465600
542.914000
545.131300
545.155300
545.220600
545.690100
545.699500
546.459400
546.472100
547.971000
550.113300
550.128200
550.460900
551.526800
551.575200
551.590500
551.605100
552.928100
553.072700
556.083100
556.473500
557.355800
557.367500
557.892500
559.202400
559.243800
559.260500
559.358600
567.413400
567.455800
568.526500
568.715500
569.538800
570.192600
570.486200
570.590900
571.610900
571.638300
573.128600
573.146800
573.504900
574.249400
574.269800
574.966300
576.445300
576.869400
577.233900
577.251700
577.648700
577.691600
577.705600
577.805200
579.274700
579.655700
579.664100
579.675000
579.797400
579.815100
579.833600
580.565300
582.740800
583.182400
583.191200
585.467800
585.510500
585.764700
585.779200
586.115000
588.753300
589.246800
590.810600
590.840300
590.857900
592.867800
596.597300
597.197600
597.217900
599.760000
599.791500
600.940900
601.197300
602.606400
603.498800
604.137000
604.160600
604.168900
604.713700
605.201100
605.212900
605.230600
607.553500
607.952200
607.962200
607.974200
607.982400
607.988800
607.994900
608.010700
609.307600
609.331800
609.350300
609.864400
610.779800
610.798000
611.484800
613.365600
615.564900
616.732000
616.744700
620.901500
620.914700
620.933300
620.954700
622.731100
622.742900
622.775200
623.752300
625.919400
626.021300
626.419500
627.320100
627.363800
627.892100
629.755000
629.780700
632.555700
632.585700
632.781700
633.770300
634.237800
634.302300
634.310100
634.314400
634.318400
634.322100
634.326200
634.334700
634.339600
634.344000
634.348500
634.353100
634.358000
634.366300
634.375000
634.381900
634.387700
634.396600
634.421400
634.444500
634.459600
634.475100
634.486200
634.498700
634.505500
634.556600
634.703600
634.716300
635.019000
635.039900
635.212900
635.481600
635.491000
635.509400
635.517300
635.721200
635.749500
635.759700
635.770200
635.778800
636.122200
636.159400
636.215200
636.223200
636.234500
636.248600
636.323700
636.434800
636.540700
636.886300
636.891900
636.899300
636.906000
637.060100
637.295600
637.310200
637.583000
637.599000
637.607300
637.623100
637.831500
638.010000
638.022300
638.042400
638.171500
638.181500
638.258300
638.445000
638.451600
638.592900
638.735800
638.843800
638.986200
639.046800
639.339200
639.345300
639.385000
639.687000
639.698300
639.756700
639.900800
639.963900
640.244400
640.442600
640.623100
640.634100
640.815700
640.918500
640.929700
640.938800
641.041400
641.060100
641.500900
641.694000
641.843600
642.059500
642.072500
642.094900
642.115800
642.359300
642.496600
642.727600
642.955800
643.094400
643.361600
643.407800
643.415400
644.006500
644.235200
644.245300
644.756200
644.870200
645.005000
645.020100
645.282600
645.291100
645.509700
645.659100
645.706200
645.793200
645.800500
645.806800
646.075700
646.204800
646.232300
646.377800
646.656500
646.745500
647.091200
647.215700
647.536600
647.681900
647.739300
647.907700
647.917700
648.193900
648.278300
648.430400
648.619300
649.217800
649.791600
649.962900
650.014800
650.527600
650.838700
650.847100
651.338000
651.365900
651.435300
652.170000
652.495200
652.504800
653.002100
653.011500
653.026500
653.039900
653.235100
654.466800
654.484800
654.498300
657.009500
657.111600
657.139100
657.187000
657.351900
657.654300
658.239900
658.247800
658.254200
658.262800
658.277100
659.792900
659.805200
659.812500
659.846700
660.730200
660.746300
661.197500
661.364100
661.377900
661.392400
661.834200
661.842400
662.667700
662.798000
662.825200
664.136000
664.824700
665.062900
665.070300
665.245200
666.108600
666.125100
666.157500
666.174100
666.758600
668.618200
668.680600
669.308200
669.836400
670.466700
671.105000
671.119600
671.519800
671.846000
671.861100
671.869500
671.885300
672.482600
672.972400
673.296900
673.468100
675.177100
677.228500
678.771100
679.491500
679.518500
679.563600
679.763000
679.792000
681.477400
681.488300
681.514100
682.226300
682.975200
682.985100
683.437000
684.279600
685.691000
685.936200
688.587400
689.046000
689.055900
690.242500
690.259700
691.807400
693.177700
693.188800
693.314300
695.671700
695.690100
698.441900
699.124500
699.137300
700.345000
700.570600
701.235700
702.055000
704.370600
704.664000
704.678300
705.564600
705.578600
705.988600
706.316600
706.328300
706.347000
707.612800
707.623100
708.946300
709.484600
709.987800
712.184200
713.680100
713.689400
713.703100
713.725800
714.793300
717.311100
718.990300
719.156900
719.607500
719.764900
720.539800
722.715000
722.729100
723.638400
723.668600
726.311800
726.336100
726.351500
727.942800
729.258000
729.269000
730.049300
730.065200
731.090300
732.335800
732.803900
735.459500
735.911900
736.179400
736.190700
737.378000
737.422300
740.253300
740.276100
740.567800
740.893400
740.907500
740.921700
741.379300
744.443800
744.525000
745.263400
747.753600
751.619500
751.645800
752.339200
752.397700
754.456800
754.508100
754.513300
754.517600
754.521900
754.526100
754.530800
754.535700
754.540000
754.544200
754.549100
754.554500
754.560000
754.566800
754.573200
754.581400
754.587400
754.594600
754.603200
754.610500
754.620000
754.628000
754.649700
754.656800
754.683000
754.691100
754.700100
754.716600
754.731300
754.779700
754.790000
754.870600
754.909500
754.917800
754.928700
754.997400
755.011100
755.063700
755.086100
755.092400
755.107900
755.178600
755.206800
755.241600
755.282300
755.338000
755.352500
755.448800
755.479300
755.497700
755.518000
755.538900
755.545800
755.556100
755.598800
755.642600
755.651900
755.667800
755.791600
755.838600
755.854300
755.922700
755.937500
755.944200
755.957400
756.049200
756.118000
756.127600
756.140500
756.154500
756.214400
756.238500
756.272000
756.351300
756.363600
756.393300
756.404700
756.427900
756.487500
756.584600
756.735800
756.764200
756.834500
756.878800
756.886600
756.905500
757.000800
757.017800
757.185900
757.369800
757.497800
757.526700
757.581100
757.630200
757.640300
757.861700
757.940900
757.961000
757.986300
758.018100
758.033700
758.154000
758.282300
758.412700
758.629600
758.655500
758.667500
758.799400
758.806800
758.912100
758.976600
759.151800
759.236000
759.283400
759.364300
759.375000
759.499300
759.588500
759.667200
759.763800
759.863100
759.894300
759.960300
759.995800
760.134400
760.299400
760.320400
760.459500
760.483100
760.534700
760.655900
760.844900
760.969600
761.202400
761.218500
761.369100
761.464600
761.507700
761.597200
761.675700
761.737300
761.789500
761.956000
762.005700
762.021600
762.060100
762.084700
762.243500
762.268800
762.282300
762.306800
762.551700
762.742000
762.753400
762.792600
762.830200
763.021100
763.255600
763.266700
763.391700
763.403500
763.625000
763.667100
763.673900
763.690300
763.860500
763.906600
763.915600
763.949200
764.062000
764.071000
764.217500
764.229200
764.281100
764.421400
764.524400
764.807200
764.887400
765.140500
765.146700
765.210600
765.237000
765.418000
765.529500
765.537600
765.559700
765.567200
765.577500
765.690900
765.699400
765.847100
766.289100
766.301800
766.342800
766.487500
766.494400
766.502300
766.540500
766.550300
766.810100
767.073300
767.082900
767.262500
767.560300
767.596300
767.714200
767.753000
767.856600
767.971900
768.119000
768.204200
768.223600
768.295400
768.546600
768.731900
768.756700
768.877400
769.183500
769.264900
769.371400
769.380500
769.472900
769.570900
769.755200
769.771600
770.005400
770.246600
770.255000
770.293500
770.450100
770.459800
770.575700
770.669700
770.921300
770.959800
771.139600
771.202800
771.211800
771.228000
771.523300
771.865100
772.060900
772.241700
772.248100
772.254000
772.260100
772.275500
772.335600
772.343900
772.445100
772.506500
772.848300
772.870500
772.924200
773.183000
773.353600
773.366400
773.629400
773.753200
773.848400
773.965700
774.016200
774.025100
774.034600
774.192100
774.205100
774.379400
774.476600
774.565900
774.700100
774.724000
774.730400
774.740300
774.913000
774.932600
775.239300
775.482800
775.496200
775.889900
775.901400
776.054300
776.069200
776.110700
776.123300
776.276800
776.677900
776.816300
776.828400
776.838900
777.021200
777.231700
777.247600
777.353500
777.521500
777.662800
777.776400
777.937300
777.952100
778.443300
778.593100
778.684600
778.787200
779.121200
779.128500
779.403200
779.410200
779.416400
779.423700
779.435700
779.643800
779.859600
780.001800
780.147600
780.443900
780.659500
780.894800
780.908000
781.055600
781.066600
781.133600
781.230500
781.393000
781.512400
781.530400
781.632500
781.867300
781.875400
781.989700
782.038600
782.167400
782.280100
782.290300
782.745200
783.004300
783.014500
783.086600
783.187100
783.766700
783.784700
783.847000
783.963200
784.346400
784.359300
784.414500
784.669500
784.729500
784.903000
785.216200
785.374400
785.572900
786.001600
786.201800
786.218300
786.585500
786.842300
786.850400
786.875000
786.885100
787.029700
787.264300
787.272400
787.281300
787.341200
787.470100
787.531800
787.554400
787.637700
787.979100
788.061400
788.253500
788.278600
788.938100
788.949200
789.003000
789.011200
789.019600
789.162500
789.721200
789.966500
789.987800
790.434000
790.656700
790.882600
791.393000
791.462800
792.010600
792.044600
792.269300
792.549700
792.653300
792.829300
792.836100
793.081400
793.092600
793.725100
794.085100
794.207500
794.217700
794.465100
794.474200
794.602700
794.611300
795.044100
795.265600
795.616600
795.721000
795.903800
795.931700
796.290500
796.299700
796.350500
797.069900
797.316500
797.344500
797.600700
797.712300
797.724700
797.914700
798.388000
798.398500
798.455400
798.544700
798.552000
798.765300
799.442400
799.458300
799.480800
799.757400
799.953200
800.734300
800.747400
800.877200
801.389600
801.456100
801.653800
801.666000
801.673800
801.957200
801.965400
802.187600
802.287900
802.295700
802.534300
802.774400
803.067600
803.326200
803.338900
803.349400
804.583900
804.989700
805.581700
805.886800
806.013500
806.400500
806.418100
806.824100
806.972900
807.516300
807.524000
807.855900
807.875600
808.090500
808.103900
808.773900
809.325000
809.674000
809.686700
809.912500
810.847200
810.992200
811.007500
811.305500
811.333100
811.349900
812.275600
812.559200
813.314000
813.343900
813.628100
813.913000
813.929500
814.026600
814.300400
814.409700
814.957600
814.979100
815.427900
815.449400
815.537800
816.398000
816.415900
816.429000
816.751400
816.762600
817.340400
817.499100
817.879300
818.113800
818.482700
818.492500
819.832600
819.931700
819.969500
820.050200
820.138700
820.379300
820.391700
820.636900
820.862200
821.444900
821.665100
821.729000
821.737600
821.875900
822.046400
822.745100
822.764900
823.097800
823.107800
823.450600
825.510600
825.535600
825.682800
826.932400
827.094000
827.520400
827.534800
827.559300
827.930300
828.255500
828.277700
828.297200
828.622500
829.228000
829.239900
829.627300
830.445400
830.616100
830.636500
831.258100
831.291400
833.760700
834.148900
834.511100
834.520100
834.553800
834.968200
834.981000
835.131700
835.322500
835.606100
835.704100
835.717600
836.340600
836.539800
836.727700
837.183000
837.194600
837.215900
837.273500
837.472300
837.482900
838.066200
838.123600
838.411900
838.427800
839.113300
839.143800
839.505400
839.524200
839.537100
840.521700
840.545800
841.392100
841.743600
841.789300
841.877200
842.398800
842.442200
842.482100
842.966700
844.752800
845.203700
845.446000
845.461300
846.043100
846.310100
846.321600
846.446600
846.458300
846.654100
846.745100
849.006200
849.019000
849.035100
849.887500
850.197700
850.213100
850.673400
851.419900
851.524700
852.450900
852.971300
853.844600
854.039100
854.263000
854.280000
854.383700
854.401700
855.098600
855.126200
855.161000
855.626900
855.788400
855.901600
855.988000
857.736400
858.478000
858.994300
859.181600
859.211400
859.222200
859.236200
859.890700
859.908800
860.317400
861.842800
862.018500
862.298100
862.966800
863.152300
863.167500
863.349700
863.916900
864.143900
864.156000
864.586800
864.600800
865.052300
865.105400
865.138100
866.557000
866.610900
867.007200
867.672200
867.713300
869.323600
870.790200
871.140000
871.201200
871.244800
872.597800
873.713400
873.725200
876.145300
876.241800
876.511500
876.515600
876.519500
876.523300
876.527500
876.532000
876.536400
876.540700
876.545200
876.550100
876.555200
876.563700
876.570500
876.577200
876.735900
876.806000
877.088100
877.106000
877.120200
877.262600
877.480400
877.491200
877.590900
877.672700
877.680400
877.824900
877.837700
877.859600
877.872200
878.131200
878.138100
878.190900
878.499400
878.506800
878.517500
878.538400
878.733300
878.920600
878.942400
879.253000
879.282100
879.681000
880.096800
880.117700
880.410500
880.895300
880.904400
880.932200
881.268900
881.389000
881.396700
881.493500
881.590900
881.724700
881.889300
882.167000
882.300600
882.957300
883.400600
883.415900
883.424000
883.433000
883.440300
884.043000
884.057600
884.440200
884.471200
884.978400
884.988000
885.005300
885.339800
885.731800
885.871700
887.151100
887.390900
887.848300
888.745000
888.761500
888.771600
888.792400
888.944800
888.960100
888.970500
888.977600
888.986300
889.444400
889.453800
889.712000
889.753200
889.936800
889.954400
890.556600
890.614400
890.994000
891.013600
892.317400
892.701100
892.709900
892.725500
892.735600
893.571700
893.654000
893.768100
893.789500
893.889000
894.500100
894.510800
894.712500
895.237800
895.248400
895.331700
895.769200
895.779700
895.789300
896.246300
896.520500
896.994700
897.172700
897.203500
897.213400
897.220800
897.231700
897.247700
898.421000
899.143000
899.847500
900.280100
900.293300
900.750300
900.922600
900.972100
901.088300
901.354000
902.744100
902.757900
903.231200
903.262500
903.439000
904.439600
905.672700
905.686000
906.211800
906.541200
906.552600
907.674100
907.690000
907.703500
907.828300
908.355500
908.502300
908.512700
908.748500
909.190600
909.560100
909.588100
909.600800
909.729100
910.023700
910.038900
910.055600
910.940400
911.892000
913.054000
913.065300
913.090400
913.259700
913.802800
914.138700
914.158700
914.702500
914.717200
914.733700
915.637600
918.078700
919.288300
919.301600
920.138800
920.151100
920.512200
920.715300
921.060200
921.068800
921.087200
921.109000
921.845400
921.852800
921.862100
921.873000
922.367200
925.056400
925.265500
925.521700
925.578100
926.440600
926.806300
926.823900
928.330300
929.095000
929.107400
929.370600
929.837200
930.293600
931.339700
931.681700
931.700700
932.523400
933.142800
934.977500
934.992300
935.014300
935.378000
935.392400
935.683700
935.802000
937.642400
937.655700
937.663900
937.673000
939.450800
939.465900
940.221600
940.865700
940.887200
940.894800
940.960600
942.147700
942.257400
942.409700
942.599200
943.115500
943.762100
943.776300
943.898600
944.377200
944.391700
944.408600
944.958300
945.575100
945.592400
946.678600
947.007900
947.825400
947.904500
948.125000
948.392000
949.559800
949.926400
949.945200
950.202300
950.217200
952.130300
953.585700
954.354500
954.715400
954.770800
954.777900
954.901000
955.694600
955.709400
956.428000
956.442000
956.813000
957.012300
958.160600
958.193400
958.434300
958.708500
958.720700
959.211600
959.236200
959.539600
960.074300
960.096300
960.213300
960.355600
961.440000
962.659900
962.670000
962.684700
962.959700
964.124700
964.139100
964.695700
966.103000
966.113600
966.590200
966.600100
967.145200
967.455200
968.783400
968.792600
968.815300
969.416500
969.859100
969.950100
971.420500
971.726700
973.294600
975.439700
975.938000
976.586700
976.616000
977.275700
977.421800
978.395700
979.058600
979.066100
979.810000
979.899300
982.237800
982.935800
983.711900
983.754500
985.811800
985.825700
986.798900
987.203300
987.623800
988.188200
988.224300
988.232300
988.245100
988.907800
989.423500
992.108700
992.138600
992.148800
992.791100
992.818000
993.577300
994.003400
994.014300
994.440300
995.161100
995.886800
996.402100
996.531200
996.536100
996.539700
996.543600
996.546800
996.550400
996.553700
996.557000
996.560400
996.563600
996.567100
996.570900
996.574400
996.577900
996.581500
996.589100
996.596900
996.601600
996.605800
996.611000
996.616200
996.621100
996.626700
996.633600
996.642000
996.650600
996.660000
996.676800
996.689300
996.697800
996.707200
996.715300
996.724300
996.733800
996.785700
997.132500
997.175600
997.197000
997.394500
997.403200
997.523200
997.663500
997.678200
997.696700
997.757200
997.762800
997.772300
997.803800
998.088500
998.119800
998.152300
998.243200
998.389200
998.401200
998.428300
998.448900
998.477900
998.573200
998.595200
998.656700
998.669600
998.792400
998.914300
998.969600
999.024400
999.150900
999.230400
999.245100
999.619600
999.710400
999.793000
999.957700
1000.102800
1000.147500
1000.170000
1000.292600
1000.477800
1000.486800
1000.500300
1000.511400
1000.569800
1000.824800
1000.856900
1000.876300
1001.460400
1001.532300
1001.541400
1001.733900
1001.744000
1001.750900
1001.766400
1001.862500
1001.881000
1001.892000
1002.028900
1002.162500
1002.220500
1002.362500
1002.454100
1002.464000
1002.472100
1002.482500
1002.616500
1002.738900
1002.989800
1003.265400
1003.308300
1003.339900
1003.485300
1003.785500
1003.798700
1003.810100
1003.819100
1004.060500
1004.410100
1004.496300
1004.539200
1004.550700
1004.729700
1004.782300
1005.062800
1005.183800
1005.190700
1005.206900
1005.220800
1005.256400
1005.644700
1005.815500
1006.003700
1006.015200
1006.025000
1006.092100
1006.419800
1006.468500
1006.625200
1006.638600
1006.988300
1007.072600
1007.122000
1007.131400
1007.167300
1007.368700
1007.551400
1007.705500
1007.932100
1007.941900
1007.953500
1008.137200
1008.256900
1008.271300
1008.390200
1008.404300
1008.419900
1008.602700
1008.908400
1009.101000
1009.437900
1009.468100
1009.627100
1009.765600
1010.258500
1010.277100
1010.286900
1010.446700
1010.585400
1010.888400
1010.963600
1010.972100
1010.979900
1010.989300
1011.590200
1011.614800
1011.676200
1011.709000
1011.914700
1012.317100
1012.568000
1012.771700
1013.214900
1013.291200
1013.316700
1013.341500
1013.665800
1013.917400
1014.243800
1014.259200
1014.365400
1014.376400
1014.443500
1014.664700
1015.204000
1015.275300
1016.577800
1016.626300
1016.741500
1016.952600
1016.963900
1017.321500
1017.343200
1017.974800
1018.571300
1018.580500
1018.592900
1018.611600
1018.766200
1018.832500
1019.959200
1019.967600
1019.989100
1020.259200
1020.273400
1020.835900
1021.335700
1021.348600
1021.396900
1021.871100
1021.898500
1022.163800
1022.292200
1022.923700
1022.935500
1022.949700
1023.527800
1023.953200
1024.443600
1024.457200
1024.494800
1024.563900
1025.257300
1025.267800
1025.917300
1025.925100
1026.455200
1027.096700
1027.499500
1027.828500
1027.844600
1027.927100
1028.255300
1028.458500
1028.879800
1029.156200
1029.188100
1029.209200
1030.071000
1030.737000
1030.751800
1031.540500
1032.328100
1032.346000
1032.359400
1032.381300
1033.367100
1034.225000
1034.245500
1035.527400
1036.245200
1036.472000
1037.348400
1037.359800
1037.495000
1038.070700
1038.483800
1038.576200
1039.757600
1039.769200
1039.781000
1039.838900
1040.192200
1040.282800
1040.305500
1041.672000
1041.686000
1042.978100
1043.435300
1043.542600
1043.555500
1043.855400
1044.116800
1045.259700
1045.790100
1046.381700
1046.985800
1046.995600
1048.000700
1048.703500
1048.747200
1049.630500
1049.640600
1050.575400
1050.598100
1051.620900
1052.030600
1052.980500
1053.021700
1053.103800
1054.288500
1054.723100
1055.422000
1056.208200
1056.467900
1056.583700
1057.028600
1057.268200
1058.430600
1058.437900
1058.448500
1058.471300
1058.824100
1058.859800
1058.868800
1059.421100
1059.436100
1060.463900
1060.474600
1061.143200
1062.767400
1062.784700
1063.469700
1063.483300
1063.616200
1065.226200
1065.255200
1066.050200
1066.395500
1066.406700
1067.173900
1067.880400
1069.253400
1069.816800
1069.836800
1071.579200
1071.594700
1072.196100
1072.210600
1072.430300
1072.447700
1073.557400
1073.821700
1073.838500
1074.006100
1074.359400
1075.533700
1075.887200
1075.896900
1075.910400
1076.362600
1076.719400
1076.745700
1079.382500
1080.242300
1080.261900
1081.567500
1082.465800
1082.477800
1082.817200
1083.314400
1084.224800
1084.554000
1085.370300
1085.737100
1086.658500
