spike times
0.272200
0.288700
3.711400
3.744500
5.796900
5.816000
5.824200
5.837300
5.965000
8.017200
12.998500
13.004500
13.066200
13.075600
13.117900
13.132500
13.931800
13.941700
15.287300
16.745100
17.182600
17.314900
17.330400
18.358000
23.431500
23.660100
23.673000
23.681600
23.760800
24.109300
25.530300
26.328400
26.335500
26.625300
28.406200
28.429000
28.441700
28.448400
28.455300
28.464800
28.690100
28.708100
28.723600
29.685300
29.691700
29.703000
30.037300
30.075300
30.675200
30.784300
30.886100
34.328900
34.367400
34.385200
34.395500
34.982400
34.996800
35.010700
35.018800
35.281500
39.607300
39.616100
39.622700
40.088600
40.543100
41.336700
41.816200
41.821700
41.826900
41.832200
41.837700
41.844000
41.850800
41.859000
41.866200
41.872500
41.925200
41.933800
41.943400
41.969600
41.973800
41.979300
41.988400
41.995400
42.001200
42.006100
42.011600
42.020000
42.025900
42.030900
42.038100
42.044900
42.052600
42.060000
42.066900
42.075100
42.083000
42.091100
42.102900
42.125600
42.146200
42.154700
42.162900
42.179800
42.187300
42.200500
42.210200
42.226100
42.231800
42.238500
42.246900
42.252300
42.258400
42.264000
42.270200
42.279600
42.290500
42.302500
42.312900
42.323100
42.331600
42.339300
42.350400
42.366300
42.375600
42.386100
42.395100
42.401500
42.411800
42.424400
42.446500
42.458400
42.466800
42.474900
42.483300
42.489000
42.519200
42.558400
42.567400
42.579200
43.058100
43.106700
43.367400
43.400200
43.407900
43.414900
43.431700
43.438600
43.448600
43.511900
48.088600
50.271200
51.663100
52.292100
52.727200
53.886300
54.218800
55.586100
56.910800
56.935900
57.099700
57.965200
58.505600
58.511800
66.010400
66.112300
70.286400
70.532400
72.039300
72.057500
75.091100
75.116500
77.985400
80.721400
82.361300
82.733900
82.744800
83.422100
83.445900
83.915100
86.152800
86.488700
86.495500
86.504200
87.734000
91.204700
91.214200
91.870800
93.433700
93.816500
93.822800
95.353200
95.372900
95.973100
101.567200
101.728000
102.365800
103.009300
103.400400
103.408700
103.434300
103.970400
105.317200
105.619300
106.747700
106.760500
106.797100
107.218100
107.226400
107.236200
112.713700
112.720900
112.727900
112.757200
113.073200
114.852300
116.285000
116.442700
116.477700
121.121500
121.140600
121.152900
121.165900
122.569900
122.982900
126.108700
126.114600
126.754500
126.760600
126.768800
127.199700
129.216300
129.223700
129.234600
129.244200
130.221900
130.231000
130.244200
130.264000
130.733200
131.352900
132.059100
139.118500
139.127400
139.143300
149.762900
149.911200
150.127300
150.194100
150.202400
150.216400
150.259200
150.333500
150.530200
150.542200
150.680000
150.783000
150.802400
150.962800
150.971200
151.140700
151.306300
151.325600
151.334000
151.341100
151.348800
151.378500
151.616500
151.626200
151.818400
151.833700
152.033900
152.041500
152.054800
152.081800
152.762100
152.923900
153.961900
153.972100
154.264600
154.271000
154.454400
154.461000
154.623000
155.302300
155.315600
155.649900
156.632000
157.517600
157.528000
157.540400
158.709000
158.747000
159.094600
159.111400
160.150000
160.643900
161.443900
165.304600
167.143100
167.539200
167.550700
167.565700
170.293000
170.305400
171.160700
171.174800
171.200400
171.221100
171.538100
171.722600
172.121100
172.127900
172.138700
172.400100
172.947000
173.402100
174.375900
174.384700
175.587200
175.621200
176.125200
176.133600
177.047500
177.108500
178.462000
180.144200
180.156200
180.164600
180.174400
180.184900
182.101200
183.221200
183.241800
183.254500
183.267800
186.798900
186.809300
189.587500
189.760500
190.069700
191.646000
191.689600
192.631100
192.664000
193.176300
194.798100
198.166800
198.994600
199.010100
199.440800
200.667900
214.774400
218.228400
221.815800
247.219800
255.413100
272.086000
272.094500
272.105600
272.112400
272.119800
272.129400
272.137800
272.147500
272.305900
272.751800
281.551800
281.563500
307.523200
307.530100
317.250400
317.266800
322.821900
323.722400
328.297800
328.309600
335.274700
349.113100
349.125000
349.147900
392.291200
392.299200
392.307900
392.319100
392.332600
392.871000
399.119900
400.742600
400.752700
417.578500
417.628500
438.427300
448.057400
453.880300
459.350300
464.578200
464.601400
491.287800
491.735300
491.749700
496.429700
512.312300
512.318700
512.325300
512.332200
512.338600
512.344200
512.350900
512.356300
512.367200
512.374200
512.381000
512.398000
512.410300
512.587800
512.595100
512.605400
512.629300
512.663000
512.783200
512.789900
512.806500
512.826700
512.905200
512.913800
512.948900
513.024100
513.047500
513.055700
513.094300
513.185600
513.197400
513.380200
513.388000
513.403900
513.413500
513.449900
513.512200
513.800600
513.810300
513.825300
513.839200
513.849600
513.914500
513.988400
513.996300
514.105600
514.147800
514.173300
514.246600
515.010200
515.032400
515.049300
515.058200
515.331900
516.055100
516.068900
516.663500
516.676900
516.938000
516.948700
519.578100
519.691400
520.015600
521.533200
521.541700
521.904800
521.911700
521.919400
521.944300
522.477400
522.488800
522.503100
522.516300
534.238100
534.250500
537.415800
545.252600
545.262200
545.271100
545.279800
545.289800
545.299600
545.320800
545.787500
545.866800
545.874900
545.887000
545.902200
554.327400
555.197700
555.207100
555.220200
555.231000
560.644000
569.219600
569.232200
574.621900
574.631100
574.753300
574.764000
578.023300
578.035800
578.584100
579.266100
584.118400
584.208500
587.005300
587.013200
587.020600
605.788600
608.170700
608.181600
608.192000
611.786200
611.802400
616.987400
617.006400
617.019800
617.036000
630.272000
631.518500
634.318600
634.327100
634.332500
634.337800
634.343100
634.348700
634.356700
634.363300
634.369900
634.376400
634.391400
634.399000
634.405100
634.422500
634.436300
634.462500
634.500000
635.414500
635.422900
635.641100
635.650600
635.664100
635.972000
635.987800
636.005200
637.251000
637.271000
638.731100
638.740500
648.187300
663.306600
668.017500
671.615900
678.711200
678.745700
717.149500
717.158500
728.140500
728.147900
728.156400
728.164200
728.174200
728.182800
728.199000
728.409900
728.539000
728.673900
736.953500
753.526700
754.505400
754.512000
754.518300
754.526400
754.531800
754.538600
754.544400
754.557500
769.145700
792.265000
818.979600
848.643400
860.458300
860.471900
860.482100
861.034700
864.791400
867.165900
867.174000
873.871100
873.920500
874.535500
874.540300
874.544900
874.549300
874.553200
874.557300
874.561200
874.565900
874.570400
874.574800
874.579600
874.584900
874.593000
874.599500
874.607400
874.615200
874.623600
874.631200
874.651800
874.667400
874.702100
874.713100
874.730400
874.793600
874.814500
874.828800
874.839500
874.853300
874.868700
874.896400
874.938500
875.007900
875.014700
875.023300
875.040100
875.058500
875.086600
875.191900
875.216700
875.224400
875.270400
875.374400
875.380800
875.398100
875.499400
875.549400
875.560200
875.577800
875.589700
875.681700
875.748400
875.759500
875.781100
875.873700
875.883600
875.893100
875.922000
875.983900
875.997300
876.009400
876.023100
876.239900
876.277700
876.290000
876.311100
876.404900
876.415300
876.448200
876.454500
877.087400
877.221000
877.235800
877.420900
878.033700
878.046500
878.070600
878.187200
878.555200
878.629900
878.796500
879.346300
879.416400
879.947600
880.232400
880.760400
881.430900
881.679500
881.747200
882.163500
882.178900
883.821500
883.835000
884.706800
884.717600
885.605800
891.432400
893.057400
893.240200
893.306300
893.325900
894.175000
895.021000
898.691500
899.086300
899.585700
899.818700
899.836600
900.148800
902.276000
902.294000
902.401100
902.423100
903.796200
903.821300
907.557500
914.636700
914.981000
917.678100
920.294000
920.551400
923.407900
932.540000
935.176200
939.089700
939.115400
939.128200
939.150400
943.670500
943.681800
943.690600
943.698700
953.901300
956.785300
968.312900
971.407100
971.428900
980.617900
980.627700
980.637900
980.649100
982.808100
984.610800
986.184900
995.461800
996.535500
996.540400
996.544600
996.548600
996.552900
996.556800
996.560900
996.565000
996.569200
996.573300
996.577500
996.581600
996.585600
996.590300
996.595200
996.601700
996.607600
996.616400
996.625300
996.635700
996.642500
996.650200
996.658000
996.667300
996.707900
996.721000
997.137800
997.357000
997.787000
998.118000
998.128600
998.282400
999.017400
999.146200
999.190500
999.201100
1000.648800
1006.347300
1008.007200
1010.119400
1010.162100
1014.134500
1018.411500
1021.181000
1021.191600
1021.216300
1022.798800
1022.816000
1023.590000
1024.696800
1026.799300
1026.806000
1026.813900
1026.820200
1026.829200
1034.174100
1034.192700
1046.680700
1049.397600
1050.712500
1053.835000
1056.005900
1056.021900
1056.050700
1056.445200
1059.451000
1059.462200
1059.475400
1059.486700
1059.500100
1060.874800
1063.550400
1064.096900
1066.033800
1075.316000
1075.331800
1075.348600
