spike times
13.554700
14.159900
23.648500
23.660500
23.704200
25.857400
30.097100
30.115800
30.127500
30.141600
30.183900
30.192700
30.204700
30.219600
30.549100
30.575600
31.880600
31.890800
31.905300
31.922100
31.935200
32.274900
32.290200
36.449400
36.466500
38.184300
39.882000
39.903800
39.923600
39.951700
39.992100
51.274200
51.949800
56.553700
56.582200
56.591400
59.948500
59.964900
59.987400
60.017000
60.033900
60.063000
60.080200
61.226800
61.273700
61.306000
61.571800
61.586100
61.595800
61.636800
61.652100
63.961800
63.976000
64.113500
64.182500
64.201600
66.839100
66.863700
66.875500
66.890600
68.990900
69.015000
69.036800
78.469600
78.485800
78.503500
84.920400
84.931200
84.953800
84.967500
84.979100
84.994300
85.049200
85.059300
87.148900
87.159700
87.172200
87.182600
87.208100
87.790000
87.832600
93.544300
96.905100
96.919700
96.957200
96.966300
96.996300
97.976700
102.143700
102.153200
102.162700
102.187200
109.357800
109.367100
109.394800
109.429000
109.459800
117.147800
117.167600
118.541100
118.566500
120.854300
120.891700
121.056700
129.675800
129.687600
129.720800
129.737200
129.761600
129.772700
130.049000
130.061300
130.124400
130.141200
130.789400
130.818500
138.124900
140.492100
140.507100
140.515000
140.522800
144.453300
144.466200
144.475200
144.717600
144.729100
144.743000
144.758500
147.275200
147.283700
147.335500
148.308700
148.863100
148.883000
148.894300
149.587700
149.599800
149.634700
152.970600
152.982200
152.992300
153.007600
153.018900
153.032900
153.259400
153.280100
156.982500
158.462600
158.482500
158.505000
160.239900
160.272800
160.287900
160.345000
161.132800
161.143700
161.151000
161.451300
161.462900
161.584100
161.608200
161.622800
163.345600
163.361900
163.372300
163.387100
163.901800
174.331100
174.341700
174.361800
174.381000
176.544900
176.556500
176.568900
177.448700
177.467100
181.989500
182.006200
185.244000
195.122600
196.192200
196.207600
196.850600
198.045500
203.273200
207.189100
207.206100
207.237000
210.227100
210.246200
210.274200
210.302000
210.572600
213.404400
216.105500
216.122800
216.132800
216.164400
223.459500
223.485100
223.498600
223.518800
225.871700
228.770500
228.805500
230.039700
230.273800
230.285400
230.296800
236.170000
245.343300
245.356400
245.365700
245.387100
247.783200
262.517900
265.426500
265.439500
265.450700
265.464100
265.483500
265.914100
265.924600
265.937400
265.952000
269.817400
270.378900
270.403800
270.417400
270.429700
270.439500
270.449300
270.458300
270.464600
270.476400
270.565000
270.581800
270.594300
270.673200
270.716200
270.729000
270.739100
270.745400
270.847900
270.875400
270.968400
270.982800
270.996600
271.007500
271.037100
271.044000
271.055900
271.073700
271.087900
271.205400
271.214200
271.223000
271.230700
271.240100
271.695000
271.701900
271.707700
271.714700
271.721700
271.787400
271.817400
271.851200
271.860600
271.964200
271.976800
271.984200
272.009900
272.046400
272.125200
272.196700
272.206500
272.963900
273.345200
274.074300
275.705100
279.199100
279.208200
279.224100
279.246300
280.003800
285.104300
287.117900
287.133300
292.031800
292.042100
294.888500
294.992900
302.092900
302.106700
302.124800
302.140400
306.061600
307.319600
307.333900
307.664300
310.664100
310.682300
310.694300
310.706700
310.719100
313.439000
313.462000
313.471600
313.495700
315.173600
320.090700
320.108300
320.134300
320.142600
338.865900
342.137300
342.155500
342.191000
345.161300
345.184700
345.206800
345.220200
345.634800
350.423600
350.434400
350.445500
350.483500
350.499000
350.512200
353.452800
356.098500
356.112900
356.143900
356.163500
357.765100
362.823700
372.545600
378.698300
378.711900
378.732400
380.107700
380.119100
380.525300
384.595200
384.633200
392.287400
392.292800
392.297600
392.301800
392.307000
392.313500
392.320800
392.326100
392.331000
392.335500
392.342600
392.356100
392.368300
392.388800
392.398500
392.407500
392.416300
392.426700
392.436700
392.463800
392.932400
392.956600
393.560700
393.645300
394.139000
396.596100
396.817600
396.975900
396.994600
399.333100
401.609000
402.762400
403.615400
407.384300
407.396400
407.425800
413.067400
423.167800
423.182300
425.033400
425.068400
427.296300
431.452300
431.466600
431.500400
431.526100
431.554000
431.683300
435.653100
435.683500
435.725600
436.318900
436.334800
436.347500
438.387100
438.398500
438.420100
439.357800
439.367200
439.382300
440.184700
448.270500
448.297600
449.611800
449.631900
449.644400
449.677300
449.687800
449.890400
449.956800
449.973400
449.990400
450.254000
450.262400
450.272700
450.285900
450.740900
450.751100
450.771700
456.359100
456.381900
461.062600
461.075700
461.094800
461.117700
461.257900
461.270300
462.785500
462.796600
462.826300
462.841300
462.856600
463.436400
463.461700
463.492500
474.362300
474.373200
474.382700
474.394200
474.408100
474.420900
474.603300
474.619100
476.988000
477.002100
483.229700
483.250100
483.261200
483.922100
483.966000
486.800600
487.016700
487.037000
487.052500
494.399000
494.702200
494.717100
494.728000
494.744000
500.698100
500.726200
501.362100
506.421400
512.486500
512.491800
512.496700
512.502100
512.507800
512.512400
512.517000
512.522400
512.529000
512.538400
512.551200
513.507800
513.741100
513.763100
514.649700
514.661000
514.678000
514.689500
514.706600
524.406900
524.523800
524.569100
524.658400
529.616500
529.660300
532.796600
532.817300
532.836200
532.847000
532.869100
534.592900
534.608500
535.802700
535.818700
535.833700
535.848700
540.989000
541.039300
541.053700
542.118600
542.132900
542.200200
542.214000
542.439400
542.463000
542.487800
542.505700
545.554400
545.565200
545.594100
546.998400
551.049100
551.058700
551.095200
551.131100
551.163200
557.137600
568.181500
568.586100
568.603100
570.578100
570.590600
574.323000
574.344300
574.385200
577.125100
607.722400
609.587700
615.005500
615.023600
617.098700
617.160600
620.078400
620.127200
620.147600
623.600700
623.611300
623.657300
630.022200
631.848200
631.869300
631.931500
632.518000
632.523300
632.528000
632.533200
632.539300
632.544000
632.549000
632.553700
632.558300
632.563400
632.569100
632.574700
632.580200
632.587600
632.600700
632.608900
632.618500
632.624400
632.636100
632.646000
632.684300
632.694500
632.709900
632.729500
632.740400
632.761900
632.772500
632.793100
632.870700
632.896000
632.907300
632.993900
633.008000
633.034700
633.085500
633.096100
633.109100
633.187700
633.194400
633.261000
633.434300
633.445300
633.458500
633.478200
633.535200
633.580400
633.587300
633.612600
633.621100
633.638900
633.674600
633.714400
633.822600
633.875800
633.894700
633.972100
633.992900
633.998600
634.007000
634.017100
634.044100
634.183400
634.236700
634.245700
634.256200
634.339200
634.350200
634.359300
634.370300
634.377800
634.429900
634.445900
634.481800
634.716100
635.067000
635.073900
635.084400
635.502100
636.034300
636.047100
636.056000
636.068600
636.209200
636.378600
636.389800
637.021300
637.031300
637.048700
637.056900
637.065800
637.655000
638.281500
638.328200
638.673400
639.609000
640.052600
640.087700
640.176600
640.189100
640.409000
640.577900
640.837600
641.002000
641.179100
641.755300
641.763100
641.775300
641.786900
642.772300
643.009500
643.211000
643.953500
643.967300
645.324000
646.482300
646.764100
646.778400
647.026200
647.041700
647.828500
648.261400
649.302900
649.327300
649.375400
650.597200
653.271500
654.028700
654.969200
654.994700
657.633500
657.646500
657.685300
657.725600
661.062600
661.851600
662.929300
663.655500
663.671100
663.681200
663.942800
663.971500
664.139600
664.473600
665.609200
665.993500
666.007500
666.033600
669.081200
669.100500
669.114100
669.656200
669.676600
670.198500
670.779700
670.915300
671.643700
671.683800
673.674500
674.402100
679.133600
681.364700
682.253000
682.450100
683.948600
683.962900
684.211600
684.909400
684.944900
685.472600
685.568100
692.118600
692.164500
692.174000
692.628500
692.651900
693.637300
693.659500
693.684900
693.697300
695.016700
696.793400
697.471700
705.835500
707.627600
707.641600
708.757600
709.298400
711.843200
713.598100
716.935900
716.947900
716.960300
716.986800
719.382500
721.019700
721.415400
721.452100
722.922900
725.216500
725.234900
728.533000
728.552600
728.562800
728.576800
729.744000
729.757500
731.333400
734.339700
734.397600
734.415500
734.431600
738.462400
738.486300
738.761000
739.033700
739.265800
739.310300
741.797200
741.816400
741.835100
745.862200
745.877300
