spike times
3.770400
3.780800
11.410100
11.474500
11.486900
11.512600
19.141800
19.151800
19.164500
19.307500
19.338000
30.045400
30.053000
30.061900
30.071900
30.080000
30.086300
30.092300
30.099200
30.105300
30.111700
30.119900
30.132800
30.145900
30.161200
30.190500
30.396500
30.432700
30.453700
30.559400
30.607500
30.756400
30.788600
30.815800
30.823200
30.862300
31.048900
31.158200
31.169700
31.183700
31.390500
31.415800
31.578000
31.591900
31.696100
31.738200
31.776700
31.842000
31.963200
31.973200
31.984900
31.993600
38.530600
39.432700
39.445800
43.340100
43.374300
43.490100
55.562100
60.372900
60.386200
61.154500
61.172800
61.191200
61.203600
61.231400
70.836500
70.849600
70.862000
70.882600
70.895500
76.839000
76.852800
76.862500
79.548700
98.403300
99.403900
107.310100
107.445200
110.661000
110.702600
110.712000
110.723100
118.446500
118.458800
118.468900
133.565300
133.574500
133.591900
133.624600
140.549600
140.567700
140.592800
152.061600
152.069200
152.077600
152.084900
152.090400
152.096900
152.103800
152.109500
152.116100
152.126000
152.133700
152.144600
152.159700
152.230900
152.238600
152.251900
152.267800
161.508000
176.153300
176.168700
176.184800
177.094400
177.113100
178.812600
184.745500
184.857700
198.241500
198.251300
198.268900
199.711300
218.903900
218.937800
223.144300
227.579700
227.592600
232.596700
232.618000
232.634500
232.648100
234.010900
236.568100
236.585300
236.601800
236.617300
236.656800
236.940100
236.956200
239.124900
242.386800
254.027000
270.648300
271.744500
271.760700
272.252600
272.258700
272.269500
272.276000
272.283600
272.290400
272.300600
272.309100
272.323100
272.624300
282.853000
282.890700
283.205100
283.217400
296.702500
296.714100
296.752400
320.949200
332.942700
336.141100
336.151300
336.169800
339.402500
339.424900
342.849900
342.864300
348.426700
348.478100
374.136400
381.935400
381.945100
381.966400
381.998900
391.503100
391.511300
391.517900
391.525100
391.533000
392.280700
392.286200
392.290900
392.295700
392.300600
392.305000
392.309800
392.315000
392.320700
392.327700
392.333400
392.340200
392.350900
392.371600
392.396400
392.427000
392.436200
392.454900
392.492400
392.501300
392.564100
392.598800
392.611500
392.638700
392.649800
392.741700
392.756300
392.767100
392.782600
392.799800
392.833900
392.944900
393.025900
393.169500
393.177100
393.202500
393.221200
393.387600
393.437900
393.449000
393.464800
393.534900
393.587000
393.649100
393.743100
393.754400
393.773700
393.786600
393.849600
393.860500
393.950700
393.964400
393.983100
394.039500
394.046700
394.136800
395.501000
395.515100
395.534800
395.759100
395.881100
396.140000
396.147400
396.156700
396.704300
396.724600
397.139900
397.329000
397.340300
397.593800
397.611700
398.307100
398.323800
399.049200
399.060600
399.074200
399.085300
399.173100
399.672800
399.687200
402.255200
405.859600
405.869600
405.878200
405.915000
405.930900
406.323800
406.342000
408.139500
408.218900
409.764800
409.783100
414.164100
414.171800
414.803900
414.820700
414.831700
418.991600
419.028400
421.504200
421.515400
421.525200
423.053100
423.062300
426.353400
426.391100
426.413400
426.427800
439.498300
439.509400
439.520900
439.692600
444.440100
444.452800
444.465600
444.501900
444.643400
451.963000
451.978900
453.148100
457.021500
457.030600
457.053900
460.402800
460.412900
467.149400
467.170500
473.252700
473.271400
473.291600
480.955000
491.554700
491.580100
491.591900
491.604700
491.614300
492.701100
492.709900
493.592100
493.618100
493.749000
505.942200
505.951500
505.960900
505.971700
506.016500
512.950600
512.960400
512.971200
512.994000
513.014000
514.280400
514.285100
514.289600
514.294800
514.298900
514.302800
514.306900
514.311700
514.316000
514.320300
514.324800
514.329400
514.334100
514.339700
514.345900
514.352300
514.359800
514.367200
514.383600
514.393800
514.409700
514.427700
514.445900
514.456100
515.212800
515.613600
515.620900
515.877100
515.889500
516.135400
516.462900
516.494300
517.311700
517.370300
518.405900
523.184200
527.545100
527.562500
527.575700
532.989900
533.008300
533.035300
535.884000
556.265000
556.287500
556.297900
560.097400
560.117000
560.151000
561.510900
561.522700
561.533200
561.546500
561.560000
567.305300
574.168000
574.179000
574.193000
582.088900
582.345500
586.104700
586.113900
586.122700
634.481900
634.487500
634.493800
634.498400
634.502900
634.507700
634.513200
634.518400
634.523400
634.529900
634.543700
634.560500
634.575700
634.712900
634.727300
635.477000
635.487700
635.501000
637.335300
637.345100
638.162900
638.172900
638.202900
638.213600
646.276600
646.937900
646.966100
653.453900
653.470100
655.584900
656.195200
656.206600
661.745800
663.649600
682.689000
682.697900
698.147000
698.157400
698.168300
698.900900
698.910300
698.921600
698.951400
701.285900
705.264400
713.760700
713.790700
713.800000
717.911900
717.925500
717.936500
730.293800
730.316200
742.070000
742.079800
742.100900
754.505100
754.509700
754.515500
754.519500
754.523200
754.526900
754.530900
754.534600
754.538600
754.542500
754.547000
754.551700
754.557200
754.561900
754.567700
754.572900
754.578800
754.586600
754.593400
754.600700
754.610700
754.619800
754.629100
754.647200
754.665600
754.679200
754.687900
754.721200
754.761000
754.770300
754.806200
754.889300
755.009000
755.019000
755.027700
755.103500
755.112900
755.124100
755.215500
755.225000
755.232900
755.260300
755.433100
755.442500
755.457300
755.465400
755.489800
755.508100
755.535900
755.618400
755.625000
755.733700
755.799700
755.926700
755.934500
755.942100
755.951300
755.959600
755.969100
755.980200
755.987800
756.029100
756.042000
756.156300
756.174700
756.223700
756.267000
756.278200
756.340900
756.362000
756.409900
756.461200
756.472400
756.499300
757.294900
757.304600
757.823300
757.833000
757.844400
758.128200
758.382100
758.725800
759.110900
759.392700
760.565500
760.578400
761.032600
761.044400
761.061100
761.191300
761.214200
761.224800
761.238400
761.387300
761.844300
762.079500
762.427600
762.439800
762.726500
762.737600
764.117100
764.141700
764.166200
764.479900
766.725100
766.736700
766.749900
766.763800
767.033400
767.488500
768.419600
768.861400
768.878900
769.033700
769.043800
770.085000
770.121600
770.182000
770.890000
770.912500
772.175700
772.208400
772.220100
772.494800
772.939700
772.950400
775.549800
775.576300
775.590700
775.600400
779.563900
781.760400
781.770400
781.792900
781.811500
781.825000
782.904500
782.922500
782.935000
782.951400
783.637300
783.649400
783.680800
783.702100
784.954000
785.935800
785.947100
785.967300
787.558100
787.586600
787.613200
788.126900
788.139600
788.150800
791.492100
791.505500
791.513500
791.523800
791.535600
795.334400
795.353800
795.448500
796.984900
796.995600
797.027300
797.686500
797.702700
804.583000
804.592900
804.646900
804.734700
804.746000
821.734800
821.746400
821.755400
821.782700
823.732200
823.741600
823.756100
823.768800
823.790900
829.463200
829.471300
829.482400
829.493200
829.528900
834.905300
834.915000
834.926700
834.943300
834.975500
835.772500
835.790100
835.800800
835.821000
835.881700
838.700800
838.718100
839.598900
839.624900
847.556400
847.564100
847.577200
849.110800
853.438900
853.447200
853.457400
854.332700
854.344800
876.510500
876.514600
876.518400
876.522000
876.525400
876.528800
876.532000
876.535200
876.538700
876.542300
876.545600
876.549300
876.553200
876.557100
876.560700
876.565200
876.569500
876.574200
876.579200
876.584400
876.590000
876.596700
876.602400
876.608400
876.614100
876.627700
876.634500
876.644100
876.654400
876.662600
876.673900
876.694300
876.704800
876.735600
877.951100
877.964400
878.195800
878.513000
878.531600
879.016300
879.029700
879.051800
879.560100
879.583300
879.594800
879.615700
881.389000
881.400000
881.440400
881.455900
882.297100
882.310400
884.504300
884.538500
886.726000
886.746500
890.388400
890.436200
894.863000
895.337100
895.355900
900.380700
900.395600
907.062500
907.074000
907.087000
907.098400
907.115600
907.160400
907.537800
907.555200
907.566700
908.798500
931.645000
946.303300
946.556400
950.051200
953.496000
953.547400
961.996100
962.355800
962.365700
962.380200
962.406400
964.610900
964.642800
964.663200
964.682600
965.517400
970.261500
970.294300
970.323800
971.246600
971.255900
971.269100
980.480900
980.488700
980.496000
980.503000
980.512300
980.522400
980.533900
992.053500
995.232200
995.254000
995.265500
995.325800
996.713500
996.717300
996.721100
996.724400
996.727800
996.731200
996.734800
996.738800
996.742800
996.746900
996.750600
996.754800
996.759300
996.765900
996.773800
996.780200
996.788000
996.799100
996.811200
996.854000
996.865600
997.380500
997.457900
1000.824200
1000.836400
1000.846900
1002.178100
1002.187900
1002.207200
1005.976800
1006.009900
1006.042500
1008.154000
1008.212800
1010.194700
1010.203800
1010.220700
1010.247900
1010.259700
1015.772200
1019.926300
1019.936500
1019.947600
1024.201600
1024.209100
1024.220500
1028.399300
1028.435700
1028.468000
1028.480700
1043.017100
1047.044700
1047.060300
1047.081900
1076.741600
1076.751400
1076.764200
1079.870100
1085.240300
1085.784600
1085.792800
1085.803400
1085.813200
