spike times
1.649600
3.945400
7.981200
7.990800
8.000300
8.010000
8.027000
8.238100
17.348500
17.358300
18.084600
18.094100
23.489600
24.962900
26.288700
26.300000
26.316900
26.332100
28.359400
28.369900
30.050300
30.058800
30.069000
30.082000
30.114400
30.125000
30.227300
30.269600
30.292300
30.362200
30.371300
30.383900
33.938900
33.949500
33.958500
33.969300
33.981700
34.246700
34.258900
34.274600
34.283000
34.294300
38.737100
38.745200
48.551300
49.779300
49.787800
49.796000
49.806300
49.817000
49.833700
49.843100
55.067400
55.108500
55.790600
55.803000
55.813200
55.836300
55.971200
57.411300
57.422300
60.649700
68.177200
68.188200
68.220100
68.233900
72.505600
72.514600
72.538500
72.554700
72.995800
73.495300
73.505300
73.518200
73.537600
73.549500
74.057600
76.811200
77.967800
77.991200
79.042000
79.062400
79.169000
81.685900
81.694500
81.839800
81.850100
81.873900
81.896000
84.955700
88.249700
88.262300
88.282400
88.319800
88.332400
88.345700
88.353700
88.368600
89.457400
89.470900
89.480200
89.493600
92.172900
92.182200
92.189900
92.199800
92.213500
95.676300
102.173200
102.191100
102.226300
102.236400
102.281100
105.304000
105.311900
105.320900
107.834500
107.843500
107.858600
113.749600
114.577800
114.586900
114.596200
114.609900
114.640000
116.661700
116.671300
118.811800
118.821100
118.850400
118.859200
118.871600
122.484000
123.874600
123.898700
123.910900
123.924400
123.937100
123.968700
124.047000
128.809300
130.315900
130.357500
130.368800
130.388100
130.499500
130.874300
130.888600
132.508800
132.518100
132.531100
132.544100
132.568700
132.583800
133.839400
133.849800
135.128400
135.142300
135.157100
135.171300
135.184800
138.208700
142.898300
142.907500
148.293900
150.080900
150.104900
150.118500
150.127500
150.140800
150.150700
150.165300
150.176400
150.183300
150.265100
150.482600
150.489700
150.496400
150.911000
152.082500
152.091200
152.108500
152.442600
152.449900
152.486200
152.508900
152.637700
152.830300
152.860000
152.874300
152.994200
153.011400
154.419900
154.431500
154.462300
154.474900
154.486200
157.698900
157.707100
157.717400
157.738600
157.756400
157.944000
157.951400
157.964300
157.980000
157.990900
158.006100
158.033300
158.211900
158.416600
158.426000
158.455700
158.585900
160.491100
160.499600
160.517800
160.544500
160.571300
160.940000
162.220900
162.237300
162.282200
162.447800
162.477100
162.489000
163.045900
163.062400
163.084600
169.475300
169.482300
169.491600
169.525000
169.536200
169.757500
169.766500
170.814900
170.826100
172.450600
172.742700
172.752300
172.772600
172.780100
172.795400
175.095200
178.824100
178.848500
180.243500
180.253100
181.554100
181.562400
181.571700
181.581900
181.641800
184.910900
184.920700
184.929200
184.937500
184.975100
185.415300
186.871400
186.890500
186.902200
186.915300
187.853000
188.442300
188.816400
193.782200
193.799300
193.810500
195.701300
195.710900
195.719800
195.729200
197.061500
197.707700
197.715500
197.739000
200.526400
200.536000
201.093200
201.105600
201.122200
201.131100
201.185800
201.203600
205.574200
205.591900
205.602100
205.934800
205.956900
205.978900
205.994400
206.008400
207.734000
207.743500
211.744200
211.753600
211.769700
211.779300
211.790600
213.979800
213.998400
214.052000
214.271400
214.278300
214.678100
214.688700
214.704700
214.716100
220.991900
222.103400
222.137300
222.179800
222.197000
222.227300
224.538400
224.546400
224.555500
224.682100
225.064400
225.073200
225.387100
225.396000
225.409800
225.593400
225.602800
240.529000
240.537800
240.545300
240.558600
240.568200
240.578000
240.593300
240.675900
240.795800
240.914500
240.923700
245.563900
245.572700
245.584500
245.598500
250.703000
250.712100
254.377400
254.388200
255.199600
262.586500
262.594400
262.607800
262.637600
263.976400
263.989400
266.257700
266.267400
270.156800
270.186000
270.289300
270.295300
270.302000
270.307600
270.314100
270.320000
270.326400
270.337300
270.342900
270.351100
270.360100
270.368800
270.382000
270.395400
270.453800
270.541500
270.568900
270.589700
270.599700
270.616300
270.640200
270.695500
270.799500
270.857400
270.862300
270.867600
270.872100
270.876400
270.882600
270.890400
271.076000
271.106800
271.112200
271.120800
271.143600
271.178200
271.194200
271.246600
271.326100
271.332200
271.341500
271.353300
271.366100
271.604700
271.632100
271.652700
271.662800
271.676200
271.683300
271.719500
271.802200
271.827100
271.862600
271.892500
271.903600
272.009800
272.091400
272.151200
272.190800
272.198300
272.209300
273.362100
273.370800
273.393200
273.403200
273.421700
273.442100
273.617600
273.855100
273.898600
274.669200
274.676900
274.687000
274.696500
274.705100
274.716100
274.909500
275.180000
275.370800
275.378200
275.387700
275.402400
275.496000
275.510400
275.617900
275.622900
275.629500
275.640300
275.984800
276.039200
276.348700
276.357700
277.001500
277.290400
277.319000
277.508800
277.605900
277.612500
277.624400
277.752000
278.112500
278.121700
278.178700
278.189200
278.322400
278.332000
278.840300
278.849200
278.872400
278.880600
278.987400
279.041300
279.150100
279.284300
279.296600
279.314700
279.326900
279.359200
279.369000
279.419600
279.970700
280.002400
280.035200
280.050700
280.270900
280.280300
280.289100
280.297800
280.306100
280.865800
280.873000
280.878800
280.886200
280.894700
280.903000
280.913300
280.925100
280.950700
281.599000
281.605000
281.612300
281.621700
281.633200
281.645700
281.875000
281.896200
282.043800
282.052900
282.060800
282.075600
282.100700
282.618300
282.649000
282.676900
282.886700
282.908300
283.535700
283.544400
283.552100
283.559300
283.568600
283.578800
283.593500
283.622200
283.848500
284.403800
284.415900
284.672700
284.683400
284.704600
284.721100
284.730800
284.743700
284.825600
284.831800
284.840100
284.848900
284.969100
284.991100
285.648200
286.631100
286.658500
286.672000
287.110100
287.119200
287.127300
287.371900
287.382300
287.476600
287.487800
288.376000
288.901600
288.910400
288.918700
289.150000
289.160200
289.179300
289.469400
289.995600
290.006300
290.188500
290.550800
290.561000
291.278900
291.349300
291.365300
291.381100
291.397600
291.505000
291.522200
291.996100
292.014700
292.054000
292.065200
292.567200
292.576100
292.584200
292.595700
292.942300
292.949500
292.979600
292.991700
292.999200
293.012100
293.090600
293.099700
293.287300
293.322800
293.335200
293.511600
293.518900
293.970200
293.978800
293.988700
294.031500
294.043000
294.337800
294.484900
294.493900
295.289600
295.304800
295.315600
295.326100
295.344200
295.356300
295.615100
295.630400
295.638700
295.991100
295.999800
296.008400
296.017800
296.030700
296.090400
296.102200
296.205500
296.941600
296.953100
297.174300
297.182000
297.193300
297.206900
297.218500
297.372100
297.411900
297.667300
297.674800
297.713000
297.725600
298.302100
298.309100
298.523000
298.535200
298.543200
298.562900
298.816800
298.829400
298.932300
298.942000
298.976800
299.710600
299.848800
300.563800
300.573800
300.586800
301.611800
301.620500
301.632300
301.827600
301.837700
301.847600
301.856900
301.872500
301.892500
301.911800
302.337400
302.345700
302.684500
302.700600
302.896500
302.904100
302.916300
303.570600
303.578900
303.587700
303.608500
303.650100
304.573300
304.581500
304.591200
304.601500
304.622800
304.630100
304.644800
304.654100
304.661400
304.676100
304.901300
306.370100
306.378700
306.386700
306.394800
307.675500
308.687000
308.698700
308.707400
308.720300
310.136100
310.526900
311.538800
311.548800
311.827200
311.836100
311.866900
312.726000
312.743500
312.767900
312.785800
313.871200
313.890800
313.905100
314.684100
314.691700
314.702100
314.719300
316.184800
316.193500
316.329200
316.341600
316.356000
316.374400
316.833900
316.842800
318.833600
318.842600
318.866600
318.883300
319.595800
319.624700
320.173600
320.192200
320.216100
320.227700
320.619000
320.627800
320.641500
320.651200
321.001000
321.817300
321.832200
321.857600
323.205500
323.227400
323.246800
323.256000
323.270900
323.384800
323.583800
324.024200
324.034400
324.047700
324.068600
324.692900
324.700100
324.710200
324.719500
326.210000
326.222700
328.142300
328.157200
328.165900
328.193400
328.222900
328.326800
328.367100
329.120000
329.134600
329.152800
329.164600
329.256400
330.884700
331.199900
331.267900
331.277400
331.296800
333.277800
333.468900
333.800600
334.796500
334.806300
337.143800
337.156600
337.654300
337.663400
337.715200
337.976400
338.141900
339.604800
339.612400
339.626600
339.636700
339.657800
339.850600
339.860600
339.895800
339.905100
339.915700
340.101100
340.878900
345.010500
345.020100
345.028500
345.110900
345.122500
345.138300
345.495000
346.823500
346.838600
346.852600
346.875500
346.919700
347.849200
347.858200
347.871400
347.882900
347.899900
347.908000
347.920100
348.609900
348.617800
348.629700
348.650600
348.659500
351.785900
351.794600
351.818100
351.831800
351.842400
351.851700
351.861900
351.876500
351.925400
355.020700
355.044900
355.282000
355.290400
355.306000
355.319300
355.344400
356.687700
356.695300
356.705900
356.720000
356.730900
356.767500
356.915000
356.933300
357.177500
357.185900
357.192700
357.207400
357.217000
358.137700
358.150900
358.160600
358.168300
358.178200
363.113700
364.640900
364.650400
364.690900
365.868300
365.879400
365.895800
365.904900
366.073900
366.082200
366.091100
366.566700
366.574700
366.711500
366.725300
369.763300
369.864500
369.876400
369.942300
370.221900
370.236500
370.268400
370.776000
370.783900
370.793100
370.802600
370.811300
370.824000
371.015700
371.025700
372.201400
373.332300
373.341500
373.353200
373.367100
373.405700
373.415800
375.590800
385.348200
385.358200
385.369000
387.145600
387.155800
387.206300
387.218700
387.250300
392.278600
392.283100
392.287400
392.291800
392.297200
392.302100
392.306700
392.311200
392.316700
392.323100
392.330500
392.341400
392.353300
393.560400
393.570900
394.076900
394.087000
394.127400
394.138500
396.938400
396.964900
396.979400
398.872300
398.881200
398.894700
399.302900
399.448600
400.449400
400.461100
400.485200
400.670700
400.696400
400.738800
401.473200
401.480900
405.419700
405.431800
406.306400
406.330800
406.366600
410.656700
411.054900
418.284500
419.863100
419.879800
419.889600
421.836800
422.167200
422.175200
422.186100
429.651800
429.661300
429.673100
432.289300
432.300000
432.309400
432.333600
433.532900
433.552100
435.957100
435.969300
437.603900
445.876200
445.892200
445.905900
445.916100
445.935100
450.918500
452.233600
452.243300
452.263700
452.273300
452.366000
456.569100
456.578500
456.587800
456.610000
456.630700
456.642200
457.814100
463.760900
463.772200
463.782300
463.796100
463.805800
464.986700
464.997100
465.391300
465.415500
465.443600
465.455400
465.525000
465.545000
466.898500
466.935000
466.987100
467.773500
467.779500
467.787900
467.813800
468.053700
468.062200
470.528900
470.540100
470.551100
470.560000
471.528400
478.323500
487.722200
487.732400
487.740700
487.749900
487.761200
487.770900
490.713500
490.728400
490.735800
490.747400
490.756900
490.852900
490.993600
504.185400
504.307900
509.361400
509.371800
509.381900
509.401000
509.410000
509.499300
510.797800
510.808400
510.822100
512.295600
512.300300
512.304700
512.308800
512.312800
512.315500
512.321700
512.326000
512.329700
512.334700
512.339200
512.344300
512.350000
512.354900
512.359500
512.364100
512.368900
512.375900
512.383500
512.389300
512.398000
512.409300
512.418500
512.427300
512.434800
512.442600
512.467300
512.491000
512.556900
512.958200
513.314200
513.323200
513.562000
513.703900
513.885100
513.895600
514.109600
514.240800
514.248100
514.264600
514.464000
514.487500
514.833700
514.850900
514.868400
514.878400
515.976400
515.991800
516.217100
516.226300
516.238000
516.328800
516.525900
516.532000
516.537800
516.572100
516.839300
516.847700
516.855700
516.866400
516.929500
516.940000
516.950300
516.984600
517.010100
517.028500
517.997700
518.013300
518.029000
518.036000
518.053900
518.066700
518.378900
518.386800
518.395500
518.718000
518.725900
518.742400
518.748700
518.763300
518.818000
518.823500
518.836000
518.858400
518.865900
519.190000
519.198000
519.265900
519.673300
519.697400
519.707500
520.073500
520.259500
520.275800
520.308600
520.509100
520.536100
520.563000
520.575300
520.589000
520.871600
520.879500
520.889600
520.945300
522.208100
522.214400
522.595000
522.615600
524.274300
524.334700
524.369300
524.383700
524.597600
524.634100
524.647300
524.659000
526.278300
526.378100
526.854000
526.878400
526.887300
526.898100
527.043400
527.050700
527.113900
527.995900
528.005700
528.857500
528.867400
528.878900
528.891800
529.526400
529.535100
531.430700
531.451300
531.493900
531.503600
531.665100
532.217500
532.589800
532.600500
532.615200
534.494500
534.504900
534.563500
534.577600
534.593000
534.603100
535.120900
535.154400
535.394600
536.836300
536.846700
536.856000
536.899700
538.716000
538.725400
538.740300
539.218300
539.227400
539.244600
539.258100
542.278900
542.906800
542.915300
542.941200
542.950400
542.965400
542.975000
543.232100
543.240300
543.250000
543.749300
543.765500
543.780000
544.187400
544.684500
544.691000
544.698600
544.711100
544.731200
545.052600
545.076200
545.114700
546.470200
546.484500
546.492100
546.503300
546.511800
546.756100
546.767000
546.921300
546.929100
546.971300
552.246600
552.253800
552.274600
552.999800
553.035000
553.044900
553.061600
554.083200
554.092800
554.142800
554.155800
554.973100
554.980700
554.994300
556.750300
557.090000
557.097000
557.104900
557.117100
557.124600
557.136100
557.327100
557.343400
557.353300
557.982100
557.991800
558.002100
558.019800
558.033400
559.049400
559.076100
559.341200
559.349400
559.359600
559.393100
559.485900
561.038300
561.049500
561.061900
565.431900
565.440600
565.454800
565.468100
565.483300
565.549000
565.558900
565.571700
569.530300
569.545500
569.555200
571.542800
571.549600
571.556700
571.564700
574.620700
574.629700
574.642400
574.672400
574.905000
574.914000
574.931300
574.940600
574.959500
576.546400
576.555500
576.567200
577.916900
578.244900
582.238000
586.675800
590.071800
590.079300
590.089600
590.098200
591.159100
591.169100
595.175600
597.220800
597.232800
597.242600
597.257200
599.958600
599.967400
599.987500
600.002500
602.378300
602.389600
602.399400
602.411200
606.569500
606.932900
606.947000
606.962700
606.986800
606.998600
608.299200
610.636800
610.700600
610.714900
610.726200
614.976300
614.986900
614.996700
615.040100
615.052300
615.988000
617.924400
617.935700
617.944200
617.967800
620.901200
620.911900
620.921100
625.404800
625.414600
625.477500
625.487700
625.498800
627.344700
627.367000
627.378000
627.446300
627.461300
629.031700
629.043200
629.052500
629.066800
629.079700
632.503300
632.508000
632.511800
632.516200
632.520300
632.523900
632.527900
632.531500
632.535700
632.540300
632.544600
632.549300
632.554100
632.558400
632.563000
632.568400
632.573800
632.578300
632.583700
632.591600
632.600100
632.619200
632.627100
632.639400
632.646500
632.658400
632.666700
632.675100
632.688200
632.697700
632.758000
632.767200
632.796900
632.824000
632.846500
632.855200
632.901200
632.909400
632.916900
632.923200
632.934200
632.951800
632.971100
632.985200
632.994000
633.008100
633.104200
633.147700
633.156700
633.181900
633.191500
633.226100
633.238600
633.256900
633.270900
633.304200
633.311000
633.340300
633.369800
633.404300
633.506100
633.534500
633.577800
633.588900
633.601200
633.642500
633.652100
633.681300
633.692100
633.702300
633.756900
633.808800
633.817700
633.836400
633.906800
633.919300
633.925800
633.933700
633.951600
633.977400
633.988500
633.996900
634.076900
634.122200
634.211900
634.277300
634.308100
634.314100
634.324500
634.331200
634.340400
634.369200
634.375400
634.405800
634.463200
634.763000
635.065300
635.071200
635.079800
635.095700
635.302800
635.341300
635.486500
635.500700
635.513600
635.526900
635.753300
635.761200
635.779100
635.878200
635.908400
636.042600
636.049300
636.056700
636.065100
636.075200
636.116600
636.143300
636.148900
636.268900
636.275900
636.579800
636.590100
636.605400
636.696400
636.706100
636.714300
636.724700
636.803000
636.810000
637.078600
637.086900
637.112900
637.140500
637.343100
637.354700
637.367200
637.437200
637.525300
637.644800
637.651900
637.659600
637.667500
637.676800
637.695200
637.702500
637.799700
637.951300
638.042100
638.049600
638.116600
638.132900
638.150700
638.168200
638.243600
638.314100
638.548400
638.554300
638.563900
638.754600
638.762500
638.776000
638.784500
638.790500
638.861700
638.869100
638.949600
638.954700
638.960700
638.967600
638.974900
639.051200
639.093100
639.311000
639.317400
639.326100
639.413300
639.423800
639.457300
639.616300
639.626300
639.643100
639.837100
639.843900
639.852800
640.005200
640.021700
640.037200
640.055000
640.070700
640.355900
640.361900
640.374400
640.382100
640.388400
640.521000
640.532700
640.693300
640.699200
640.719500
640.730100
640.741400
640.746900
640.763600
640.817000
640.902700
640.977100
641.107600
641.114800
641.122900
641.135200
641.196800
641.204700
641.211600
641.218700
641.226100
641.536300
641.562200
641.573400
641.594000
641.703800
641.714300
641.725300
641.812400
641.819700
641.826500
641.835400
641.992400
641.999000
642.005500
642.024000
642.094500
642.103400
642.131900
642.140400
642.195800
642.341900
642.487900
642.496800
642.670500
642.677400
642.700800
642.707500
642.717300
642.840800
642.846300
642.854800
642.862500
642.870000
642.928200
642.938900
643.032300
643.208400
643.301400
643.510400
643.517100
643.781500
643.790200
643.797600
643.811200
643.843300
643.849800
643.860300
643.867400
643.875000
643.952300
643.958100
643.963600
643.972200
644.083700
644.096200
644.572800
644.582600
644.593000
644.603500
644.633300
644.717000
644.728900
644.804700
644.811500
644.819200
644.936900
645.024200
645.030400
645.135100
645.158500
645.167400
645.183800
645.199700
645.206800
645.216400
645.373700
645.382600
645.388600
645.397000
645.405600
645.420100
645.427000
645.454100
645.644300
645.651700
645.661800
645.669000
645.690000
645.873100
645.885600
645.894000
645.900100
646.090800
646.111300
646.119100
646.295100
646.303900
646.315300
646.576600
646.588100
646.608700
646.774000
646.782500
646.910800
646.916900
646.935400
647.023700
647.028200
647.034100
647.053400
647.268000
647.273200
647.279200
647.284800
647.290900
647.297600
647.304100
647.463800
647.579800
647.596700
647.736700
647.743900
647.783500
647.795700
647.816900
648.168000
648.173400
648.183700
648.189900
648.197500
648.206800
648.345900
648.356800
648.467700
648.478300
648.485800
648.555600
648.672600
648.843100
648.850500
649.112800
649.133200
649.277000
649.285800
649.295500
649.444700
649.454400
649.470900
649.693700
649.930300
649.940800
649.972500
649.979500
649.989300
650.008100
650.253900
650.278800
650.285900
650.323500
650.338200
650.503500
650.513300
650.610800
650.618300
650.628200
650.640800
650.673400
650.704900
650.742600
650.750500
650.846300
650.863600
650.921200
650.934500
651.219200
651.225700
651.231300
651.245600
651.254000
651.417300
651.425500
651.438600
651.648800
651.656000
651.809600
652.031000
652.041100
652.049300
652.056900
652.064100
652.071400
652.092600
652.285400
652.346800
652.538000
652.544500
652.561200
652.691400
652.974700
652.985000
652.992700
653.190800
653.201000
653.218300
653.278000
653.286700
653.295300
653.302000
653.309300
653.609400
653.706200
653.712600
653.721800
653.730400
653.736700
653.779200
653.881000
654.077100
654.084300
654.203900
654.214600
654.221500
654.411400
654.535500
654.544900
654.558800
654.747500
654.854400
654.946200
654.955800
654.961400
654.967400
654.980800
655.338100
655.346100
655.352300
655.360200
655.619500
655.649200
655.673500
655.797100
655.803400
655.816900
655.884800
655.896700
656.416800
656.422200
656.427400
656.438600
656.444400
656.453600
656.469900
656.633300
656.696900
656.874800
656.883800
656.896500
657.084700
657.093200
657.099500
657.107400
657.117500
657.377200
657.384400
657.391800
657.399100
657.496600
657.502000
657.507700
657.515000
657.529600
657.730600
657.738800
657.964700
657.971100
657.981600
657.988700
657.996100
658.198900
658.267100
658.315600
658.701700
658.716200
658.724100
658.732300
658.751300
658.832700
658.920300
659.097400
659.105400
659.113300
659.122900
659.210300
659.252600
659.553200
659.563000
659.710800
659.768100
660.038700
660.047900
660.287800
660.303200
660.312600
660.329400
660.343500
660.474100
660.484100
660.494900
660.512100
660.522600
660.641600
660.986700
661.050000
661.230800
661.239300
661.326700
661.334800
661.345700
661.356800
661.379900
661.604900
661.615300
661.832700
661.846700
661.855000
662.007300
662.191100
662.198800
662.207300
662.213300
662.220500
662.542900
662.616100
662.631800
662.642900
662.761200
662.795300
662.804100
662.926000
663.118900
663.125300
663.138500
663.154100
663.168800
663.540800
663.548100
663.675000
663.901200
664.234300
664.415100
664.421400
664.430700
664.450700
664.676500
664.691200
664.697200
664.705000
664.716200
664.723200
664.731700
664.741700
664.838700
665.112800
665.121700
665.129500
665.143400
665.156600
665.171600
665.396500
665.407700
665.746400
665.754000
665.761900
665.777700
665.923100
665.929800
665.961600
665.973800
665.984400
666.201400
666.223200
666.253000
666.440600
666.450400
666.492200
666.499200
666.519300
666.534100
666.924700
667.272300
667.282500
667.414500
667.419900
667.428100
667.441900
667.451600
667.458700
667.464900
667.472600
667.661000
667.700100
667.794800
667.802300
667.812200
667.820500
668.018200
668.025700
668.031900
668.038300
668.408900
668.416300
668.967800
668.974600
669.011400
669.023300
669.031800
669.039300
669.051800
669.359400
669.373600
669.383500
669.389200
669.830500
669.838600
669.846200
669.852100
669.877500
669.907800
670.432800
670.631400
670.644100
670.651300
670.682400
670.723800
670.763500
670.770900
670.778800
670.906400
670.914500
670.923500
671.167100
671.230400
671.590600
671.862000
672.071100
672.228300
672.233900
672.242800
672.255200
672.263500
672.365800
673.081800
673.485700
673.491400
673.496500
673.502800
673.512100
673.730000
673.736200
673.742100
673.750200
673.866100
673.877900
674.157600
674.165200
674.225400
674.565100
674.573600
674.588200
674.603800
674.833900
674.853600
674.875400
674.954300
674.963600
674.972300
674.987200
675.004800
675.286900
675.429600
675.437500
675.477200
675.500600
675.508400
675.517400
675.528600
675.858700
675.876800
676.147100
676.155000
676.162200
676.213900
676.237700
676.486200
676.532500
676.653800
676.666500
677.545600
677.740000
677.763200
677.773900
677.990500
677.997600
678.007300
678.567800
678.574800
678.581400
678.589500
678.641100
678.658700
678.896700
678.919600
678.939700
678.979200
679.238400
679.246300
679.381900
679.405900
679.889300
679.897000
680.025300
680.037700
680.064000
680.163800
680.523600
680.553900
680.575300
680.673600
680.682100
680.689200
681.321400
681.328200
681.337500
681.346300
681.353600
681.368100
681.379000
681.498300
681.507200
681.686100
681.719900
681.758600
681.777700
681.786400
681.999100
682.072400
682.085800
682.227800
682.268500
682.392900
682.548200
682.554000
682.559500
682.568500
682.800700
683.011500
683.026800
683.198500
683.491300
683.500200
683.510900
683.873700
684.154900
684.167000
684.175600
684.187100
684.204300
684.213600
684.240200
684.345200
684.353700
684.790200
684.796300
684.802500
684.811800
684.821000
684.962800
684.974000
685.261600
685.827400
685.834500
685.841700
685.855700
685.877000
685.883700
686.659900
686.670900
686.756000
686.860400
686.868500
686.877300
686.968500
686.990500
687.074900
687.318600
687.325600
687.360400
687.401400
687.421400
688.300000
688.308100
688.317100
688.330800
688.340700
688.423900
688.431300
688.731200
688.743100
688.762600
689.110600
689.116900
689.123300
689.131300
689.139900
689.273800
689.583900
689.685900
689.698500
689.816400
690.130900
690.156100
690.264600
691.005500
691.235900
691.244500
691.385600
691.474900
691.515800
691.528100
691.539300
691.695800
691.800000
691.823200
692.281300
692.293100
692.306300
692.314600
692.335700
692.927700
692.934600
692.948100
693.044900
693.064900
693.078500
693.395400
693.402600
693.527300
693.537300
693.547100
693.673300
693.681300
693.695300
693.922500
693.935700
693.943300
693.950700
693.959600
693.970200
693.980900
693.987300
693.998300
694.007100
694.117700
694.694900
694.712000
694.719600
694.734000
694.872400
694.878300
694.887200
694.895000
694.902200
694.967300
694.976000
694.983100
695.209800
695.351300
695.632700
695.638200
695.644400
695.651600
695.659100
695.680300
695.689000
696.460200
696.540000
696.557000
697.008100
697.015800
697.023700
697.031700
697.096400
697.823200
697.828100
697.833600
697.861700
697.873900
697.886200
697.897700
698.159600
699.248900
699.255500
699.549100
699.556400
699.566100
699.575600
700.330000
700.721600
700.748900
700.766700
700.784200
700.918000
701.633700
701.646500
701.655900
701.831100
701.838800
701.847700
702.054100
702.064200
702.071100
702.077700
702.262000
702.269800
702.278500
702.301000
703.492200
703.500400
703.630600
703.642300
703.652300
704.344400
704.357700
704.674100
704.681000
704.688900
704.698700
705.191700
705.210500
705.801900
705.874200
705.888100
705.910700
705.922800
706.014700
706.026500
706.263600
706.270800
706.419100
707.150800
707.158900
707.170500
707.997100
708.003400
708.011400
708.017600
708.024800
708.034700
708.667200
708.675300
708.874700
708.881800
708.895900
709.232000
709.237700
709.252900
709.266400
709.316600
709.325100
709.336800
710.054100
710.061700
710.084500
710.093400
710.147000
710.169900
710.189600
711.036100
711.099700
711.117800
711.140900
711.149200
711.195500
711.205600
712.001900
712.008800
712.020700
712.028200
712.035500
712.053100
712.192700
712.202100
712.212600
712.224600
712.542100
712.550300
713.126300
713.135200
713.143600
713.160800
713.170800
713.493400
713.499800
713.511900
713.521500
713.529500
713.628400
713.643800
714.481600
714.489700
714.503500
715.606000
715.615400
715.629800
715.641900
715.653400
715.808900
715.819800
716.983600
717.220100
717.250500
718.626600
718.642800
719.029500
719.705500
719.733900
719.746700
720.404100
720.414500
721.579900
721.597100
721.664800
721.963500
721.974700
721.988500
722.376100
722.391900
722.407000
722.419000
722.803100
722.811900
722.821700
722.874800
724.339000
724.352600
724.485300
724.493100
724.499700
724.509100
724.520500
724.529200
725.060700
725.074300
726.634100
727.289400
727.297200
727.316400
727.416400
727.427400
727.466400
728.865100
728.872800
728.961800
728.969900
728.991000
729.005000
729.016300
731.582100
733.593000
733.618600
733.635500
733.651000
733.673200
734.141600
734.154100
734.177000
734.227600
734.238200
734.251800
734.268800
734.622400
734.636600
734.645700
734.657000
734.679900
734.691600
734.821000
734.830700
734.851900
735.091100
735.099300
735.107200
736.375000
736.383400
736.719900
736.728200
737.248900
738.426800
738.499100
738.507800
738.530300
739.194200
739.201800
739.215700
739.326100
739.794200
739.803700
739.822900
740.008700
740.015800
740.024200
740.032500
740.042300
740.059300
740.070200
740.645600
740.654300
740.696100
740.708700
742.860200
742.874600
742.885500
742.929000
744.522200
744.541100
744.563600
744.803300
744.815300
744.824800
744.935800
746.698400
746.709800
746.733000
746.741600
746.764400
746.896800
747.917500
748.459100
748.465900
748.473900
748.481400
748.490000
748.500700
749.005300
749.077000
749.086300
749.494800
749.682400
750.162900
750.176800
750.192800
750.207300
752.985500
752.994500
753.014800
754.143500
754.348100
754.356900
754.374400
754.387700
754.397800
754.407900
754.503900
754.507900
754.511700
754.515300
754.519000
754.522800
754.526800
754.531000
754.535200
754.539500
754.544400
754.549400
754.554500
754.561200
754.579800
754.589700
754.607200
754.653000
754.659700
755.820000
755.825800
755.835300
756.077200
756.083700
756.097100
756.437000
756.445400
756.761600
756.802900
757.882000
757.891900
757.900500
757.909900
757.946100
757.980900
759.995000
760.007800
760.016800
760.047900
760.056600
761.219500
761.227700
761.237200
761.256900
761.580500
761.587900
762.103800
762.139500
762.151500
762.207400
762.216800
762.236300
762.244800
762.997800
763.005700
764.207800
764.221500
764.422800
764.453400
764.484400
764.566300
764.583500
765.814500
765.824100
766.753000
766.761900
766.775200
766.880500
766.889200
766.898400
768.257600
768.264800
768.272000
768.281600
768.291500
769.076800
769.085300
769.871200
769.878300
770.246200
770.673400
770.695200
770.709700
770.967600
770.974800
770.981800
770.992000
771.005500
771.567300
771.574800
771.593300
772.273700
772.281100
772.290000
772.306000
773.575700
773.593800
773.621400
776.046900
776.103100
776.112900
776.569300
776.581500
776.592900
776.656600
778.458300
778.998400
779.006900
779.021800
781.671600
781.679700
781.690100
781.705300
782.954600
782.963600
783.879300
783.891100
784.302500
784.312100
784.320600
784.935000
784.943800
784.971600
787.989000
787.996700
788.007500
788.017400
789.847900
789.856600
789.868200
792.867500
792.884200
793.742500
793.754400
794.578600
799.275200
799.324600
800.095300
800.103700
800.118400
801.057400
801.066400
801.115100
801.124900
801.138300
801.150900
801.502700
801.511500
801.525700
805.501200
805.512600
805.619400
805.631600
806.260700
806.272600
806.282300
806.290100
807.253200
807.269100
807.315400
807.324900
807.333600
811.972700
811.985400
811.995100
812.034100
815.669700
815.690300
815.702200
815.711700
815.731200
815.746100
819.759000
819.766600
819.781900
819.795600
819.808600
819.886700
821.942600
823.914200
823.924200
823.940200
823.962800
826.307900
827.753300
827.804800
827.819700
829.058600
829.069000
829.077400
829.088800
829.101100
830.338700
830.345400
830.354100
830.362800
830.384600
830.392100
832.413100
832.422100
832.430800
832.438600
832.453800
832.475600
832.488800
834.463700
834.476600
834.975300
835.417200
835.427800
837.499000
837.518000
837.547200
838.773300
838.804300
839.515500
839.523700
839.537100
839.549100
840.343300
840.349700
840.358000
840.366000
840.376100
840.384900
840.396100
840.406500
841.429000
841.444600
841.456100
841.488600
843.068600
843.077600
844.654100
844.665400
844.764200
850.020200
850.040500
855.080100
855.095500
856.780300
856.789200
858.433600
858.446400
863.236100
863.940700
863.963200
863.975500
864.034400
864.042200
866.470900
866.477800
866.486000
869.875500
869.892700
869.919800
871.471300
871.479900
871.489000
871.500700
871.514200
872.666800
872.677900
873.097400
873.112800
873.139700
873.148600
874.389200
874.396400
874.527200
874.531700
874.535600
874.539500
874.543200
874.547100
874.550900
874.554300
874.557700
874.561300
874.565000
874.568900
874.572300
874.576500
874.580600
874.584500
874.588500
874.592600
874.596900
874.601300
874.606200
874.611500
874.616600
874.621700
874.628300
874.634400
874.640500
874.646400
874.654800
874.664800
874.671200
874.679000
874.688900
874.697200
874.708900
874.724300
874.748300
875.205200
875.212400
875.220200
875.233700
875.266000
875.271700
875.285100
875.302000
875.561200
875.882900
875.889100
875.894800
875.903400
875.918000
875.933500
875.954500
876.126800
876.133900
876.143500
876.164000
876.231800
876.250600
876.571100
876.576800
876.583300
876.598700
876.698500
876.719300
876.729200
876.738400
876.747500
876.761400
877.037900
877.047000
877.056900
877.066600
877.080400
877.099000
877.107100
877.400900
877.410100
877.566200
877.657400
877.667700
877.676300
877.775300
878.157400
878.163600
878.169300
878.175600
878.183200
878.188800
878.210400
878.460200
878.469200
878.534300
878.540600
878.555600
878.565800
878.576600
878.790900
878.871300
878.876800
878.885600
878.895300
879.295700
879.304500
879.313900
879.360500
879.368500
879.375900
879.392900
879.555200
879.792800
879.799600
879.805500
879.887600
880.187700
880.282100
880.292300
880.508300
880.521300
880.533900
880.545500
880.727700
880.744000
880.754800
881.062500
881.074900
881.088800
881.230100
881.238700
881.245500
881.252600
881.261100
881.272800
881.283500
881.293300
881.304500
881.426000
881.528100
881.659800
881.689000
881.697900
881.791700
881.799900
881.814100
881.978500
882.366800
882.373100
882.378500
882.385100
882.391800
882.400900
882.435700
882.442400
882.453000
882.784500
882.796100
882.817500
882.897400
882.906800
883.284400
883.314500
883.434000
883.455900
883.834100
883.850400
883.871600
883.881800
884.460900
884.470900
884.484000
884.490700
884.497100
884.504400
884.510000
884.516600
884.552700
885.043400
885.050000
885.061500
885.069200
885.257700
885.479100
885.496400
885.995100
886.001500
886.010600
886.086800
886.226000
886.271800
886.388500
886.974300
886.980700
886.986900
886.993700
887.001900
887.014200
887.022100
887.197900
887.310100
887.555600
887.564100
887.574100
887.592000
887.611400
887.670200
887.773300
887.882000
888.474100
888.653200
888.725300
888.944600
889.173000
889.181800
889.195000
889.228800
889.661400
889.669600
889.812100
889.887800
889.894000
889.908700
890.080600
890.274500
890.399400
890.414300
890.994700
891.003300
891.010500
891.019800
891.098700
891.221300
891.342100
891.473700
891.488700
891.498000
891.839000
891.887900
891.914500
891.947700
891.960600
891.990300
892.002200
892.663100
892.732800
892.791100
892.807100
892.887300
893.561200
893.567500
893.579300
893.587700
893.596200
893.773400
893.783100
893.803000
893.934400
893.964900
893.978000
894.015400
894.377900
894.399800
894.418600
894.610600
894.624300
894.639100
894.685400
895.663900
895.669900
895.679100
895.685100
895.691600
895.705200
896.152400
896.158800
896.167500
896.177300
896.479500
896.486300
896.529000
896.541400
896.842600
896.852200
896.864200
897.216300
897.223400
897.230800
897.243200
897.258900
897.311800
897.403300
897.787200
897.806600
897.820100
897.828100
897.847900
897.868100
898.149800
898.155500
898.164700
898.386800
898.425700
898.433300
898.442800
898.622600
898.930000
898.939400
898.959500
898.971400
898.980800
899.335100
899.343400
899.352200
899.388400
899.398100
899.405700
899.416600
899.429900
899.761700
899.767400
899.781900
899.791500
899.967500
899.976300
899.985100
900.307600
900.315600
900.321400
900.329800
900.374900
900.824500
900.835600
900.907200
900.914600
900.927300
900.941900
901.093000
901.118000
901.288400
901.299200
901.940500
901.950000
901.959600
901.967400
902.456700
902.478400
902.491600
902.503100
903.000200
903.024100
903.042200
903.070200
903.649300
903.656500
903.843700
903.864600
903.882400
904.981400
904.995500
905.784200
905.818800
905.834400
905.880100
905.995200
907.018700
907.028100
907.043300
907.108800
907.119600
907.138300
907.155100
907.646900
907.656100
907.695800
908.069700
908.077700
908.730000
908.754100
908.898700
908.907900
909.290800
909.299400
909.310300
909.321200
909.430000
909.439800
910.088900
910.129600
910.152100
910.164900
910.184200
911.312200
911.321900
911.359400
911.381000
911.394400
911.402500
912.054600
912.762300
912.771500
912.780900
912.792200
912.801300
912.809700
912.823200
913.241000
913.294500
913.305800
913.730400
913.738200
914.083800
914.091200
914.104800
914.265800
915.115600
915.122900
915.137400
915.154200
915.488600
915.496800
915.507500
915.531400
916.712300
916.719100
916.728400
916.737300
916.749600
917.250900
917.268800
917.289100
917.922300
917.930100
918.892100
918.909400
918.942600
918.953600
918.969000
919.654900
919.666100
919.674900
919.688400
919.703700
921.260200
921.267500
921.275900
921.757600
921.775500
921.783800
921.793300
921.815500
921.829500
922.071200
922.089600
922.097800
922.105000
922.124400
923.045000
923.056600
923.539900
923.553800
923.565500
923.837000
923.848800
924.270000
924.314100
924.337600
924.350700
925.292900
925.303800
925.753300
925.763200
925.771600
925.782600
925.942000
926.135900
926.148600
926.835900
926.843800
926.884500
927.475700
927.484700
927.492500
927.684100
927.948500
927.955300
927.963700
927.988000
928.002600
928.639900
928.647200
928.677100
928.689000
928.739200
928.751400
929.011800
929.025000
931.572900
931.580600
932.827100
932.834800
932.844900
932.857200
933.000400
933.158200
933.167400
933.177600
933.201000
933.217100
933.247100
936.542800
936.554100
936.566700
936.581000
937.358700
938.615300
938.622300
938.634400
938.646900
943.039200
943.048600
943.061900
943.103500
943.113700
943.213000
943.354900
948.024100
948.358900
948.368600
948.377300
948.522400
948.633400
948.641000
948.653200
948.686600
948.702400
949.736800
949.745200
950.410700
950.421200
950.430200
950.440000
950.461900
950.493100
950.632100
953.213500
953.221000
953.267200
953.308900
957.673600
958.949800
958.958600
958.971400
958.981400
958.995100
959.006900
959.068800
961.584300
961.594500
961.611900
961.634700
961.643300
963.886900
963.894900
963.907800
966.432300
966.440800
966.450400
969.692900
969.702400
969.712100
972.535500
972.545400
972.556600
972.578400
972.588600
972.709000
975.525400
975.532600
975.554500
975.564100
975.575300
975.596300
979.000900
979.011800
979.021100
979.034000
979.042300
979.051100
979.155400
981.313800
981.322200
981.337900
981.357500
981.383500
983.346700
985.325700
985.344000
986.239700
986.252600
986.270700
986.537000
986.547300
989.516300
992.526900
992.534400
992.545400
992.556000
994.302600
994.311300
994.321200
994.328600
994.343200
994.409600
994.728600
994.732500
994.736200
994.739500
994.743100
994.746600
994.749800
994.753000
994.756400
994.759700
994.763000
994.766400
994.769900
994.773500
994.777300
994.780800
994.784700
994.788900
994.793300
994.797900
994.802900
994.807600
994.812600
994.817400
994.822600
994.828000
994.833300
994.839700
994.846800
994.856200
994.863000
994.871900
994.879500
994.887800
994.893800
994.902500
994.917400
994.925100
994.938800
994.949100
994.957400
994.965400
994.974300
994.984900
994.998300
995.008900
995.026800
995.075700
995.085800
995.094400
995.124500
995.141100
995.147800
995.155900
995.178400
995.201200
995.209000
995.224500
995.233700
995.269000
995.286100
995.295500
995.342800
995.374600
995.386700
995.396300
995.404500
995.454500
995.470700
995.498300
995.507100
995.529100
995.547100
995.554600
995.571400
995.583800
995.635800
995.695100
995.714200
995.738300
995.748300
995.779800
995.797600
995.806300
995.822600
995.839000
995.882900
995.891200
995.900200
995.919400
995.947400
995.973600
996.000500
996.015600
996.049200
996.056300
996.094200
996.147200
996.157500
996.165900
996.210300
996.244800
996.320200
996.329500
996.348900
996.362500
996.412800
996.440000
996.465400
996.488400
996.506000
996.514300
996.528600
996.589300
996.611900
996.621100
996.640300
996.649200
996.704900
997.036500
997.259800
997.304400
997.314200
997.324200
997.439100
997.468500
997.482400
997.622600
997.632000
997.646600
997.759200
997.818500
997.829700
997.842700
997.921900
997.961100
998.054500
998.071100
998.083900
998.265200
998.284200
998.291400
998.299500
998.436800
998.449200
998.548800
998.574400
998.583400
998.684500
998.694300
998.703500
998.711900
998.890300
998.900700
998.912200
998.940800
999.015000
999.041200
999.124100
999.134300
999.144300
999.156900
999.249800
999.374300
999.432800
999.479100
999.645200
999.653100
999.671100
999.687300
999.699000
999.704000
999.735200
999.741400
999.969200
999.975900
999.982400
1000.044900
1000.059800
1000.203800
1000.222700
1000.325800
1000.368100
1000.486800
1000.493700
1000.597700
1000.610900
1000.807700
1000.828100
1000.836300
1000.853100
1000.999300
1001.019300
1001.034800
1001.105100
1001.120400
1001.129000
1001.149200
1001.211900
1001.219400
1001.226400
1001.344200
1001.436400
1001.444300
1001.451600
1001.472800
1001.489900
1001.498800
1001.707100
1001.713300
1001.732300
1001.745700
1001.760700
1001.768300
1001.777500
1001.787800
1001.796000
1001.804700
1001.905900
1001.916000
1002.048600
1002.064100
1002.071500
1002.078400
1002.314300
1002.324400
1002.375300
1002.479900
1002.496800
1002.575400
1002.607200
1002.616300
1002.624600
1002.631900
1002.637200
1002.647200
1002.655900
1002.856200
1002.871400
1002.882100
1002.890400
1002.997200
1003.004200
1003.015900
1003.136800
1003.148400
1003.155300
1003.161300
1003.168200
1003.219500
1003.365300
1003.378100
1003.615700
1003.622100
1003.635900
1003.687900
1003.700900
1003.844600
1003.851200
1003.860600
1003.867300
1004.010600
1004.031700
1004.178800
1004.187000
1004.196800
1004.231900
1004.238600
1004.244600
1004.328500
1004.460400
1004.475600
1004.482800
1004.489800
1004.630700
1004.762400
1004.771600
1004.826300
1004.976800
1005.165600
1005.174700
1005.352200
1005.428800
1005.435200
1005.443800
1005.704500
1005.741900
1005.755000
1005.769900
1005.787300
1005.851200
1005.930100
1006.063700
1006.125100
1006.132800
1006.278700
1006.286000
1006.307200
1006.315500
1006.332600
1006.349800
1006.407100
1006.541000
1006.758600
1006.768700
1006.883600
1006.893900
1006.903000
1006.920000
1006.930000
1006.939800
1007.186100
1007.210400
1007.217100
1007.227500
1007.235100
1007.242200
1007.248300
1007.258300
1007.334000
1007.431200
1007.448600
1007.608700
1007.823100
1007.831800
1007.997000
1008.008600
1008.077600
1008.088100
1008.140400
1008.159200
1008.174200
1008.295800
1008.309400
1008.361700
1008.399600
1008.552900
1008.562300
1008.677600
1008.695600
1008.758600
1008.818700
1008.890500
1008.898800
1008.907900
1009.014900
1009.091600
1009.107000
1009.171700
1009.182300
1009.227400
1009.344100
1009.350200
1009.365900
1009.521100
1009.769100
1009.805400
1009.835200
1009.842800
1009.855300
1009.882300
1009.891200
1009.987800
1009.998600
1010.169100
1010.255700
1010.261900
1010.271200
1010.283200
1010.293900
1010.379500
1010.389500
1010.461600
1010.533900
1010.645300
1010.674600
1010.692800
1010.711500
1010.717300
1010.728500
1010.757800
1010.842400
1010.850700
1010.941300
1010.958100
1011.071000
1011.194000
1011.374200
1011.481900
1011.503800
1011.511800
1011.518800
1011.737200
1011.757600
1011.771300
1011.778200
1011.877300
1011.884800
1011.946700
1012.126100
1012.208400
1012.279300
1012.300900
1012.309700
1012.436500
1012.691100
1012.700400
1012.715200
1012.852100
1013.001800
1013.014800
1013.023200
1013.033500
1013.278600
1013.288300
1013.297500
1013.407200
1013.414700
1013.557400
1013.586800
1013.763000
1014.023200
1014.094000
1014.122300
1014.134600
1014.147600
1014.268700
1014.275500
1014.496900
1014.507200
1014.521400
1014.529400
1014.539000
1014.550000
1014.563900
1014.571500
1014.579800
1014.835800
1014.894400
1014.904400
1014.910800
1014.962700
1015.040700
1015.120900
1015.127200
1015.195500
1015.261600
1015.485200
1015.492100
1015.535400
1015.552300
1015.566700
1015.903500
1015.954700
1016.148700
1016.247500
1016.273400
1016.283400
1016.346300
1016.353500
1016.362700
1016.381200
1016.735500
1016.761500
1016.856900
1016.864900
1016.891100
1017.036000
1017.092900
1017.128600
1017.205100
1017.219700
1017.241000
1017.339200
1017.526700
1017.569900
1017.723900
1017.731200
1017.754900
1017.954600
1017.964100
1018.268000
1018.281600
1018.458800
1018.568700
1018.576000
1018.794100
1018.924900
1018.954700
1018.964900
1019.022000
1019.041400
1019.049100
1019.135000
1019.142900
1019.286600
1019.446900
1019.457600
1019.502500
1019.518300
1019.594400
1019.618000
1019.943800
1019.952700
1020.077500
1020.085800
1020.121500
1020.469400
1020.490100
1020.533500
1020.629800
1020.637600
1020.776300
1020.953900
1020.982800
1021.391800
1021.408400
1021.473100
1021.536500
1021.547300
1021.580900
1021.593400
1021.619300
1021.674600
1021.870400
1022.137600
1022.152900
1022.268900
1022.290500
1022.300100
1022.328300
1022.456200
1022.467000
1022.476900
1022.648500
1022.828300
1022.835700
1022.913900
1023.480700
1023.581500
1023.596000
1023.605200
1023.627400
1023.653600
1023.668200
1023.755500
1023.778300
1023.847700
1023.924500
1023.930700
1023.937900
1023.948500
1023.957900
1024.077500
1024.274900
1024.281600
1024.288500
1024.441000
1024.453200
1024.463900
1024.479000
1024.535400
1024.547200
1024.642200
1024.757100
1024.829000
1024.939000
1024.947700
1024.956000
1024.964500
1024.987300
1025.003700
1025.032800
1025.288200
1025.296900
1025.319700
1025.327800
1025.346000
1025.356800
1025.482500
1025.509500
1025.923500
1025.931900
1026.029000
1026.041400
1026.183500
1026.194500
1026.232500
1026.246400
1026.277700
1026.293200
1026.468400
1026.512900
1026.612800
1026.618800
1026.631300
1026.675900
1026.880300
1026.905400
1027.082900
1027.093900
1027.221800
1027.236200
1027.309700
1027.346400
1027.577700
1027.616900
1027.671400
1027.680200
1027.889300
1027.900900
1028.318600
1028.425500
1028.526600
1028.618700
1028.626100
1028.642900
1028.802200
1029.001200
1029.010800
1029.176300
1029.187800
1029.195200
1029.203300
1029.214900
1029.347000
1029.354900
1029.362600
1029.383900
1029.402400
1029.416300
1029.449300
1029.537500
1029.552800
1029.661900
1029.683800
1029.702300
1029.721300
1029.802200
1030.145300
1030.545100
1030.552700
1030.582400
1030.592100
1030.600600
1030.764300
1030.774100
1030.820500
1030.828900
1030.996700
1031.015900
1031.024100
1031.149500
1031.157100
1031.166200
1031.316400
1031.383600
1031.730100
1031.809800
1031.819800
1031.973500
1031.986700
1031.996000
1032.004700
1032.012500
1032.018900
1032.040400
1032.047600
1032.060600
1032.069900
1032.149900
1032.164300
1032.177200
1032.318100
1032.551500
1032.667900
1032.783900
1032.813500
1032.820800
1032.826900
1032.832900
1032.846400
1032.855300
1032.980100
1033.146600
1033.160000
1033.326900
1033.400200
1033.544900
1033.760300
1033.865400
1033.942100
1033.959700
1034.248900
1034.313800
1034.624800
1034.638500
1034.645700
1034.653100
1034.708500
1034.838000
1034.848500
1034.915300
1034.930300
1035.216700
1035.425400
1035.436400
1035.454200
1035.524200
1035.533600
1035.725300
1035.732800
1035.775900
1035.884100
1036.121100
1036.147400
1036.275800
1036.288500
1036.302300
1036.317400
1036.482800
1036.519900
1036.905400
1036.914500
1036.955200
1037.038600
1037.063000
1037.284800
1037.319400
1037.345600
1037.640800
1037.649600
1037.801300
1037.819000
1037.884000
1037.976700
1037.997700
1038.019000
1038.026300
1038.059100
1038.157500
1038.610000
1038.629300
1038.637200
1038.645700
1038.653300
1038.772100
1038.781100
1038.918800
1038.925700
1038.938000
1038.950900
1039.135400
1039.144000
1039.430100
1039.435000
1039.441400
1039.456500
1039.472200
1039.905200
1039.917700
1040.129900
1040.203300
1040.213600
1040.338100
1040.344400
1040.504800
1040.520000
1040.578800
1040.759300
1040.790700
1040.798700
1040.924400
1040.936000
1040.951900
1041.582800
1041.589600
1041.599200
1041.607700
1041.615600
1041.625200
1041.632200
1041.736000
1041.744000
1041.983500
1041.996100
1042.010100
1042.020600
1042.029800
1042.109300
1042.589800
1042.595500
1042.611300
1042.621300
1042.708500
1042.718300
1042.730200
1042.749100
1043.022800
1043.050600
1043.066400
1043.362600
1043.634800
1043.645600
1043.653100
1043.673200
1043.702500
1043.727100
1043.742900
1043.750500
1043.760100
1043.921600
1044.263000
1044.314200
1044.319900
1044.350300
1044.359900
1044.494000
1044.500300
1044.874000
1044.884300
1044.893200
1044.903400
1045.025400
1045.055200
1045.219500
1045.231500
1045.470100
1045.922800
1045.931700
1046.118700
1046.205000
1046.461400
1046.471600
1046.559600
1046.622400
1046.659600
1046.815500
1046.822900
1047.076200
1047.310800
1047.323800
1047.335900
1047.409700
1047.428500
1047.676000
1048.027900
1048.039900
1048.054800
1048.062700
1048.068500
1048.075100
1048.273800
1048.284300
1048.311000
1048.702600
1049.017100
1049.023500
1049.029700
1049.035700
1049.046900
1049.060700
1049.069900
1049.326100
1049.335900
1049.365900
1049.373000
1049.426900
1049.707700
1049.727900
1049.792500
1049.919200
1050.193800
1050.486700
1050.497200
1050.742000
1050.752800
1050.772600
1050.918000
1051.098400
1051.462900
1051.471100
1051.477700
1051.490400
1051.501500
1051.742800
1052.516800
1052.526600
1052.631000
1052.637700
1052.644900
1052.653900
1052.664200
1052.774500
1052.833100
1052.844900
1052.960800
1052.976400
1053.118000
1053.533500
1053.540300
1054.067600
1054.402800
1054.609900
1054.677100
1054.978800
1054.992600
1055.063300
1055.087000
1055.183200
1055.221400
1055.237900
1055.645200
1055.651100
1055.679200
1055.686000
1055.695000
1055.979300
1056.454000
1056.460800
1056.471600
1056.567100
1056.953900
1057.107300
1057.502900
1057.515500
1057.524100
1057.561200
1058.178200
1058.186100
1058.330800
1058.339000
1058.963400
1058.971600
1058.980600
1058.989700
1059.004100
1059.018100
1059.027800
1059.055900
1059.346700
1059.783500
1060.007900
1060.016100
1060.027900
1060.359200
1060.368500
1060.375800
1060.382000
1060.397100
1060.806300
1060.820800
1060.829900
1060.839400
1060.861800
1060.891800
1061.185400
1061.192200
1061.199300
1061.510700
1061.526200
1061.538300
1061.660000
1061.669000
1061.680900
1062.175700
1062.194200
1062.275500
1062.793000
1062.800900
1062.809400
1062.819400
1062.827200
1062.834100
1062.844700
1063.046200
1063.054100
1063.445000
1063.454000
1063.464300
1063.487600
1063.517800
1063.718600
1063.726200
1063.871600
1063.889600
1064.205300
1064.215600
1064.763800
1064.774200
1064.899100
1065.003100
1065.031500
1065.447500
1065.455900
1065.569600
1065.577600
1065.595500
1065.787600
1065.797100
1066.165100
1066.198400
1066.375500
1066.388300
1066.403300
1066.949000
1067.103300
1067.112200
1067.190000
1067.367800
1067.377800
1067.385800
1067.560300
1067.575000
1068.297900
1068.510100
1068.517100
1068.524200
1068.533500
1068.894400
1068.903200
1069.052100
1069.076900
1069.186300
1069.209000
1069.311100
1069.337200
1069.648000
1069.733800
1070.376000
1070.383900
1070.391200
1070.671800
1070.752900
1071.263300
1071.269400
1071.274700
1071.294400
1071.300800
1071.308900
1071.315800
1071.321600
1071.339300
1071.567800
1071.615300
1071.989100
1071.994000
1071.999200
1072.005800
1072.013800
1072.023200
1072.029600
1072.107300
1072.581000
1072.602100
1072.622700
1072.633500
1072.651900
1073.338300
1073.416500
1073.432700
1073.446900
1073.742600
1074.411900
1074.421000
1074.427900
1074.471900
1074.481800
1074.489600
1074.498000
1074.877400
1074.913500
1075.125900
1075.132800
1076.041900
1076.052500
1076.154600
1076.165200
1076.179800
1076.607300
1076.618800
1076.710600
1076.737900
1076.745400
1076.860700
1076.982400
1076.995100
1077.004000
1077.759500
1078.673500
1078.693800
1078.809700
1078.933000
1078.942100
1079.382000
1079.389600
1079.397500
1079.409300
1079.955000
1079.967600
1079.980700
1079.989400
1080.182800
1081.138200
1081.148400
1081.159900
1081.166800
1081.189400
1081.208400
1081.217400
1081.227600
1081.240800
1081.248000
1081.490200
1081.498200
1081.665100
1081.719500
1082.257000
1082.267200
1082.381900
1082.414600
1082.999100
1083.019000
1083.105900
1083.998000
1084.946700
1085.342200
1085.352400
1085.371900
1085.381300
1085.393500
1085.416200
1085.423300
1085.880700
1085.891000
1086.531600
1086.540000
1086.560100
1086.697100
1086.712400
1086.898000
