spike times
0.825800
0.841400
1.083100
1.095800
1.114100
2.874000
2.916600
2.925300
15.693600
15.709800
15.718200
15.752800
15.805100
19.716600
19.732200
19.744900
19.815600
22.705200
24.807000
25.053600
25.938300
25.968200
29.346700
30.038600
30.042600
30.046000
30.049500
30.052800
30.056000
30.059300
30.062900
30.066100
30.069500
30.072900
30.076300
30.080000
30.083900
30.088400
30.093600
30.098400
30.103300
30.108300
30.114700
30.120400
30.126200
30.132300
30.139800
30.147300
30.156100
30.162600
30.169100
30.177400
30.187200
30.198600
30.221600
30.231400
30.239500
30.251700
30.271700
30.280200
30.290400
30.884800
30.895400
31.365400
31.540300
31.615800
31.642900
32.392900
32.407300
33.245200
33.406300
33.922100
33.948200
34.439800
34.450300
35.846700
35.856800
35.908200
37.115200
37.123500
37.153500
38.168900
38.179100
38.213600
38.797700
38.811300
38.995500
39.680100
39.696600
40.978000
40.986900
40.999700
42.343200
42.353000
44.665000
44.674400
44.686300
45.917900
47.482600
47.687200
48.821700
48.843900
51.447800
51.457000
51.467500
53.229200
56.214800
56.224100
56.233000
58.946000
58.959800
59.247300
59.256200
59.268600
62.209200
62.219500
63.951300
63.960100
65.035000
65.305600
65.314500
65.331600
65.342300
65.352400
69.282400
70.209800
72.147500
72.158100
74.528600
75.606600
79.927300
79.948800
79.969500
85.654000
86.300600
86.939100
93.347900
93.359800
94.183200
103.941400
103.958300
104.531700
104.543300
104.561000
104.577300
105.312100
105.325700
106.992900
108.668100
110.111500
110.143500
118.684500
118.749000
128.221000
129.152600
131.084500
131.097300
134.035600
134.047500
135.487700
135.494100
135.509800
138.980000
138.988700
140.419500
140.429000
140.440200
140.450300
141.692300
150.239500
150.244300
150.248500
150.252300
150.256000
150.259600
150.263300
150.266800
150.270400
150.273900
150.277600
150.281200
150.285100
150.289100
150.293400
150.297800
150.303000
150.308100
150.313800
150.321100
150.329000
150.337200
150.346400
150.355300
150.370200
150.386200
150.402900
150.416800
150.433100
150.447600
150.464300
150.510900
150.542400
150.617200
150.700100
150.710800
150.717700
150.738600
150.787000
150.799400
150.929500
150.938500
151.010800
151.022500
151.085900
151.119700
151.239700
151.250500
151.262500
151.290000
151.369200
151.388700
151.500000
151.519900
151.555200
151.607900
151.620000
151.696600
151.843200
151.856900
151.903900
151.913000
151.957300
151.990700
152.010000
152.024100
152.098400
152.133800
152.194400
152.202300
152.251300
152.259400
152.268500
153.342600
153.355400
154.213000
154.233600
154.384200
155.555500
155.860500
155.868800
156.447200
156.455200
156.463000
156.475300
157.354200
157.367800
157.380900
157.388000
157.401700
157.410000
157.972700
157.987500
158.221100
158.232100
158.298300
158.315800
160.212600
160.228300
163.459500
163.744400
163.809100
164.291000
164.300800
166.024500
166.032400
167.101300
167.120100
168.126700
170.499500
171.917800
171.933200
172.088900
174.891900
177.378800
177.391600
177.401800
178.418100
179.232900
180.373000
180.385000
180.821800
180.829700
180.847100
181.097700
181.627300
182.482700
182.509200
184.983400
185.000200
185.594100
185.605000
188.182700
191.150800
192.261300
192.274400
197.742100
198.942900
200.126200
200.133900
200.154400
200.384500
201.304600
201.315700
201.995300
202.026400
204.337800
204.346800
204.353600
205.064300
205.081100
205.100200
205.122900
206.499800
206.511400
206.535000
208.496400
208.515800
211.184800
211.202000
211.220200
212.861100
213.282200
213.292300
213.671200
213.681300
214.202100
215.000300
218.774000
221.262800
221.277200
222.491500
222.516200
227.708000
227.720700
229.335800
229.352300
232.279000
232.287300
232.304300
232.322800
233.841800
235.032900
235.049800
235.059500
235.069200
237.056500
237.066300
237.075300
238.285200
238.302300
239.316600
239.339800
239.359400
240.585900
240.596200
243.414300
243.428400
243.881900
243.893000
243.903800
244.642000
244.654000
247.275000
248.441200
250.770300
250.781400
250.798300
251.199500
252.899900
253.790500
253.799700
255.732700
255.742700
258.262200
258.845800
258.857900
266.487600
266.513400
272.242600
272.247300
272.251500
272.254800
272.258500
272.262000
272.265700
272.269100
272.272900
272.276600
272.280400
272.284200
272.288500
272.293300
272.299000
272.305900
272.314700
272.340200
272.466300
272.962000
273.290000
273.663900
273.676300
274.468300
274.527000
274.793500
274.805100
274.944400
276.442700
278.588700
280.410200
283.735500
285.050400
285.064700
285.416000
289.108600
297.020400
298.317600
298.329000
299.616900
299.630100
300.264300
302.613700
302.624500
306.683500
306.691300
306.712500
309.869100
309.904500
312.321500
312.333600
312.838000
312.851500
314.809300
314.819400
316.386400
316.398400
321.177300
327.687100
327.751500
331.284000
339.428600
343.618200
343.627800
344.190200
344.214000
345.093800
347.635000
348.647000
364.495900
364.504500
364.522400
364.957400
364.967100
366.299300
366.317500
366.334800
367.255800
369.478800
369.497700
371.741700
371.750300
392.267600
392.272000
392.277100
392.281700
392.285800
392.289600
392.293300
392.297100
392.301400
392.305800
392.309900
392.314100
392.318200
392.322500
392.327000
392.333500
392.340100
392.346700
392.356000
392.364300
392.379700
392.388800
392.399400
392.420000
392.429500
392.439700
392.457000
392.473500
392.485000
392.529900
393.317600
394.247300
394.257800
394.268200
394.280500
394.816200
396.162500
397.843500
398.158900
399.483700
399.494000
399.934200
399.953300
401.852500
401.869500
403.277800
404.726600
404.737800
404.751400
404.761400
407.523500
407.532300
407.547000
409.149500
410.988800
419.996200
420.012700
421.217200
421.226400
424.717400
424.727500
424.744600
427.818800
427.828800
427.861000
440.297800
440.309800
440.318100
442.186800
442.841500
444.451500
451.572400
451.594900
451.628800
451.976100
451.994000
454.987400
455.021500
457.820900
461.479600
461.777500
463.319900
463.518400
464.761900
464.770900
464.786600
466.603100
466.629800
478.113200
481.030700
481.041900
481.501100
484.107200
484.124400
484.301900
484.327100
485.181800
487.652800
487.663400
489.511000
490.609200
493.596700
493.613500
493.632800
505.188100
507.767300
507.780200
508.919600
509.793300
509.802100
511.679500
511.687600
512.475200
512.479900
512.483900
512.488100
512.492100
512.495900
512.499600
512.503400
512.507400
512.511700
512.515900
512.520400
512.525200
512.530000
512.538100
512.546600
512.553600
512.560200
512.569500
512.576200
512.585700
512.592500
512.604700
512.617400
512.643200
512.657100
512.688100
512.754500
512.797700
512.835500
512.927800
513.029800
513.040500
513.106900
513.121000
513.217900
513.237300
513.401600
513.414600
513.580700
513.732500
513.749700
513.764700
513.842000
513.879300
514.027200
514.050000
514.077500
514.085500
514.092100
514.261400
514.271900
514.449700
514.470000
514.480700
514.492000
514.554700
515.276300
516.245000
516.255300
516.271500
516.483800
516.704400
516.995300
517.020800
518.192200
518.200700
518.217600
518.549800
518.569600
519.074700
519.477400
520.780100
520.793700
520.815700
521.732400
521.743900
523.061600
526.354700
526.989900
527.013900
529.643500
529.651400
529.864200
530.113500
531.724200
532.520200
532.822300
536.022500
536.033400
538.566300
541.598000
541.606200
542.363900
542.399800
542.740000
543.005900
544.989000
547.407300
550.586600
550.599200
552.571400
553.354600
553.371300
554.734700
555.400100
555.412600
555.424100
559.635900
560.721800
560.733100
564.139300
564.154700
564.481800
564.496600
566.145300
566.156500
566.167500
566.185100
570.097900
570.112600
570.129800
574.718100
575.713300
577.520200
579.873500
582.100700
582.116800
583.108600
583.117500
583.127800
584.557000
586.607000
586.616200
586.627700
588.486800
590.230400
592.040900
592.053000
597.557700
602.802500
602.811300
606.262200
611.761000
611.768200
611.781400
613.364200
615.928500
622.144700
622.166800
632.637000
633.385800
634.478500
634.483600
634.489200
634.493700
634.497700
634.501700
634.505600
634.509600
634.513400
634.517800
634.522200
634.526600
634.532700
634.538900
634.551100
635.077500
635.093900
635.806800
636.245100
638.547900
640.620300
640.631400
640.657700
642.014600
642.027600
644.324800
644.334500
647.756300
650.764200
650.795400
653.117100
658.436200
658.674000
658.696600
661.820600
661.829100
663.142900
663.154400
665.469600
669.975900
672.753200
677.796800
679.980700
682.093500
684.503600
684.517500
688.109900
688.126500
688.144700
688.158300
690.557200
690.565200
696.438700
698.701600
698.730000
704.127100
704.142600
704.156800
707.286900
707.308000
707.319800
708.394400
715.824900
715.836800
715.850700
715.893700
716.567400
720.437600
724.926500
724.934700
724.953900
725.508100
727.610600
730.224800
732.707500
732.716600
740.743600
740.755500
741.577800
753.121400
753.132400
754.499500
754.503000
754.506500
754.509900
754.513100
754.516300
754.519700
754.523100
754.526500
754.530100
754.533500
754.537000
754.540500
754.544200
754.548300
754.552000
754.556300
754.560800
754.565200
754.570700
754.576300
754.581800
754.587200
754.593000
754.599300
754.605800
754.611900
754.620100
754.628000
754.637700
754.645600
754.651600
754.665200
754.674800
754.689600
754.698700
754.707200
754.723500
754.736600
754.758500
754.762900
755.400600
755.439500
755.475400
755.616000
755.631200
755.961100
755.967300
755.983200
756.434700
756.447300
756.477800
756.490000
757.650900
758.102700
758.562900
758.587200
760.144600
760.869200
761.472000
761.481700
761.516100
762.362700
762.373700
762.870300
762.880900
763.682100
764.133700
764.142800
764.162700
764.450400
766.441300
769.570000
770.012600
771.118100
772.413800
772.691600
773.709500
773.900600
774.541800
774.552700
775.015000
775.068600
776.584300
776.596500
776.608800
778.895700
778.905600
779.714900
782.189400
788.101900
788.112400
788.125600
788.149900
791.004700
791.023900
791.033800
791.049000
793.653300
793.680100
800.389200
801.960900
802.943000
803.871400
808.382900
808.396500
808.425300
813.208900
813.235300
817.281800
817.307900
817.319900
818.126600
823.431700
829.675300
829.711200
831.376400
831.393500
831.952100
831.967400
836.152700
836.178400
836.792800
836.800300
837.632900
837.643800
837.657200
837.682100
846.444700
848.581500
848.684700
850.286000
855.785800
855.805600
855.941000
859.624200
861.124700
861.136800
861.148000
862.030400
862.041500
862.060900
865.267100
871.142700
871.157400
871.178100
872.290300
874.703800
874.707300
874.710300
874.713300
874.716400
874.719400
874.722400
874.725200
874.728200
874.731200
874.734100
874.737300
874.740500
874.743600
874.747100
874.750500
874.754100
874.757800
874.761500
874.765600
874.769500
874.773700
874.778700
874.783600
874.788400
874.793200
874.798600
874.803600
874.808800
874.814400
874.819900
874.825100
874.830400
874.837300
874.844600
874.852500
874.859400
874.867400
874.876400
874.887700
874.895900
874.906400
874.917200
874.928600
874.940100
874.948300
874.963700
874.975300
874.985200
875.000800
875.013100
875.023300
875.037000
875.046000
875.066500
875.103700
875.110300
875.124000
875.136600
875.149500
875.169100
875.188700
875.199900
875.215500
875.239800
875.257400
875.277900
875.288700
875.318300
875.336000
875.349600
875.360800
875.371000
875.396900
875.432000
875.445400
875.455100
875.472800
875.486500
875.534700
875.543200
875.552800
875.584900
875.593700
875.605100
875.624800
875.635300
875.663900
875.679100
875.700300
875.735500
875.746600
875.778200
875.790100
875.805000
875.820300
875.832900
875.851300
875.864900
875.909300
875.940100
875.954200
875.981300
875.992600
876.011900
876.037300
876.065000
876.074000
876.082900
876.105400
876.121800
876.146800
876.156700
876.187000
876.201000
876.211800
876.235300
876.248000
876.270500
876.305900
876.336400
876.346100
876.359300
876.378600
876.400600
876.415400
876.441700
876.453100
876.474900
876.506600
876.538800
876.555500
876.598500
876.607300
876.627400
876.645300
876.656100
876.702400
876.726800
876.759500
876.776600
876.793100
876.816800
876.828900
876.852700
876.871500
877.400100
877.409000
877.601600
877.609700
877.869300
877.882400
878.102000
878.450000
878.615500
878.887800
878.938900
878.950500
879.219800
879.226300
879.269500
879.445800
879.625500
879.762100
879.918400
879.926100
879.936600
880.033200
880.045000
880.235400
880.252800
880.433100
880.440800
880.672000
880.682300
880.952300
881.137100
881.448600
881.929100
882.345500
882.355300
882.373300
882.981200
882.992100
883.027000
883.040300
883.051400
883.722400
883.787100
883.796700
883.994800
884.013700
884.031700
884.220100
884.276200
884.286400
884.793100
884.933100
884.945200
885.085600
885.094700
885.105000
885.119700
885.127100
885.154600
885.451600
886.071200
886.230900
886.546400
886.573700
886.581900
886.598700
886.929800
887.059600
887.324200
887.718900
887.731400
888.375800
888.392600
888.406900
888.427700
888.881300
888.913600
888.927100
889.743400
889.764800
889.885900
890.491000
890.500100
890.514800
890.524100
890.911100
890.930000
890.940400
890.976100
890.986000
891.376000
891.634200
891.799700
892.297400
893.433600
893.463000
893.472100
893.481500
894.164400
894.182900
894.591200
894.600600
894.611400
895.071800
895.083900
895.097800
895.111700
895.123300
895.578400
895.591400
895.600100
897.138800
897.150800
897.236600
897.243200
897.249500
897.436400
897.784800
897.912400
897.935600
898.370200
898.379400
898.391500
899.277800
899.709900
899.722200
899.735500
901.204100
901.645500
901.783500
902.111500
902.442600
903.118400
903.495200
904.216100
904.222600
904.229200
904.235000
904.244900
904.252100
904.784500
904.896900
904.909600
905.981000
905.995200
906.684800
906.699100
907.884400
907.891200
907.899100
907.910400
908.185900
908.202900
908.659700
908.786600
908.799200
909.328300
909.355500
909.901000
910.107400
910.125700
910.915000
910.922900
911.417800
911.424800
911.442200
913.134700
913.471400
913.776500
913.785800
913.796200
913.809100
913.821000
913.831800
914.802300
915.619800
916.253700
916.707800
916.719100
917.633200
917.645700
918.959700
918.971900
918.979800
918.990900
919.010200
919.022900
919.356400
919.370000
919.609000
920.147500
920.155200
920.163400
920.676400
921.492800
921.629500
923.162300
923.187000
923.873100
923.885100
924.029900
924.491200
924.770400
924.781400
925.225000
925.248100
925.913500
925.931600
926.558200
927.276000
927.362300
927.559600
928.115000
929.139500
929.159000
929.805000
929.832900
930.210500
930.220700
930.240000
930.251200
932.652500
932.668600
932.785600
932.796500
933.417900
933.926800
934.356300
934.380100
934.581200
934.613700
934.918600
935.245700
935.277000
935.977800
935.987600
936.480400
936.493100
936.504200
936.711700
936.910600
937.237200
937.790800
937.803300
938.418900
938.440500
938.452400
938.467600
939.610500
939.715100
941.577100
941.610800
942.068900
942.076200
942.085100
942.093600
943.887900
944.636600
944.650500
944.853700
945.505100
946.500800
946.514600
946.530100
946.852300
946.862100
947.192400
948.041100
948.051200
949.328900
949.941700
951.098900
951.121700
951.679100
952.545200
953.556100
953.563700
954.162800
956.034000
956.519500
957.835900
957.855200
958.085500
958.098100
958.190600
958.783700
958.795800
959.128500
959.949500
959.959300
960.596200
961.868700
962.891700
963.250200
963.401000
963.849300
963.863000
964.767600
964.780000
965.323700
965.335500
965.348400
965.363500
965.375600
966.830100
966.849900
966.865900
967.497800
967.505400
967.515200
968.088400
968.095100
968.412700
968.428800
968.818600
969.593200
969.602800
970.371400
971.130100
971.139600
971.149200
971.359400
971.370000
971.622000
971.636400
973.890400
974.823700
974.833200
974.845400
974.858400
975.281100
975.731800
976.150700
977.859000
977.871500
977.885800
978.151900
978.161000
978.183300
981.671500
981.679100
982.553100
982.561600
983.274900
983.478000
984.761800
986.248900
986.271500
986.284200
988.453400
988.477900
989.103800
989.670400
990.981500
990.992500
991.007700
991.523100
991.543200
991.607800
991.629700
993.747500
993.759000
993.767400
993.775800
994.895800
994.907100
996.444200
996.466600
996.703800
996.707100
996.710100
996.713000
996.715800
996.718500
996.721300
996.724200
996.726900
996.729800
996.732600
996.735600
996.738600
996.741600
996.744600
996.747700
996.750000
996.754200
996.757700
996.761400
996.765200
996.769300
996.773900
996.778400
996.783000
996.787600
996.792800
996.798900
996.804200
996.810800
996.819300
996.834000
996.859000
997.106800
997.417100
997.512100
997.720000
997.730100
997.740500
997.814200
998.102500
998.111700
998.127700
998.135700
998.142200
998.433400
998.445100
998.648400
998.656600
999.349600
999.792200
999.799400
999.974800
1000.330100
1000.572200
1001.718900
1001.737200
1001.759000
1002.043700
1002.053000
1002.947100
1002.966200
1002.990600
1003.761500
1005.053600
1005.061400
1005.074900
1005.104200
1005.480600
1005.486700
1006.222200
1007.013200
1007.025800
1007.395200
1008.005200
1008.014800
1008.026400
1008.037000
1008.270300
1008.287900
1010.177800
1010.186400
1012.471800
1012.480200
1012.505700
1012.514000
1012.530700
1013.537900
1014.585400
1014.852800
1015.753400
1017.158900
1017.784500
1018.353100
1018.929600
1019.333400
1019.658800
1020.301400
1021.597000
1021.607400
1021.713800
1022.138700
1022.771400
1022.783500
1024.362300
1024.373000
1024.383900
1024.414100
1024.428300
1025.205700
1025.216700
1025.755800
1025.770500
1026.459900
1026.807800
1027.289500
1027.556500
1028.066500
1028.078800
1029.964700
1029.981600
1030.126500
1030.456200
1030.476400
1030.958200
1031.111400
1032.009100
1032.020000
1032.475400
1032.494600
1032.510400
1032.880500
1033.158800
1033.748400
1034.684600
1035.763600
1035.772300
1035.795700
1036.071700
1036.083000
1036.096700
1036.106200
1037.492700
1037.517100
1038.170300
1038.297300
1038.306800
1038.684400
1040.287500
1040.300500
1040.308800
1040.324700
1040.337200
1041.026100
1041.051500
1041.480500
1041.510300
1042.841000
1042.856100
1043.905700
1045.974200
1045.987500
1046.002000
1046.743700
1046.752900
1046.768600
1046.780400
1047.592800
1048.214400
1048.227400
1048.490300
1050.185500
1050.240600
1051.503100
1051.525300
1052.417900
1053.556900
1053.567200
1053.820600
1054.935900
1056.006900
1056.017300
1056.031300
1056.045600
1057.322900
1058.141800
1058.152400
1058.164500
1058.743000
1058.760300
1060.455300
1060.478100
1061.664100
1062.112900
1064.087200
1064.102200
1066.101600
1066.117100
1066.779700
1067.445900
1067.458500
1067.467700
1067.477200
1067.869900
1067.884700
1067.898500
1069.720000
1069.731500
1070.074500
1070.087100
1070.105600
1071.517700
1071.535100
1071.811700
1072.703700
1072.724900
1073.176800
1073.186400
1075.263200
1075.279400
1076.285500
1079.230600
1079.239400
1079.263700
1079.274800
1079.736400
1079.763300
1081.109900
1081.130500
1081.464600
1083.761900
1083.775100
1083.791100
1084.298300
1084.693700
1085.272900
1085.285700
1086.911700
