spike times
0.855400
5.462300
5.491600
6.776500
8.134900
10.285200
13.679100
17.077600
17.993100
18.007000
23.468300
24.094300
24.130500
30.053100
30.057300
30.061100
30.065100
30.069100
30.073300
30.077800
30.082400
30.087600
30.092400
30.098400
30.104200
30.110200
30.117100
30.122900
30.129500
30.138300
30.145700
30.156300
30.165100
30.172600
30.181600
30.190100
30.199700
30.209900
30.221600
30.229200
30.238400
30.252800
30.260600
30.274500
30.286600
30.296600
30.325800
30.339300
30.352900
30.365300
30.378900
30.394400
30.422400
30.437600
30.450300
30.477000
30.489800
30.512500
30.540500
30.559200
30.575000
30.599900
30.611900
30.634400
30.708400
30.717700
30.729900
30.747600
30.764500
30.776000
30.793900
30.815400
30.834400
30.852900
30.891800
30.945300
30.962700
30.982900
30.994900
31.060800
31.070300
31.083900
31.094800
31.121300
31.136500
31.160800
31.171200
31.204500
31.225400
31.276100
31.316900
31.328900
31.340800
31.352200
31.364800
31.398800
31.427200
31.438200
31.449300
31.501800
31.519500
31.554900
31.564200
31.604400
31.613000
31.630700
31.652300
31.661400
31.696500
31.717600
31.757100
31.781200
31.797400
31.886500
31.905800
31.919700
31.935700
31.968200
31.980300
32.810000
32.818000
32.832500
32.845300
33.269700
34.705900
35.267500
35.988000
37.831600
37.847100
40.053900
42.402100
43.202300
48.671700
52.044400
54.677100
55.792200
55.810700
56.005800
59.550700
59.566900
59.813400
65.376800
68.084800
69.852700
73.446000
74.566700
79.052600
79.099500
80.489500
80.501900
81.896400
83.914400
87.518600
89.892500
90.601100
92.487800
100.078400
103.414900
105.330200
112.293300
113.467700
128.570100
128.600000
130.442800
132.355500
137.577000
137.593000
137.622400
138.435900
140.650900
146.924800
148.417100
150.384800
152.045700
152.049200
152.052700
152.056600
152.060100
152.063900
152.067800
152.071900
152.076700
152.083100
152.089000
152.096800
152.108100
152.120400
152.133600
163.641100
163.659600
165.042400
170.204000
170.268300
173.674700
181.985800
184.015500
193.131700
193.146900
193.166900
193.189200
193.652400
195.718700
196.775800
197.265500
197.778100
198.222100
198.949000
203.510400
204.055700
206.018800
207.756400
210.394200
210.800600
211.384200
213.370700
214.696300
214.937600
214.978400
215.474700
215.957300
218.709400
218.733800
221.287400
221.295700
221.324000
222.244800
229.852800
232.273500
232.790600
235.757700
235.942800
237.673900
237.686600
237.702200
239.212100
240.784900
241.132600
241.673000
243.193100
246.423200
255.186900
264.280500
264.332500
270.047600
270.249300
270.474900
272.071100
272.075500
272.079200
272.082900
272.086700
272.090700
272.095100
272.099500
272.104100
272.108300
272.113400
272.118700
272.125100
272.130700
272.139700
272.146800
272.154000
272.161200
272.169100
272.176700
272.186400
272.195100
272.206500
272.215300
272.226100
272.241600
272.250600
272.261300
273.427300
273.635700
273.764800
275.053100
278.057300
279.172000
282.621500
282.978200
283.203400
284.377000
286.833900
286.843500
286.859100
286.872000
286.887800
287.039800
287.219100
287.239300
288.286100
290.010500
293.991100
295.176000
295.608900
299.397300
301.376600
303.864700
303.881100
304.495700
306.083800
307.789200
315.791600
318.510300
326.189600
326.813500
336.526500
338.306900
341.742100
344.869800
348.522800
354.578100
354.598600
357.483200
357.504800
364.123400
365.610100
365.641600
367.986600
368.013900
369.251800
369.609300
390.736600
392.279100
392.284100
392.288400
392.292500
392.296800
392.301100
392.305600
392.310400
392.315300
392.320900
392.327500
392.335100
392.342600
392.354600
392.366000
392.376800
392.384800
392.398600
392.410500
392.419700
392.431400
392.442100
392.453200
392.468900
392.489800
392.502400
392.534100
392.570600
392.578100
392.589900
392.624600
392.635900
392.666900
392.723500
392.776300
392.787100
392.803300
392.813600
392.877300
392.974700
392.997700
393.117300
393.169400
393.180100
393.194400
393.202700
393.246000
393.257900
393.324400
393.419200
393.503500
393.528000
393.551700
393.659600
393.671400
393.778200
393.788900
393.798700
393.980900
394.008100
394.038400
394.072600
394.084500
394.205700
394.862600
395.937400
396.832800
397.174200
397.414000
398.534500
398.936200
399.037600
399.222000
399.676400
401.872100
404.873000
404.888300
408.193100
408.477300
409.137700
409.937100
412.013200
412.031900
412.054200
412.169600
414.739000
419.913700
421.260400
427.023900
430.664100
432.689400
433.303800
433.325600
436.669100
439.344400
445.719900
450.180400
455.005600
457.848000
462.637700
471.244800
477.305400
478.812300
478.829000
482.859000
485.198600
485.554200
488.078300
490.983100
493.254800
495.806700
498.114700
498.340400
508.407200
511.736400
513.067300
514.279900
514.284700
514.289400
514.293800
514.298400
514.303100
514.309600
514.316500
514.326400
514.338300
516.456400
516.479300
516.821400
518.060700
518.089600
519.594500
521.413100
521.435900
523.762600
523.806800
523.821100
525.929600
525.943700
525.969600
529.810900
530.101700
532.866300
536.391900
541.945400
541.973400
548.252400
549.342600
550.463200
551.969000
554.787900
559.497600
559.519300
561.784700
562.828300
563.252200
566.412700
568.418200
575.927400
575.969400
576.131500
581.925000
583.715800
584.799900
590.632800
590.655800
594.267500
596.765100
598.423600
602.356200
610.659300
616.155500
617.702300
625.373000
626.172100
626.207300
630.070800
633.193100
634.306500
634.311600
634.316400
634.322200
634.327400
634.333400
634.338500
634.344200
634.351400
634.358300
634.367100
634.381600
634.393200
634.403700
634.413400
634.435300
634.470200
634.478700
634.487500
634.502200
634.895200
635.503200
637.723800
642.119000
646.807500
650.442500
651.525800
655.087200
655.139900
659.763900
660.204700
662.137200
662.556200
665.836100
668.984300
669.303500
671.919400
672.330200
673.381600
677.705600
684.288500
684.306100
686.884300
686.907500
689.240400
696.697900
701.237700
701.271300
704.859800
704.886500
704.925600
705.917800
706.688800
706.937000
717.252900
717.271300
717.819200
722.000400
723.801400
725.369300
729.358400
729.897200
738.151300
738.804000
741.411400
747.508500
751.757900
754.075900
754.507600
754.511600
754.515200
754.518700
754.522400
754.526300
754.529800
754.533600
754.537900
754.542400
754.546900
754.551800
754.556700
754.562600
754.568500
754.574000
754.581000
754.589500
754.596100
754.604200
754.611800
754.618900
754.629100
754.637600
754.647500
754.655500
754.664700
754.676000
754.688500
754.701400
754.716100
754.732500
754.740000
754.748300
754.772700
754.786600
754.803000
754.814000
754.829700
754.848000
754.885300
754.894900
754.904300
754.919200
754.932000
754.953800
754.971400
754.992500
755.004400
755.038200
755.051000
755.069200
755.108700
755.124500
755.136100
755.173100
755.184000
755.202100
755.232100
755.256200
755.265800
755.281500
755.289100
755.298500
755.337900
755.362800
755.376000
755.412000
755.442100
755.468000
755.483000
755.494900
755.510900
755.533100
755.568900
755.599300
755.615400
755.646400
755.666300
755.678100
755.691300
755.744700
755.754700
755.808100
755.820200
755.832700
755.850800
755.865100
755.916400
755.928000
755.953900
755.963800
756.000300
756.019300
756.065800
756.096000
756.108600
756.120900
756.145200
756.184300
756.208300
756.224000
756.238100
756.276900
756.288500
756.327000
756.336500
756.384300
756.398100
756.439600
756.451300
756.498200
757.191700
757.199400
757.331400
757.626200
757.750600
757.762400
757.847200
757.877500
757.928300
758.119800
758.135400
758.570000
758.843100
758.861300
758.906500
758.920200
759.025100
759.126600
759.136800
759.149200
759.233300
759.269300
759.279900
759.365500
759.622300
759.783200
759.805100
759.949300
760.265100
760.697500
760.710600
760.730600
761.009400
761.024800
761.250100
761.261000
761.271100
761.290200
761.565400
761.746500
761.909200
762.039600
762.944800
763.065500
763.077900
763.282700
763.435900
763.737800
764.099300
764.114100
764.152300
764.473200
764.873500
765.221300
765.811700
766.031600
766.045000
766.211100
766.222100
766.248300
766.613600
766.625500
766.912300
767.034500
767.704200
767.712900
767.780600
768.199700
768.581600
768.636900
769.143800
769.153500
769.749900
769.768500
770.041000
770.670200
770.694900
770.730800
771.769500
771.961500
771.974800
772.017900
772.971500
773.004900
773.306700
773.359100
773.611600
773.876600
773.893500
773.908400
774.259700
774.408300
774.629400
775.028400
776.021700
776.352800
776.376400
776.578900
777.191000
777.494500
777.902900
778.249600
778.285100
779.233100
779.721600
780.049400
780.334400
780.642900
781.063100
781.297800
781.522300
782.359300
782.608000
783.375700
783.389800
783.399000
783.408900
784.087500
784.440000
784.675500
784.720300
785.119900
786.494900
786.823300
787.059600
787.323200
787.339200
788.518300
788.547700
788.563300
789.850300
789.880900
790.384600
790.807400
790.817200
790.827800
790.840400
791.423800
791.834800
791.852100
791.873700
792.271400
792.668200
793.557800
794.719600
794.958600
795.231600
795.477100
795.608200
796.316300
796.335200
796.350900
796.908700
797.130800
797.633900
798.255500
799.487800
799.507400
799.942600
799.952800
799.964200
799.978600
799.997200
800.909300
801.138100
801.165300
801.176600
801.782800
801.806900
802.307600
803.472300
804.380000
804.651300
805.070500
805.108300
805.637700
806.683100
806.805600
806.815300
806.828600
808.652100
808.663500
809.478300
809.882400
810.294100
810.641900
811.092300
812.024300
812.180100
813.611000
813.623100
813.642200
814.434200
815.253200
815.562000
816.085400
816.095200
816.636800
816.776500
816.842100
817.014000
817.933000
818.097600
818.981800
819.720900
819.740800
820.282100
820.359200
820.532000
820.763800
820.786100
821.559000
821.740700
821.979000
822.090900
822.455600
822.668100
824.164700
824.418700
824.918900
825.436000
825.944200
827.263000
827.298500
827.315300
827.326000
828.086200
828.456200
828.481600
828.788100
829.060700
829.457100
829.494200
830.294300
831.226100
831.921700
834.086700
834.223700
834.241000
835.733400
837.147900
837.178400
837.398600
837.423400
837.744200
838.211900
838.654800
838.795100
841.364900
841.400500
841.424400
842.884400
842.905500
842.972200
843.004300
843.029700
843.419800
843.460600
843.754300
843.799000
844.523000
846.194300
847.786200
848.174800
848.190000
848.205000
851.496400
851.527700
851.680800
851.692400
852.114400
852.511500
853.994400
854.014800
854.629500
855.404800
855.508200
855.551700
856.374800
856.424200
857.269000
857.573700
858.791500
858.842200
858.942700
859.429400
859.482900
859.624700
861.061100
861.085900
863.087600
863.678700
865.386400
865.396700
865.410400
865.422900
865.439600
865.463800
865.808500
866.593100
866.617900
866.632900
867.413800
867.664900
867.683200
868.627300
868.648200
869.640500
870.516000
870.925400
871.928800
873.314400
873.338600
873.920300
874.154500
876.507800
876.511100
876.514400
876.517600
876.520600
876.523600
876.526900
876.530100
876.533600
876.537100
876.541000
876.545000
876.549500
876.554500
876.559900
876.565800
876.571300
876.578700
876.586600
876.598000
876.611700
876.621700
877.423900
877.665700
878.052900
878.072000
878.565500
879.945700
880.011100
880.804500
880.986100
881.553900
881.571300
881.869200
881.878900
882.708300
882.720100
883.213000
883.847300
883.874700
883.884200
884.679700
885.451300
885.539200
885.793000
885.834200
888.925700
889.150700
890.379500
890.473300
890.554100
891.953400
893.502100
893.515600
893.551300
893.563600
894.330400
894.490100
894.634000
895.871900
896.437500
897.278500
897.537800
897.727600
899.628300
899.654700
899.678300
899.692200
900.204700
900.219500
901.152600
902.881100
903.133700
903.148800
903.159900
903.407600
904.340800
905.583500
905.595800
909.664300
910.139600
911.278300
911.567800
911.585900
911.657900
911.901500
911.920800
913.968200
913.989400
915.568400
916.915700
917.931700
918.314800
918.334400
920.198000
928.012700
928.308000
928.797700
928.826900
929.447400
929.850400
929.866200
930.045500
931.797800
932.705200
933.042400
933.150000
933.830600
935.578500
936.745600
936.780900
937.118100
937.325000
940.854400
941.253800
941.304800
941.790100
943.135900
944.156300
944.187700
944.212500
944.546900
946.448200
946.705700
949.474700
951.393600
951.894800
952.176500
952.198300
952.331300
955.877400
956.592100
957.513900
957.798700
958.846600
958.861200
958.881800
958.898400
959.213400
961.187400
962.044600
962.944100
963.866500
966.001200
967.449400
967.464200
968.378600
969.479800
969.929100
969.949000
970.982200
971.009300
971.125600
971.601400
971.871700
973.028900
973.815000
973.833200
974.246600
974.272400
975.774100
975.966500
976.911700
977.714000
977.733600
978.770300
980.460600
982.658800
983.592000
983.600900
983.610900
983.630400
984.759000
984.775700
985.741400
985.758100
986.535900
986.559700
991.664300
994.024500
994.427100
994.439900
994.451100
996.533600
996.537100
996.540300
996.543500
996.546600
996.549900
996.553300
996.556800
996.560100
996.563700
996.567400
996.571200
996.575000
996.579000
996.583900
996.588100
996.592400
996.597600
996.603100
996.608900
996.614000
996.621200
996.627700
996.635200
996.642500
996.650000
996.657600
996.667400
996.676300
996.684200
996.691900
996.703900
996.715300
996.723000
996.729800
996.759300
997.265100
997.278800
997.689000
997.863800
997.998500
998.206600
998.228700
999.020900
999.044000
999.077700
999.495300
999.510700
1000.045400
1000.570900
1001.892300
1002.958700
1002.982500
1003.282700
1003.682000
1004.283300
1004.670900
1005.426000
1005.439800
1005.451600
1006.061400
1006.197800
1006.429400
1006.982600
1007.034600
1007.914200
1007.931500
1008.720600
1009.528500
1009.579900
1011.063000
1011.098500
1011.590600
1011.694800
1011.722700
1012.178700
1012.677800
1016.114500
1016.717700
1017.943700
1017.954400
1018.630500
1019.942700
1020.242500
1020.470200
1020.687600
1021.508900
1023.139400
1024.145300
1024.182100
1024.673000
1025.940700
1026.398500
1026.712800
1027.868700
1028.859400
1031.188700
1031.233100
1032.855600
1033.063800
1033.705200
1034.862200
1037.555000
1038.037000
1039.358600
1041.719600
1046.493700
1047.155800
1047.188000
1049.075400
1050.238800
1050.258500
1054.492800
1054.820800
1054.842600
1055.011900
1057.755800
1059.322500
1060.144100
1060.675500
1061.687000
1061.700300
1061.715400
1062.423100
1066.130100
1066.138500
1066.147200
1067.635800
1067.652700
1068.396100
1069.929900
1072.552900
1072.575100
1074.550100
1074.672700
1079.084600
1080.376800
1081.686900
1081.708600
1082.000400
1083.719900
1083.732700
1083.772000
1086.131200
1086.179400
