spike times
3.445300
3.527100
3.539100
3.603200
6.876200
6.886500
6.924100
10.139700
10.174700
10.193700
10.594600
10.622900
10.723500
11.209100
11.220500
11.232300
12.300400
12.330200
12.339700
12.876100
12.972400
13.023000
13.117600
13.383100
13.403200
13.623600
13.639800
13.684700
14.115400
14.141400
14.172000
14.185600
14.390000
14.406300
18.101200
18.116200
18.127600
18.140500
18.172900
18.186600
18.686800
18.704200
18.723400
18.761700
20.805000
20.815700
20.826000
20.833200
20.843000
20.857700
20.874000
20.888200
21.620300
21.634100
21.657800
22.579600
22.591100
22.600500
22.617000
23.176500
23.186900
23.812300
25.387400
25.472800
26.346400
26.366200
26.440900
27.096500
27.122000
27.325300
27.604000
27.770900
30.077200
30.092700
30.100300
30.107800
30.113800
30.124900
30.140600
30.167400
30.184700
30.194400
30.415600
30.430600
30.552600
30.571400
30.647900
30.780900
30.793800
30.841400
30.851700
30.862000
31.073600
31.091800
31.176900
31.189500
31.198900
31.230300
31.248800
31.306700
31.337500
31.367200
31.540200
31.864500
31.874300
31.886200
32.071800
32.096000
32.247100
34.185700
34.236200
34.476800
34.494900
34.531500
35.320700
35.386600
35.402900
35.416400
35.677500
36.353600
39.265100
39.291400
39.312900
39.327000
39.362700
41.022100
41.261700
41.282300
41.295000
41.380200
42.048400
42.062300
43.216400
44.344900
44.379000
44.577300
44.604300
44.642700
44.684200
45.921100
45.944300
45.961100
45.971100
46.080500
46.091900
46.154400
46.796600
46.810000
46.844000
47.683400
48.953800
50.906400
51.689500
51.710500
51.780200
51.793500
52.616300
52.630500
55.212800
55.224400
55.249800
55.270000
55.330700
56.212100
59.164200
60.143600
60.157800
60.174000
60.199900
60.209900
61.057400
61.439800
61.457100
61.487100
61.663200
66.543700
66.558000
69.346500
69.761500
72.501000
73.333300
75.703600
75.746800
76.924100
76.951900
76.961900
76.981300
78.595800
79.525600
81.238000
81.267800
81.282800
81.370400
81.648700
85.622500
86.321800
86.349600
86.364700
86.389500
86.415800
88.224600
88.285600
93.196700
93.217500
93.233800
93.332200
93.485600
95.217000
95.699600
96.574600
96.588700
97.189000
97.203800
97.230300
97.249900
97.276400
97.400000
97.546200
97.647200
99.311800
99.336000
99.356800
99.375000
99.406700
99.424100
101.857600
111.994500
112.043800
113.842600
113.917600
114.704600
114.827800
118.896600
119.974500
120.002700
120.075300
120.982100
120.999500
121.042300
122.395300
122.739200
122.754400
122.934000
123.019000
123.608700
123.630800
123.655200
125.956100
129.634500
129.655000
129.725300
130.856000
130.873300
130.891900
130.931800
134.206800
134.231100
134.311500
134.327900
138.012000
138.025100
138.056800
138.069200
139.377300
139.423900
139.489500
139.587100
143.208400
144.229400
144.251400
145.761800
145.775100
145.817500
145.838000
158.626000
158.682700
158.848000
158.862600
158.884100
162.525000
162.539300
162.825000
165.116000
166.008700
166.041800
169.849800
169.871700
169.893600
169.906700
169.979000
170.017800
170.205600
170.269500
171.007200
171.064500
171.347500
171.373500
177.325600
177.756800
177.771600
177.783400
177.806100
190.076300
190.116900
191.043800
191.503400
191.561700
191.584400
191.859100
191.875000
192.024900
192.088100
197.971300
199.354900
199.424600
200.508000
200.519700
200.571000
205.447600
205.496200
208.829700
208.845800
208.883400
210.347800
210.357700
210.369200
210.389300
210.432400
210.805100
211.605500
211.615700
211.662100
212.845100
212.861000
212.968500
213.621900
213.636600
217.499600
217.597400
217.682100
218.024100
219.122200
220.808700
229.741400
230.043000
230.060100
232.119900
232.486200
232.510800
234.905900
234.951800
234.966900
235.020200
239.067300
239.333900
239.346800
239.365000
239.388300
239.397700
239.408200
239.464200
240.326400
240.351000
240.866400
243.254800
243.267100
244.016500
244.429400
244.447800
244.467700
244.482100
244.515200
246.298900
249.688900
249.704100
249.796500
249.826800
250.210100
254.235000
254.275100
254.299100
254.721600
254.741000
254.757100
254.773300
256.319700
256.333800
256.360700
256.375800
259.873700
259.904200
259.946700
260.664400
260.682600
260.914000
260.931200
261.644700
261.865100
262.845400
262.855300
262.872400
262.891600
262.913400
267.878100
267.894000
267.921800
267.937100
267.951300
270.117700
270.132400
270.151700
270.172100
270.391700
272.094200
272.104900
272.117100
272.126100
272.211200
272.219900
272.228900
272.237400
272.244200
272.255000
272.267600
275.496400
275.537200
275.550000
282.056100
282.069600
282.091400
282.228600
285.523000
285.543700
286.207100
286.224100
286.245200
286.272200
286.293400
286.371200
286.733100
286.746000
286.802400
288.156200
288.174300
288.196400
291.394600
291.583500
296.458600
296.488200
296.540900
296.743600
296.788300
296.810500
296.900500
302.382700
302.396500
302.419800
302.445200
305.008600
305.028100
305.058200
305.103000
305.134500
305.668400
305.680600
309.200100
309.233000
310.893900
310.912700
311.187800
311.212700
311.250700
311.818600
311.842900
312.021700
312.067400
315.540500
315.568500
315.588600
