spike times
0.856200
1.511800
1.539400
2.200400
2.907200
3.193000
4.924400
5.928200
9.279500
9.541000
9.651700
10.363500
11.829500
13.546400
13.566900
13.707400
13.723500
14.236400
14.767200
14.850500
16.430600
16.706200
16.728000
17.602700
18.444900
18.897600
22.146200
22.750200
22.944800
23.243000
23.875700
24.795900
24.828500
27.260600
27.273200
29.860900
30.054100
30.059600
30.065400
30.070400
30.074900
30.079200
30.084200
30.090400
30.095400
30.101100
30.105900
30.111900
30.117300
30.124100
30.135900
30.145800
30.156600
30.181200
30.188000
30.200700
30.215300
30.409700
30.837600
31.446400
33.424000
33.945000
34.149300
34.182400
36.623400
36.633500
36.985800
37.634600
39.542900
40.741100
40.871600
41.892800
42.361500
42.659900
43.498100
43.551500
46.532300
46.556600
46.576600
49.260000
49.363700
51.823200
51.837700
51.891600
55.750300
55.978100
56.231300
58.343400
58.423900
58.450600
58.858100
59.775100
59.792500
61.476800
63.059200
65.685400
66.821500
66.853400
67.753600
67.895500
68.268900
69.603200
70.171500
71.668500
72.448800
76.004900
76.023700
76.036500
76.401500
76.413000
76.452000
76.685800
77.518300
78.896400
79.261900
80.248200
80.776200
84.095500
85.014300
85.142800
87.300100
91.679500
92.548100
92.567100
93.562000
93.699300
95.722500
96.013800
96.709700
96.733400
98.357100
98.376900
99.681900
101.366000
104.427900
104.732900
104.756000
105.583400
105.591900
105.613200
106.474200
106.646000
109.557800
109.570500
109.588400
115.347100
115.361600
115.380000
115.391000
115.613400
115.641700
118.187000
119.122800
120.963500
121.673500
122.342800
125.119300
125.130900
125.466800
126.577900
130.860500
130.869800
130.886400
130.897800
131.059700
131.241900
131.860400
137.111800
138.195100
138.281400
139.151200
139.347500
139.627700
141.593500
143.684100
146.152900
149.376000
149.387900
149.509000
150.254300
150.260200
150.264900
150.269200
150.273600
150.277800
150.282600
150.287600
150.291900
150.297300
150.302700
150.309900
150.316600
150.322400
150.329000
150.336500
150.344900
150.365300
150.375400
150.396000
150.405900
150.445700
150.457900
150.507100
150.531800
150.569100
150.577200
150.588500
150.635000
150.683200
150.704200
150.725900
150.805800
150.868100
150.881500
150.926900
150.964300
150.997900
151.167900
151.180600
151.201200
151.237600
151.246300
151.261700
151.298700
151.329800
151.406800
151.416600
151.462600
151.478600
151.490100
151.547900
151.717700
151.725100
151.742100
151.785100
151.794300
151.810100
151.899500
151.908000
151.974200
152.043900
152.054600
152.089100
152.130800
152.272100
152.582800
152.772600
153.146100
153.339200
153.352900
153.363000
153.375900
154.068700
154.484300
154.786100
154.798300
154.988600
155.388900
155.517100
155.852000
155.943800
156.748600
156.762400
156.785100
156.890900
157.063700
157.457700
157.471900
158.066700
158.135500
158.200800
158.221300
158.331000
159.965900
160.070200
160.650400
160.678700
160.698800
160.789500
160.808500
161.732000
162.218600
164.279600
165.516400
165.686100
165.697400
165.707500
165.920800
166.198600
166.720800
167.074200
167.454900
167.474000
168.519500
170.468200
170.615400
171.033000
171.078900
171.822000
172.030600
172.520600
173.170400
174.067400
174.111800
174.125100
174.591500
175.444300
176.103100
176.228700
176.273300
177.372200
178.350200
179.991300
181.005000
181.452500
181.464000
182.981500
183.422900
184.329700
185.054500
185.439700
186.285700
187.206300
187.304300
187.315000
187.334700
187.349600
188.111300
189.871200
190.157300
190.982100
191.143800
191.534300
192.953400
194.648300
196.584000
197.987400
200.143600
200.475500
200.818200
200.830300
201.817100
202.433200
203.610800
204.139200
204.150600
204.165600
204.203200
204.346600
204.689100
204.706500
204.916600
205.657000
207.038600
207.073200
208.391100
209.489500
210.699200
215.814400
216.865400
218.494800
219.269600
219.582200
220.282800
221.825200
222.856200
223.101600
223.132900
225.167000
226.621800
227.038500
228.291600
228.655100
228.666700
228.785300
228.949800
229.421400
229.841300
230.063100
231.939600
231.953900
231.981700
232.844100
233.346900
234.077600
235.564000
235.579800
236.768400
236.782800
237.165500
239.818200
240.606800
240.621700
243.358000
243.872300
245.111500
245.357600
248.069200
250.541100
250.567600
250.683300
250.846600
250.967600
252.172000
253.985300
255.509200
256.720800
257.295900
259.289900
259.887900
260.491000
261.847700
262.091200
263.001400
263.845400
263.866300
263.899700
265.740600
266.436800
267.011500
268.218900
268.523200
271.449100
271.475200
271.941700
272.248200
272.254200
272.259000
272.263500
272.268000
272.272100
272.276200
272.280400
272.285500
272.290500
272.296100
272.302800
272.311500
272.325800
272.437900
272.622200
272.829200
273.604100
274.214200
274.423000
275.232500
276.090600
276.127600
277.226700
277.932700
278.133100
278.282700
279.091900
280.411800
280.969000
281.593300
281.856000
282.326500
284.628900
285.537400
286.388000
287.277200
287.925500
289.002500
289.912900
290.982100
291.030400
295.123100
295.313500
295.504100
295.609400
298.683800
303.864600
304.207200
305.396100
305.757500
306.756600
306.786300
309.615200
311.143100
312.782100
312.824100
313.301800
313.645100
315.268100
316.468300
316.803300
319.599100
320.123200
321.816500
321.861800
322.990000
325.918800
326.960900
327.055900
327.934600
328.037900
330.193500
331.704200
335.339200
336.435100
337.490700
337.872600
342.681900
342.719000
343.129000
344.069000
344.450800
344.908600
345.209400
347.031900
352.125600
354.037500
354.047600
356.984900
357.000300
357.276000
357.613100
360.195100
360.212800
360.250000
361.838000
362.986800
363.213900
363.498000
364.174300
365.474800
365.492100
365.499300
365.509200
366.464200
367.018200
367.698100
370.855000
373.026700
373.050900
374.180000
374.212500
376.138300
380.211600
380.243000
381.324900
